0	1	1
0	2	1
0	3	3
4	0	2
5	0	2
6	0	1
8	0	3
9	0	1
10	0	3
0	13	1
0	18	2
23	0	3
0	24	1
0	26	2
0	27	2
0	28	2
32	0	2
0	34	3
35	0	1
0	37	2
0	41	3
48	0	1
53	0	2
55	0	3
57	0	1
61	0	3
0	71	1
0	90	2
107	0	3
0	111	2
0	112	2
0	131	2
0	161	2
165	0	3
2	1	1
1	3	3
1	4	2
5	1	2
7	1	1
9	1	1
10	1	2
1	11	1
14	1	3
1	16	1
1	21	3
23	1	2
1	33	3
1	56	2
1	68	2
97	1	3
105	1	1
1	109	1
131	1	3
1	148	1
1	151	3
153	1	1
187	1	2
3	2	1
2	5	3
6	2	3
2	9	1
11	2	3
2	12	2
2	14	2
2	15	1
2	17	1
2	18	3
2	19	3
2	21	2
23	2	3
2	27	2
2	28	3
30	2	3
31	2	3
2	32	3
2	36	3
2	39	1
55	2	1
2	59	3
2	76	1
78	2	2
2	84	2
85	2	2
86	2	2
2	111	2
118	2	3
122	2	3
127	2	2
140	2	3
148	2	1
166	2	3
172	2	1
2	173	3
178	2	2
2	185	3
3	4	3
12	3	1
3	18	1
3	22	3
3	45	1
3	47	2
49	3	2
56	3	2
3	83	2
3	94	3
99	3	1
3	110	1
114	3	1
3	166	2
195	3	2
4	6	1
4	7	2
4	16	3
20	4	1
4	26	3
4	38	2
4	45	1
81	4	1
4	84	1
4	86	2
4	99	2
4	107	3
4	118	2
4	164	1
4	176	1
5	8	2
43	5	3
5	50	2
53	5	1
5	65	1
5	101	2
5	105	3
132	5	2
188	5	2
6	7	3
11	6	3
6	12	1
13	6	2
19	6	1
46	6	3
96	6	2
6	114	2
145	6	1
198	6	3
8	7	3
7	14	3
20	7	2
7	26	2
36	7	3
67	7	3
92	7	1
98	7	1
105	7	2
106	7	2
7	112	1
128	7	2
7	155	1
164	7	3
168	7	3
199	7	1
10	8	3
13	8	1
8	17	3
25	8	3
29	8	2
36	8	1
8	40	3
43	8	3
8	48	1
8	49	2
8	50	3
53	8	2
54	8	2
8	60	1
8	62	2
8	65	3
67	8	3
8	70	3
71	8	1
8	75	3
8	88	2
8	91	2
115	8	1
8	116	1
8	124	1
8	125	3
126	8	2
151	8	2
8	173	3
8	189	1
8	193	3
15	9	2
9	49	1
9	50	3
9	69	3
91	9	2
9	92	3
149	9	1
191	9	2
24	10	1
25	10	1
10	31	1
10	37	2
10	63	1
77	10	2
10	78	1
10	81	2
89	10	2
10	93	2
104	10	2
10	109	3
134	10	1
139	10	2
149	10	2
10	154	1
169	10	1
170	10	2
10	172	3
78	11	3
11	79	3
11	192	1
17	12	1
12	19	3
12	25	1
27	12	2
12	52	3
67	12	1
76	12	3
79	12	2
12	80	1
12	90	2
91	12	1
98	12	1
104	12	3
12	136	1
12	148	2
12	166	1
12	176	2
12	195	3
12	197	2
12	199	3
16	13	3
13	20	1
13	33	1
42	13	2
46	13	3
47	13	1
56	13	1
13	68	1
13	71	1
13	80	3
85	13	2
13	100	1
129	13	1
13	130	2
13	140	3
13	147	3
13	179	2
13	194	1
15	14	1
24	14	1
14	30	1
40	14	1
14	58	1
102	14	3
15	52	1
15	135	2
15	191	2
44	16	1
16	45	2
70	16	2
90	16	2
95	16	2
173	16	2
22	17	3
28	17	2
17	64	1
74	17	1
99	17	3
17	117	2
17	137	3
17	188	3
21	18	3
18	30	3
18	32	2
39	18	3
18	47	1
58	18	1
18	114	3
132	18	3
18	152	2
159	18	2
160	18	1
18	168	3
169	18	1
170	18	1
171	18	1
18	180	3
19	31	1
19	33	1
34	19	3
35	19	2
41	19	2
58	19	1
19	82	1
19	125	3
178	19	2
194	19	1
61	20	2
76	20	1
20	86	2
102	20	1
21	22	2
21	55	2
88	21	1
133	21	3
21	159	2
22	70	2
75	22	3
130	22	1
164	22	3
176	22	1
22	195	2
51	23	2
134	23	2
158	24	2
29	25	1
25	46	3
25	66	3
142	25	1
38	26	2
42	26	2
136	26	3
26	146	3
26	157	3
29	28	3
28	34	3
28	35	2
28	40	3
42	28	1
44	28	2
48	28	3
28	62	1
66	28	2
28	72	1
84	28	1
28	87	2
28	101	3
106	28	1
123	28	3
28	127	1
64	29	2
54	30	3
57	30	3
60	30	2
66	30	2
30	97	2
107	30	1
30	110	1
115	30	2
116	30	3
37	31	3
31	38	1
77	31	3
31	104	3
129	31	2
190	31	3
54	32	1
96	32	2
32	150	3
182	32	2
33	61	3
83	33	1
33	85	3
87	33	1
33	98	1
108	33	1
134	33	1
33	141	2
152	33	1
33	154	1
161	33	3
59	34	2
73	34	1
97	34	3
121	34	2
34	143	3
39	35	1
44	35	2
51	35	1
35	63	3
35	81	2
120	35	3
139	35	3
167	35	1
35	170	3
178	35	2
60	36	3
82	36	3
36	112	3
36	116	3
122	36	3
36	144	1
36	180	3
37	41	2
51	38	3
38	74	1
39	89	2
40	113	2
189	40	3
43	41	2
59	41	3
41	96	2
129	41	1
41	172	1
41	179	2
41	186	3
93	42	2
42	101	2
42	109	3
174	43	3
69	44	3
126	44	3
45	52	2
45	64	3
45	123	3
165	45	2
182	45	1
57	46	1
73	46	1
46	110	1
119	46	3
46	167	1
125	47	1
72	48	1
48	83	3
48	156	1
63	49	1
108	49	2
49	126	2
50	154	3
159	50	1
62	51	3
68	52	2
52	108	1
124	52	3
145	52	3
53	82	2
53	103	1
115	53	3
69	54	2
54	79	3
88	57	2
93	57	3
94	57	2
57	160	1
144	58	1
95	59	2
100	59	1
60	102	2
141	60	2
150	60	3
167	60	2
65	61	3
89	61	2
149	61	1
162	61	3
171	61	3
61	184	3
63	74	2
64	120	2
146	64	2
147	65	1
66	113	1
122	66	2
144	66	1
72	67	3
67	95	2
117	67	2
128	67	3
67	133	2
67	180	2
133	68	2
68	190	3
69	77	1
69	92	1
69	121	3
69	132	2
160	69	2
71	75	3
71	177	1
192	71	3
72	73	3
177	72	1
106	73	2
73	156	2
73	168	3
73	193	1
196	73	1
74	80	3
74	158	1
75	143	1
194	75	3
189	76	1
142	78	2
79	87	2
103	79	3
120	79	3
185	79	1
80	94	2
80	191	2
138	84	3
86	118	1
127	86	1
181	86	2
113	87	1
130	87	1
87	136	1
87	174	2
88	111	1
88	119	3
88	162	3
88	190	1
93	179	1
185	94	3
95	100	3
95	117	2
123	95	1
95	135	2
186	95	2
153	100	2
100	163	2
103	101	1
101	121	2
101	150	1
177	101	3
124	102	1
138	102	3
102	198	1
135	103	1
105	196	1
106	184	1
158	108	1
108	171	2
109	128	3
183	109	3
188	109	2
155	110	1
131	111	1
153	111	3
111	182	1
111	193	3
169	113	3
114	119	1
140	114	1
197	116	3
139	117	2
118	138	1
157	120	1
121	147	3
145	122	3
162	122	1
123	142	1
198	123	1
163	124	3
126	137	3
137	127	1
143	127	2
127	157	1
151	130	2
131	155	2
141	137	3
138	175	2
146	140	3
141	152	3
165	142	2
174	144	1
144	199	1
184	146	2
197	150	1
161	151	2
155	156	1
175	155	3
186	155	1
156	163	3
183	157	3
175	160	3
160	187	1
162	181	3
183	170	2
181	176	2
187	182	3
192	184	2
196	187	2
