0	1	1
0	2	1
3	0	1
0	4	1
5	0	3
0	6	1
9	0	1
10	0	1
0	12	1
15	0	2
0	18	3
0	26	3
31	0	2
33	0	2
34	0	2
0	35	1
43	0	1
46	0	1
0	47	2
49	0	1
54	0	1
0	56	3
0	58	1
64	0	3
66	0	3
0	67	3
68	0	3
0	69	1
74	0	2
82	0	1
0	85	3
96	0	3
0	98	2
0	99	3
100	0	3
0	117	1
0	125	2
0	150	2
0	155	2
158	0	1
170	0	2
0	171	2
175	0	1
0	180	1
0	183	1
0	185	1
192	0	3
1	2	3
3	1	1
5	1	2
6	1	3
1	7	3
8	1	2
1	15	1
1	16	3
1	18	1
20	1	1
1	25	1
29	1	2
1	32	1
48	1	1
1	50	1
52	1	1
1	62	3
71	1	1
1	82	3
87	1	3
1	105	2
1	110	2
1	112	3
1	121	2
1	127	3
1	132	2
133	1	1
159	1	1
160	1	2
1	164	2
176	1	3
1	179	1
191	1	1
3	2	2
2	4	2
2	6	2
7	2	1
2	8	3
10	2	3
11	2	1
12	2	3
13	2	2
17	2	3
2	21	2
22	2	2
2	24	2
28	2	2
30	2	1
2	33	3
35	2	3
37	2	3
38	2	1
39	2	1
43	2	3
2	55	1
59	2	3
62	2	3
2	67	2
2	69	3
2	70	2
81	2	2
83	2	1
87	2	2
2	88	3
2	92	2
2	96	1
118	2	2
136	2	2
2	147	3
2	151	3
154	2	3
2	168	3
179	2	1
2	180	3
2	182	1
3	4	1
5	3	1
8	3	1
11	3	3
14	3	3
3	17	1
19	3	2
20	3	1
21	3	3
24	3	1
29	3	1
32	3	3
3	37	3
49	3	2
59	3	1
70	3	1
3	71	2
89	3	3
3	91	2
98	3	2
3	119	1
3	127	1
128	3	1
3	138	1
145	3	3
153	3	1
3	175	1
7	4	3
4	23	3
40	4	2
46	4	2
4	56	2
4	60	2
70	4	2
74	4	3
4	76	2
78	4	2
138	4	3
154	4	2
171	4	1
5	11	3
30	5	1
5	32	2
5	42	1
53	5	1
64	5	1
5	65	2
5	106	3
131	5	2
135	5	3
5	164	3
169	5	3
6	28	1
40	6	1
47	6	2
6	57	3
79	6	2
6	128	2
6	141	1
171	6	3
181	6	2
7	9	3
10	7	2
7	17	2
18	7	2
7	26	2
7	28	2
29	7	1
7	30	3
7	34	2
7	35	2
48	7	2
7	59	3
66	7	1
7	78	1
84	7	3
90	7	3
7	91	2
95	7	3
110	7	3
7	124	2
7	152	2
168	7	1
7	170	3
183	7	3
7	188	2
194	7	1
7	195	2
9	8	3
16	8	2
8	22	2
8	27	1
46	8	1
47	8	3
8	63	1
8	80	3
8	89	2
90	8	2
97	8	2
110	8	3
123	8	1
124	8	2
8	126	1
133	8	1
8	134	3
151	8	1
9	13	2
14	9	2
21	9	3
9	48	3
54	9	3
9	57	1
9	96	1
140	9	1
9	143	3
9	198	1
10	12	2
13	10	3
10	14	1
10	19	1
26	10	1
34	10	1
10	38	3
42	10	3
10	52	3
54	10	2
55	10	2
10	65	2
10	66	2
68	10	3
10	73	3
10	79	2
10	80	3
81	10	1
10	88	2
10	90	2
93	10	2
106	10	2
111	10	1
126	10	3
128	10	1
10	144	1
159	10	3
10	177	1
11	15	3
11	20	1
11	51	3
11	86	2
16	12	2
12	37	3
12	41	2
12	43	3
109	12	2
145	12	3
160	12	2
33	14	1
36	14	3
40	14	1
14	52	1
14	67	1
14	69	3
14	147	1
173	14	1
14	178	1
193	14	2
25	15	1
31	15	1
15	44	1
50	15	3
15	55	2
86	15	3
107	15	3
122	15	2
15	150	2
153	15	2
19	16	2
36	16	1
94	16	2
140	16	1
23	17	1
53	17	2
17	101	3
17	120	2
132	17	2
142	17	3
157	17	3
18	24	1
27	18	2
71	18	1
83	18	1
18	133	3
18	185	2
19	22	1
23	19	1
19	31	3
19	41	1
44	19	2
19	57	1
19	63	2
83	19	3
89	19	3
19	99	1
111	19	2
19	119	1
19	120	1
19	121	3
19	135	1
19	149	3
19	155	1
19	162	3
19	165	3
20	117	2
20	173	3
185	20	2
21	25	1
21	197	3
22	45	3
22	61	1
65	22	3
72	22	1
123	22	1
22	134	1
22	139	2
165	22	3
178	22	2
22	186	3
22	187	1
188	22	2
38	23	2
23	58	1
23	74	3
86	23	2
103	23	1
23	113	3
23	122	2
23	142	3
27	24	2
24	36	2
78	24	3
24	94	3
24	130	3
25	75	2
111	25	1
114	25	2
116	25	1
156	25	3
183	25	3
26	76	3
26	85	1
26	100	2
27	39	2
58	27	3
27	92	2
105	27	2
143	27	3
27	176	1
63	28	1
102	28	3
28	162	1
28	177	1
29	116	3
29	172	1
30	44	3
30	88	1
30	118	2
30	182	2
93	31	1
32	41	1
32	45	2
32	50	1
51	32	3
155	32	1
32	189	2
33	39	3
33	102	1
196	34	2
35	45	1
35	51	1
103	35	2
121	35	3
35	129	2
132	35	3
144	35	3
160	35	2
42	36	2
36	49	3
36	97	1
115	36	3
36	137	2
152	36	2
174	36	2
77	38	3
38	137	1
39	64	3
188	39	1
92	41	3
99	41	3
174	41	1
42	73	1
79	42	3
142	42	2
42	152	1
45	61	3
45	72	3
76	45	2
93	45	3
46	62	1
95	46	1
161	46	3
167	46	1
48	56	1
75	48	3
48	131	1
48	186	1
49	104	1
161	49	1
50	60	3
50	117	3
140	50	2
141	50	2
50	153	2
51	53	2
80	51	2
91	51	3
108	51	1
112	51	3
51	139	3
169	51	1
51	176	2
197	51	3
77	52	2
100	52	3
52	146	3
179	52	1
53	60	3
53	101	3
61	55	3
72	55	1
84	55	2
55	87	3
55	97	2
55	122	1
55	166	1
114	56	3
129	56	2
126	57	1
57	138	1
57	163	2
181	57	2
58	94	2
116	59	3
60	95	1
60	109	1
115	60	1
61	156	1
61	163	1
62	112	3
62	170	2
180	62	1
81	63	3
63	113	2
66	68	3
75	66	2
85	66	3
108	66	1
147	66	2
66	166	1
169	66	2
134	67	2
181	67	3
67	187	3
124	68	2
68	163	1
69	149	3
71	73	3
77	71	1
106	71	3
123	71	1
71	156	3
184	71	2
190	71	3
107	72	2
162	72	3
73	82	1
73	104	2
73	192	2
159	74	1
75	84	1
98	76	1
77	131	2
77	189	3
80	150	3
158	80	2
80	198	1
81	139	1
82	102	3
82	107	1
82	125	2
120	83	3
184	83	1
87	104	1
141	89	2
199	89	2
90	119	3
129	90	2
148	91	2
91	164	2
148	92	2
92	182	3
93	101	1
93	145	2
130	95	3
96	103	1
97	109	1
97	143	3
97	167	2
98	146	1
173	98	1
105	99	3
161	102	2
103	166	3
105	172	1
106	193	2
107	108	1
149	107	2
157	107	1
107	165	3
109	113	2
114	109	1
190	109	1
110	136	3
111	127	2
196	111	3
174	112	1
112	194	3
115	114	2
118	114	3
168	114	1
137	115	3
172	115	1
115	177	2
117	144	3
117	154	2
125	119	3
157	122	3
123	130	2
136	129	3
148	130	1
132	194	1
135	133	2
151	133	2
146	139	3
141	196	3
148	192	1
197	148	1
149	158	3
152	175	2
153	198	3
154	193	2
155	167	3
199	156	2
161	186	1
190	167	1
191	167	3
169	178	1
171	184	2
174	189	3
191	175	1
178	199	1
181	195	2
183	187	2
190	195	3
