1	0	3
0	2	2
0	3	3
4	0	3
0	6	1
7	0	3
0	10	1
13	0	1
0	14	2
15	0	1
16	0	2
20	0	2
0	22	1
28	0	3
32	0	1
34	0	2
0	35	1
37	0	3
0	43	1
49	0	2
0	50	3
52	0	3
0	53	2
0	56	2
58	0	3
61	0	1
64	0	1
0	68	2
70	0	1
71	0	3
0	75	3
82	0	2
0	83	3
90	0	3
0	102	3
113	0	3
0	125	3
126	0	2
0	139	2
0	148	3
149	0	3
0	152	3
0	157	3
162	0	3
176	0	2
0	187	3
188	0	1
0	198	2
1	2	1
3	1	1
1	4	3
5	1	2
6	1	1
1	8	1
1	11	2
12	1	2
1	36	3
44	1	1
1	46	1
1	48	2
50	1	1
1	60	2
1	65	2
68	1	2
79	1	1
87	1	2
1	92	3
1	95	3
103	1	1
129	1	1
1	130	2
131	1	1
145	1	3
1	182	3
185	1	3
3	2	1
4	2	2
5	2	2
8	2	3
10	2	3
12	2	2
19	2	2
2	21	1
25	2	3
2	27	3
29	2	3
2	30	1
2	46	2
2	53	2
63	2	2
2	98	1
2	101	1
124	2	3
2	143	2
2	150	1
153	2	2
3	5	1
3	7	1
3	9	3
3	10	1
12	3	2
3	15	1
3	17	3
18	3	2
3	19	2
21	3	3
3	22	1
3	26	1
37	3	3
40	3	1
45	3	3
3	48	1
52	3	1
57	3	1
59	3	3
3	74	2
77	3	1
102	3	2
3	119	3
121	3	3
134	3	1
137	3	2
3	141	2
3	163	1
177	3	2
180	3	1
6	4	3
9	4	3
16	4	2
25	4	1
46	4	2
54	4	1
59	4	2
4	126	3
4	155	2
4	167	1
175	4	2
5	8	2
11	5	1
5	13	2
14	5	1
5	18	2
26	5	3
5	28	3
41	5	2
5	43	1
5	48	1
5	53	2
5	56	1
5	80	2
81	5	3
5	85	1
5	92	2
5	95	1
5	111	1
128	5	1
5	133	3
135	5	2
139	5	3
148	5	2
175	5	3
7	6	1
14	6	1
6	19	3
6	20	2
6	21	3
6	23	2
6	31	2
35	6	2
41	6	2
6	49	3
57	6	3
58	6	3
6	65	1
93	6	1
6	112	2
124	6	2
127	6	3
6	128	1
6	129	1
6	142	1
6	149	2
6	157	3
177	6	3
186	6	3
7	11	3
15	7	3
7	17	2
20	7	3
23	7	3
24	7	1
7	27	1
34	7	1
36	7	2
38	7	3
40	7	2
42	7	2
47	7	1
7	49	3
7	64	1
7	67	3
70	7	2
72	7	3
79	7	3
80	7	1
7	85	3
87	7	2
7	94	3
97	7	3
106	7	3
7	108	1
7	114	1
7	121	1
7	130	1
161	7	3
7	164	2
180	7	3
7	190	2
7	195	3
8	9	2
8	33	1
42	8	3
178	8	2
9	16	1
9	22	3
55	9	2
9	74	1
84	9	2
9	86	1
9	132	1
147	9	2
180	9	3
183	9	3
10	30	3
10	40	3
10	62	2
97	10	1
10	98	3
10	106	1
107	10	1
111	10	2
117	10	2
10	156	2
10	173	1
11	55	1
11	94	2
11	151	1
13	12	1
23	12	2
12	29	1
12	32	2
58	12	3
71	12	2
12	106	2
110	12	2
144	12	3
12	150	2
151	12	3
12	163	1
12	169	1
12	173	2
12	186	1
13	18	3
13	30	1
13	60	1
172	13	2
179	13	3
13	185	3
14	17	1
57	14	2
14	64	1
14	77	1
119	14	1
14	124	1
196	14	2
15	24	2
29	15	3
31	15	3
15	73	2
15	86	1
101	15	2
15	115	3
24	16	3
59	16	1
62	16	3
16	76	3
78	16	2
16	81	3
16	85	3
90	16	3
16	99	2
16	103	1
109	16	3
16	123	1
151	16	2
16	154	2
16	197	3
35	17	3
44	17	2
45	17	2
17	89	2
17	118	3
17	150	3
17	188	3
138	19	2
19	199	1
20	25	2
20	32	1
20	41	3
92	20	3
105	20	2
20	136	2
141	20	3
20	144	1
179	20	1
34	21	1
45	21	1
21	165	3
166	21	1
28	22	3
42	22	3
62	22	1
22	91	1
123	22	2
159	22	3
22	165	1
23	69	1
24	26	2
24	54	3
24	84	3
24	131	2
24	136	1
24	137	3
25	38	3
25	39	1
25	50	3
25	51	1
25	66	1
73	25	2
83	25	1
89	25	2
94	25	2
99	25	2
108	25	3
116	25	1
25	119	1
156	25	3
171	25	2
26	27	3
31	26	2
26	33	2
26	37	3
26	38	3
39	26	2
54	26	3
114	26	3
126	26	3
132	26	2
141	26	2
26	177	3
26	192	3
36	27	1
27	39	2
29	33	1
44	29	2
29	47	3
29	93	3
29	110	3
29	115	1
29	146	1
30	52	3
100	30	3
145	30	2
146	30	3
31	67	1
110	31	1
31	111	2
118	31	1
31	152	3
75	32	2
32	168	2
182	32	1
33	65	3
33	67	2
33	76	2
101	33	2
109	33	2
72	34	1
34	108	1
34	133	2
35	56	3
78	35	3
183	35	3
43	36	1
71	36	3
36	96	3
160	36	2
47	37	1
38	95	2
125	38	3
38	168	1
39	51	1
73	39	1
40	69	1
40	159	1
40	162	2
197	40	2
114	41	3
61	42	1
70	43	2
98	43	1
158	43	1
161	43	3
176	43	3
44	51	1
44	68	2
44	115	2
45	88	1
45	99	3
100	45	3
138	45	2
174	45	3
46	105	1
120	47	1
93	48	2
96	48	3
188	48	1
49	55	2
63	49	1
49	107	3
61	50	2
66	51	3
69	51	1
75	51	1
51	121	3
78	52	1
84	52	1
63	53	2
53	86	3
53	87	2
53	100	2
120	53	1
53	127	3
53	192	3
66	56	3
57	60	1
57	83	1
96	57	2
123	57	3
137	57	2
173	57	3
89	58	2
58	164	2
58	189	1
58	198	1
59	91	2
174	59	2
60	82	1
91	60	1
82	61	2
117	61	1
62	74	2
62	195	3
63	182	1
64	97	2
64	113	3
122	64	2
109	65	1
66	76	3
66	104	1
107	66	1
155	66	2
170	66	2
67	156	2
72	68	1
68	90	1
105	68	3
68	197	3
152	69	3
158	69	3
70	88	1
70	102	1
116	70	1
79	71	3
196	71	1
73	77	2
80	73	1
74	81	3
74	112	1
74	125	2
74	134	2
75	118	3
162	75	2
78	129	3
78	143	3
79	199	2
80	88	1
153	80	3
116	81	2
133	81	2
82	147	2
82	183	3
83	128	2
84	103	1
104	84	1
132	84	1
134	84	1
192	84	1
122	85	2
168	86	2
86	172	1
87	172	2
127	88	3
113	90	1
144	91	2
92	184	2
175	93	1
94	136	1
94	146	1
178	94	3
198	94	2
95	170	1
96	130	3
191	97	2
196	97	1
100	187	1
101	104	1
101	117	2
102	153	2
103	166	2
105	154	2
160	105	2
106	140	1
106	178	3
157	107	1
107	166	3
112	108	2
111	167	2
170	111	3
111	189	3
149	113	1
142	114	2
120	115	1
115	147	2
116	186	3
122	117	1
139	117	1
118	140	1
118	143	1
181	118	3
140	121	2
193	121	2
123	189	3
124	131	1
160	124	3
126	145	3
165	126	1
135	127	3
155	127	3
128	174	3
158	129	3
135	131	3
131	171	2
199	131	1
138	132	1
161	132	1
133	154	2
133	159	1
191	134	3
142	135	3
164	137	1
193	139	1
148	140	3
140	169	1
181	140	1
145	163	2
171	145	1
146	181	3
194	146	1
147	169	1
179	148	3
184	149	1
194	149	2
156	184	1
156	185	1
159	193	1
160	187	3
194	160	3
162	167	1
176	166	2
195	171	3
190	177	1
191	188	1
190	189	3
