1	0	1
0	2	2
0	3	1
4	0	1
5	0	3
6	0	3
0	7	3
0	8	1
9	0	3
11	0	3
13	0	1
18	0	2
23	0	1
0	24	3
27	0	3
29	0	3
31	0	3
37	0	3
38	0	3
40	0	1
0	41	1
0	42	3
0	43	3
0	44	3
45	0	2
0	51	1
0	52	1
0	76	3
93	0	2
95	0	2
0	105	2
0	116	2
0	117	2
0	126	2
136	0	1
137	0	1
0	165	3
168	0	3
0	175	3
178	0	1
0	185	3
0	193	1
1	2	1
3	1	3
4	1	3
1	5	3
6	1	1
10	1	3
11	1	2
15	1	1
17	1	3
1	18	1
1	19	2
25	1	1
27	1	2
1	29	1
1	33	2
1	37	3
1	49	2
54	1	3
1	55	1
1	62	1
64	1	2
72	1	2
81	1	1
1	82	1
1	83	2
87	1	1
88	1	1
102	1	2
104	1	1
135	1	2
163	1	2
2	3	1
4	2	1
12	2	1
2	14	2
15	2	3
2	16	3
2	18	2
21	2	2
23	2	2
2	35	2
36	2	3
2	38	2
2	39	3
43	2	1
2	46	2
73	2	2
75	2	2
76	2	2
2	77	2
2	80	3
2	96	1
100	2	1
2	101	2
120	2	1
2	133	2
2	134	1
2	140	2
145	2	2
164	2	2
2	167	1
196	2	2
8	3	1
20	3	1
33	3	2
3	35	3
3	40	3
3	52	1
57	3	1
65	3	1
81	3	3
3	102	1
112	3	2
117	3	1
3	148	1
158	3	2
3	169	2
3	175	3
3	189	2
4	5	1
7	4	2
4	9	1
4	15	1
19	4	2
4	22	3
4	23	1
31	4	3
4	32	3
4	33	3
34	4	1
4	61	1
4	64	2
4	66	1
67	4	2
4	74	3
88	4	3
93	4	2
4	94	1
95	4	1
103	4	2
4	107	1
4	115	3
4	124	2
130	4	1
4	132	3
138	4	2
4	156	3
181	4	2
4	182	3
183	4	3
191	4	3
5	6	3
5	7	2
5	8	1
5	10	3
5	14	1
5	19	1
25	5	1
5	51	2
52	5	2
64	5	1
5	65	2
67	5	3
69	5	2
77	5	1
85	5	2
94	5	2
5	102	3
5	107	1
119	5	1
5	120	1
122	5	2
130	5	2
5	139	1
159	5	3
5	165	1
5	171	1
5	175	2
6	9	1
6	13	2
50	6	3
6	75	2
6	147	2
6	153	3
162	6	1
163	6	3
6	190	1
7	10	1
17	7	1
25	7	1
31	7	2
7	32	3
7	61	3
63	7	1
67	7	2
7	68	3
7	71	1
93	7	3
7	109	3
7	114	3
7	115	2
125	7	3
7	142	1
7	153	1
156	7	3
7	172	1
8	48	1
58	8	3
8	160	1
161	8	3
9	12	3
13	9	2
16	9	2
17	9	2
36	9	2
9	43	3
9	68	2
9	75	3
9	79	1
9	86	1
9	117	2
9	119	2
9	149	1
9	161	3
9	171	2
195	9	1
11	10	3
12	10	1
14	10	2
10	16	2
10	21	2
10	26	1
30	10	3
44	10	3
10	71	3
122	10	2
10	123	2
152	10	3
10	179	1
11	45	1
11	46	1
11	49	1
11	55	2
60	11	3
85	11	2
108	11	2
12	29	1
38	14	1
47	14	1
53	14	2
14	80	2
14	82	3
14	104	2
145	14	2
157	14	3
14	174	2
14	180	2
15	22	1
15	28	3
15	30	1
34	15	1
15	39	2
45	15	1
15	61	2
68	15	1
74	15	1
135	15	1
176	15	3
40	16	3
42	16	2
89	16	3
16	103	1
136	16	2
16	166	1
106	17	2
17	146	1
17	159	2
20	18	2
18	24	2
26	18	3
30	18	1
51	18	3
18	112	1
115	18	1
129	18	2
18	189	1
20	19	3
21	19	1
19	22	1
19	84	2
19	101	2
19	158	1
181	19	3
28	20	1
20	34	2
56	20	3
79	20	1
91	20	2
20	110	2
20	112	3
143	20	2
20	165	2
41	21	1
21	72	1
129	21	1
152	21	2
22	26	1
27	22	2
87	22	1
22	146	3
22	194	2
23	24	3
28	23	1
23	32	1
23	36	2
42	23	2
23	48	2
53	23	2
60	23	2
23	77	3
86	23	3
98	23	2
113	23	3
23	124	1
23	129	2
146	23	2
154	23	2
155	23	2
23	167	1
173	23	1
174	23	1
184	23	1
23	187	2
50	24	1
54	24	2
58	24	3
24	105	2
24	106	1
24	179	1
71	25	2
92	25	3
25	134	3
137	25	3
57	26	1
94	26	3
53	27	3
27	79	2
27	121	3
28	47	1
56	28	1
28	62	1
28	99	2
28	127	2
29	151	1
29	196	1
30	103	1
182	30	1
35	31	2
31	37	2
31	48	1
56	31	1
59	31	1
96	31	1
32	50	3
80	32	1
32	170	2
194	32	2
44	33	1
33	121	3
169	33	2
199	33	1
34	39	1
78	34	3
123	35	3
36	73	3
133	36	3
150	36	1
41	37	2
37	62	3
37	63	3
37	132	1
37	150	1
38	54	1
63	38	1
39	60	3
70	39	3
39	82	2
39	91	3
113	39	3
39	159	1
172	39	3
47	41	2
98	41	1
41	111	1
125	41	3
41	147	1
55	42	3
42	84	1
42	92	3
43	46	3
43	124	2
43	141	3
183	43	2
78	44	2
155	44	2
173	44	3
183	44	2
65	45	3
45	87	2
45	99	2
149	45	2
45	177	3
49	46	2
57	46	1
73	46	3
46	88	3
46	100	3
110	46	3
144	46	1
83	47	1
47	92	1
47	120	2
47	128	2
59	48	3
48	69	3
48	156	3
170	48	2
48	194	3
49	59	2
49	109	2
131	49	3
95	51	1
144	51	3
52	74	3
78	52	2
52	83	2
52	89	3
118	52	3
52	125	2
139	52	3
52	162	2
167	52	3
52	182	1
192	52	2
53	90	1
106	53	2
53	108	1
113	53	3
134	53	2
66	54	2
55	70	1
55	109	1
132	55	3
56	58	2
56	69	1
56	76	2
57	91	1
57	114	1
123	57	2
59	193	3
66	60	2
62	85	3
86	62	1
97	62	1
62	99	3
160	62	2
178	62	1
152	63	2
191	63	3
64	70	1
143	64	1
179	64	2
64	185	2
65	98	3
72	66	3
81	66	1
66	89	1
116	66	3
66	154	3
169	66	2
66	178	3
66	198	1
68	166	2
121	70	2
70	130	2
168	70	3
104	71	3
118	71	1
145	72	2
72	168	2
73	139	2
193	73	1
74	96	3
110	74	3
127	74	2
133	74	3
75	84	2
75	114	3
76	138	3
173	78	2
90	79	2
79	153	3
162	79	3
79	181	1
190	79	2
81	131	1
157	81	1
97	82	1
100	82	1
82	176	3
189	82	3
84	128	1
171	84	3
85	90	2
85	155	3
107	86	2
141	87	1
88	105	2
149	88	1
197	88	3
101	89	2
89	111	2
89	127	3
89	137	2
142	89	1
148	89	2
89	150	3
188	89	3
90	140	2
90	141	1
91	97	3
97	119	3
116	98	3
99	140	1
99	151	2
99	188	3
100	148	1
100	186	3
126	102	3
103	154	2
104	108	3
111	104	2
184	104	1
180	105	1
108	164	1
138	109	2
144	109	2
126	110	1
160	111	3
191	111	3
112	174	1
112	176	2
115	135	3
118	117	3
128	117	3
157	117	3
186	117	1
190	117	2
117	199	1
118	122	2
118	142	1
122	177	3
187	122	1
124	161	2
131	125	2
126	198	1
127	166	1
127	185	3
136	128	1
147	128	2
128	158	2
132	143	1
132	163	2
132	186	3
135	192	1
136	151	2
172	138	2
170	140	2
192	142	1
187	156	2
197	159	1
162	164	2
165	177	2
166	196	1
184	167	1
180	169	3
169	197	1
198	169	2
195	179	1
184	188	1
195	189	1
199	198	2
