1	0	1
0	2	1
3	0	2
0	20	3
0	43	1
141	0	2
0	150	1
2	1	3
1	3	2
1	4	2
5	1	2
1	6	2
1	7	2
1	8	2
1	19	1
1	24	1
1	31	1
52	1	2
65	1	1
1	67	3
82	1	3
1	111	2
1	123	1
146	1	3
1	169	1
1	174	2
1	192	3
3	2	3
4	2	2
2	5	1
6	2	1
9	2	3
2	11	2
12	2	3
13	2	3
16	2	3
2	17	2
19	2	2
20	2	3
2	21	3
2	29	2
2	33	2
35	2	3
36	2	2
39	2	2
40	2	3
2	55	1
2	61	2
2	64	2
72	2	3
75	2	3
81	2	1
2	84	3
95	2	3
2	109	1
120	2	3
2	123	3
2	132	1
154	2	2
159	2	3
171	2	2
186	2	3
198	2	1
4	3	2
5	3	3
3	6	1
7	3	3
3	10	2
13	3	1
3	14	2
3	15	1
3	17	2
3	18	2
23	3	3
26	3	3
3	30	3
37	3	3
3	39	2
3	42	1
50	3	1
3	56	1
3	69	3
71	3	3
77	3	3
3	85	3
88	3	3
3	97	3
100	3	3
3	113	3
3	117	1
3	126	2
3	129	2
132	3	1
3	135	2
3	139	3
3	152	3
3	160	1
3	165	2
3	180	2
181	3	2
189	3	3
3	191	3
3	194	1
3	195	1
196	3	3
197	3	2
3	199	2
4	7	2
4	8	1
4	9	1
10	4	2
14	4	3
21	4	2
22	4	3
4	25	3
28	4	2
4	37	1
4	48	3
66	4	1
4	72	1
4	89	3
91	4	2
4	97	3
107	4	1
4	110	1
4	122	2
133	4	2
140	4	3
143	4	3
4	157	2
4	164	2
5	13	2
23	5	2
5	46	3
55	5	2
136	5	1
166	5	2
5	192	3
6	40	3
6	98	2
120	6	1
8	7	3
11	7	1
12	7	3
7	22	1
24	7	3
27	7	3
7	28	3
31	7	1
34	7	1
44	7	3
45	7	3
7	54	3
75	7	3
87	7	1
91	7	2
111	7	1
7	116	1
7	122	1
150	7	3
9	8	3
8	10	2
8	12	3
14	8	3
8	15	1
8	16	1
8	33	3
39	8	2
43	8	3
8	54	3
8	64	3
70	8	3
8	81	2
90	8	3
110	8	1
141	8	1
8	146	1
8	148	3
183	8	3
8	193	2
15	9	3
9	16	1
32	9	1
9	44	1
9	58	3
9	69	2
9	97	1
99	9	1
107	9	2
9	163	1
9	165	2
9	178	3
9	179	1
9	187	1
194	9	2
11	10	2
25	10	1
10	26	1
10	35	3
10	37	1
38	10	1
41	10	1
47	10	1
10	56	2
10	66	1
67	10	3
81	10	3
10	91	2
92	10	2
93	10	2
136	10	1
11	26	3
11	31	1
50	11	1
63	11	2
76	11	2
95	11	3
101	11	1
103	11	3
11	114	2
11	128	2
134	11	2
137	11	1
11	170	2
11	190	2
11	193	3
11	195	3
11	199	3
124	12	3
18	13	3
41	13	3
68	13	2
75	13	3
132	13	3
134	13	1
13	154	3
14	17	3
14	18	1
21	14	1
14	29	1
44	14	1
48	14	2
14	53	3
66	14	3
14	67	1
73	14	3
85	14	3
94	14	1
14	102	2
134	14	3
142	14	1
14	144	3
14	155	3
163	14	3
48	15	3
16	27	2
30	16	1
47	16	3
57	16	2
16	58	3
70	16	2
78	16	2
82	16	2
101	16	1
16	125	2
16	133	1
193	16	3
25	17	3
49	17	2
17	51	2
17	64	1
17	79	2
17	99	1
124	17	2
152	17	3
17	178	1
195	17	1
19	18	2
23	18	3
18	32	2
34	18	3
18	41	2
18	63	2
18	72	1
18	83	3
18	96	1
138	18	2
18	143	3
145	18	1
18	154	3
169	18	3
18	178	1
18	198	1
20	19	3
42	19	1
19	78	1
96	19	2
137	19	2
19	166	3
20	47	3
49	20	3
59	20	3
20	61	3
162	20	1
20	172	3
22	21	3
21	46	2
60	21	1
77	21	1
89	21	1
105	21	1
21	125	3
21	131	2
22	38	3
51	22	2
22	57	1
83	22	1
147	22	1
24	23	2
23	28	2
30	23	1
35	23	3
23	102	1
115	23	2
23	184	2
24	29	3
24	33	2
24	57	2
93	24	2
24	99	1
24	106	2
114	24	3
24	136	1
177	24	2
24	179	1
49	25	3
25	53	1
86	25	1
25	104	1
25	119	1
123	25	2
133	25	3
25	181	1
26	27	3
26	36	1
45	26	2
26	71	3
26	79	2
86	26	2
112	26	3
113	26	1
142	26	1
26	158	2
77	28	3
28	168	2
29	42	2
52	29	1
29	69	2
70	29	3
80	29	1
100	29	1
152	29	3
29	160	2
197	29	1
78	30	1
32	31	2
74	31	2
31	108	2
185	31	1
34	32	3
38	32	3
32	43	1
50	32	3
32	59	3
32	92	1
32	103	2
32	112	1
82	33	2
33	94	2
40	34	1
71	34	1
34	80	1
34	115	1
34	119	3
34	182	2
35	36	1
35	60	2
121	35	3
128	35	3
35	151	3
55	36	3
159	36	3
37	51	3
37	65	1
73	37	1
37	110	1
127	37	3
37	138	2
180	37	2
37	182	1
45	38	3
56	38	1
59	38	3
60	38	3
38	62	3
63	38	1
38	107	2
142	38	3
38	153	2
38	159	1
38	188	1
39	54	3
61	39	3
39	147	3
40	93	2
40	105	3
171	40	3
156	41	2
42	46	2
53	42	3
189	43	2
76	44	2
157	44	2
45	52	2
73	45	3
92	45	2
164	45	2
45	167	3
45	172	2
74	46	1
140	46	2
185	46	2
47	90	2
48	84	3
48	173	2
162	49	2
184	49	3
50	135	3
62	51	1
51	106	2
127	51	1
51	144	3
51	155	1
52	127	1
52	158	2
52	166	3
52	192	1
53	58	1
54	62	3
161	55	3
65	56	2
68	56	2
56	131	3
173	56	3
56	188	3
89	57	1
112	57	3
59	74	2
88	59	2
59	139	3
60	149	3
61	113	1
61	171	3
62	148	3
168	62	2
68	63	1
63	76	1
63	80	1
151	63	3
161	63	1
197	64	3
65	87	1
65	96	1
105	65	3
65	119	2
65	128	1
139	66	2
175	66	3
183	66	2
67	104	2
168	67	2
67	196	1
187	68	1
69	160	2
83	71	1
71	116	1
71	153	1
72	85	3
88	72	1
130	72	2
73	167	3
84	74	1
74	87	1
74	100	3
108	74	1
117	74	2
74	135	2
185	74	2
79	75	3
86	75	2
75	118	3
75	140	2
141	75	2
146	75	2
75	156	1
181	75	2
151	76	2
98	77	3
122	79	3
79	173	3
90	80	3
98	80	3
130	80	1
81	103	3
125	81	2
81	126	1
81	153	3
102	82	2
126	82	3
109	84	2
84	148	3
175	84	1
186	84	1
95	85	2
116	85	3
85	145	2
94	86	3
86	129	1
86	170	1
104	87	1
87	131	1
114	88	2
88	198	2
90	111	1
92	130	1
167	92	2
93	106	2
118	93	2
149	93	2
164	93	2
138	94	1
176	96	3
97	109	3
99	101	1
118	99	3
155	101	2
176	101	3
172	102	1
103	182	2
156	104	1
105	108	2
105	121	1
106	117	1
106	121	3
124	106	1
106	163	1
108	129	3
108	143	3
109	161	1
109	177	1
179	110	3
111	120	3
150	111	2
162	111	3
111	191	2
115	112	2
158	113	3
116	157	3
116	175	2
118	144	3
119	194	2
123	137	1
125	170	1
125	176	1
128	190	2
199	128	3
129	174	3
137	149	2
140	187	2
141	145	3
190	141	2
144	147	2
147	180	3
165	150	3
150	189	1
191	160	2
162	174	1
188	162	3
165	169	2
176	177	3
178	184	1
181	183	2
186	183	3
195	196	1
