1	0	3
2	0	2
0	3	1
0	4	1
0	5	2
0	6	2
7	0	3
0	8	1
0	10	1
11	0	3
0	21	2
0	23	3
24	0	3
40	0	2
0	45	1
47	0	2
0	51	2
53	0	1
56	0	3
0	61	3
0	62	3
66	0	3
67	0	3
0	76	1
0	84	2
0	97	1
106	0	3
0	114	2
0	118	2
126	0	2
0	151	1
0	154	3
162	0	3
0	165	1
171	0	1
0	176	3
0	177	2
178	0	1
179	0	3
1	2	2
3	1	2
1	4	3
27	1	3
42	1	3
189	1	3
3	2	2
5	2	2
13	2	1
14	2	1
19	2	1
22	2	3
2	24	3
26	2	1
46	2	2
48	2	1
2	51	2
2	58	1
62	2	3
63	2	1
2	69	2
70	2	3
2	89	3
2	95	3
106	2	3
2	124	2
133	2	3
2	142	3
153	2	2
2	158	2
160	2	2
2	167	1
184	2	3
2	191	2
4	3	1
5	3	2
6	3	1
8	3	1
12	3	3
14	3	3
3	17	1
3	20	1
30	3	3
3	34	1
39	3	2
3	43	3
3	59	1
3	64	3
3	72	3
83	3	2
85	3	1
3	87	2
3	110	2
122	3	2
3	123	1
3	146	1
3	149	2
156	3	1
168	3	3
197	3	2
6	4	3
7	4	1
15	4	1
4	16	3
18	4	2
23	4	2
4	26	3
4	27	1
4	28	2
4	32	1
4	47	2
55	4	3
4	56	1
4	63	3
64	4	2
80	4	2
4	84	2
4	85	2
86	4	3
4	95	1
4	104	3
4	113	1
4	122	1
4	131	2
4	156	2
4	167	3
174	4	3
4	190	3
199	4	3
8	5	3
5	9	3
5	11	1
5	20	3
5	21	1
30	5	2
5	33	2
35	5	1
38	5	2
39	5	2
5	44	1
5	61	2
67	5	1
5	76	2
5	77	3
80	5	1
93	5	2
5	121	1
7	6	2
6	9	1
10	6	3
6	11	3
12	6	1
6	15	2
6	17	2
19	6	3
6	21	1
6	22	3
28	6	2
29	6	2
6	31	2
32	6	1
41	6	2
49	6	2
6	53	2
66	6	3
70	6	1
72	6	1
6	81	2
83	6	1
126	6	3
137	6	3
139	6	2
6	163	1
6	175	2
15	7	3
7	16	3
17	7	1
36	7	2
7	38	1
40	7	1
7	92	1
7	115	2
194	7	1
8	9	3
8	10	1
38	8	3
8	48	2
52	8	2
88	8	1
104	8	2
8	117	2
8	122	2
8	130	3
8	158	3
9	12	3
13	9	3
25	9	1
92	9	3
9	124	3
129	9	2
9	191	2
135	10	2
33	11	2
11	139	1
148	11	3
13	12	2
14	12	1
18	12	1
12	27	2
12	28	2
97	12	1
99	12	2
103	12	3
12	186	2
196	12	3
197	12	3
13	16	2
13	18	2
13	19	2
13	23	1
13	26	1
32	13	2
13	37	2
13	39	2
13	44	3
13	49	2
13	50	2
13	65	1
13	68	1
13	71	1
13	82	2
87	13	2
13	88	3
102	13	3
110	13	2
13	112	2
116	13	2
13	118	2
130	13	2
13	131	3
13	132	2
13	150	1
165	13	1
13	167	2
170	13	1
13	173	3
13	189	1
195	13	2
14	20	2
14	41	3
14	43	3
78	14	3
14	83	1
14	84	1
14	115	3
140	14	1
193	14	2
31	15	1
15	35	2
57	15	3
64	15	2
15	65	3
73	15	3
74	15	1
75	15	1
82	15	1
86	15	3
15	100	1
15	134	2
15	147	3
15	193	2
16	25	2
30	16	2
37	16	2
16	94	3
96	16	3
16	163	1
96	17	1
134	17	1
18	59	1
60	18	3
66	18	1
71	18	2
109	18	2
128	18	2
176	18	3
22	19	1
25	19	3
29	19	3
19	34	1
19	35	2
19	36	2
37	19	2
19	40	2
19	42	3
65	19	2
19	73	3
19	81	3
90	19	3
19	98	3
19	102	3
105	19	2
109	19	3
19	111	1
129	19	1
136	19	1
19	138	3
19	156	1
161	19	3
42	20	3
52	20	2
20	141	1
147	20	1
187	20	2
20	196	2
21	24	3
33	21	1
21	54	1
55	21	2
57	21	1
62	21	3
21	74	3
90	21	1
21	98	1
21	101	1
21	106	1
21	125	1
133	21	1
21	148	1
21	155	3
166	21	3
50	22	2
51	22	1
22	99	2
44	23	3
92	23	2
23	116	3
118	23	1
120	23	2
23	123	2
23	127	3
134	23	2
23	136	2
23	155	1
172	23	2
175	23	1
183	23	1
184	23	3
195	23	3
24	68	1
91	24	1
135	24	1
144	24	2
153	24	2
164	24	3
175	24	3
25	171	1
46	26	3
69	26	2
117	26	1
26	149	2
26	177	3
26	180	1
29	27	1
31	27	1
27	34	1
27	49	3
59	27	3
27	78	3
27	89	2
27	90	2
27	105	1
43	28	2
75	28	3
29	41	1
29	45	1
56	29	2
29	60	1
29	70	3
29	151	3
166	29	2
184	29	1
29	185	3
29	187	3
30	46	3
30	77	2
88	30	2
119	30	2
30	154	1
188	30	2
199	30	1
31	87	1
31	151	1
32	58	1
138	32	3
32	152	3
161	32	1
36	33	2
47	33	3
33	50	3
120	33	3
137	33	1
33	158	1
108	34	1
142	34	2
34	182	3
169	35	3
181	35	2
108	37	2
187	37	3
38	55	1
89	38	3
52	39	3
82	39	2
101	39	1
39	113	3
39	133	2
39	192	1
40	91	3
40	105	2
123	40	1
125	40	1
40	144	2
157	40	1
163	40	1
171	40	1
40	183	2
61	41	1
102	41	1
140	41	2
42	45	1
54	42	3
63	42	2
91	42	1
132	42	3
42	152	2
54	43	1
43	60	2
43	114	2
43	127	2
43	137	3
143	43	2
99	44	2
44	114	3
44	125	2
45	68	3
72	45	2
45	79	1
80	45	1
93	45	2
96	45	2
45	107	2
150	45	1
45	179	3
57	46	2
73	46	3
79	46	1
46	145	3
168	46	1
46	169	2
47	48	2
47	95	1
104	47	2
47	111	1
145	47	3
47	177	2
49	77	2
53	50	3
111	50	2
50	115	2
131	50	2
75	51	2
53	58	1
127	53	1
54	112	2
55	189	3
56	74	1
132	56	1
140	56	3
56	157	1
57	69	3
98	58	3
176	58	1
86	59	2
195	59	3
61	101	2
173	61	3
186	61	1
76	62	3
130	62	3
67	63	2
97	63	2
152	63	1
64	138	2
64	141	1
65	71	3
117	65	1
65	173	2
81	66	3
108	67	1
172	67	1
68	100	1
68	126	2
153	68	1
191	68	2
192	68	2
69	145	3
93	70	2
70	94	2
136	70	1
149	70	3
166	70	3
180	71	1
71	198	1
78	72	1
72	198	1
94	73	3
107	73	3
73	139	2
73	142	2
75	100	2
162	76	3
79	77	3
85	77	3
77	170	1
183	77	3
112	78	2
103	81	1
81	109	3
157	81	3
82	113	1
84	146	2
84	159	2
84	196	2
84	197	2
85	110	3
162	85	3
87	103	3
87	121	1
135	87	3
87	159	3
88	116	3
179	88	2
107	92	1
185	94	1
95	161	2
95	172	1
188	97	1
119	101	1
168	101	1
121	102	2
102	143	1
102	174	1
182	105	2
120	109	3
128	109	2
148	111	1
113	119	3
116	128	3
116	141	3
164	116	2
116	178	3
129	120	1
144	120	2
122	150	2
124	123	2
123	170	2
159	124	1
174	127	1
129	178	3
194	129	2
186	132	2
181	133	1
134	147	1
146	136	1
137	143	2
138	154	3
193	141	2
165	142	3
188	142	2
194	142	3
145	199	1
181	147	3
192	147	3
147	198	3
160	149	3
149	185	2
160	151	1
169	151	3
155	153	3
160	164	1
180	160	2
162	190	3
190	167	2
175	182	1
