1	0	1
0	2	2
3	0	2
0	4	2
0	5	2
6	0	3
8	0	2
9	0	2
10	0	1
13	0	3
14	0	3
15	0	1
19	0	1
0	20	1
0	22	1
0	25	2
29	0	3
0	36	3
38	0	3
0	39	2
40	0	2
52	0	1
53	0	2
58	0	1
59	0	1
0	60	2
61	0	1
0	71	1
0	76	3
95	0	1
0	98	2
100	0	2
0	101	2
108	0	2
0	112	1
116	0	2
0	124	2
178	0	3
184	0	1
0	192	3
0	194	2
0	198	1
1	2	3
1	3	2
1	4	2
8	1	3
10	1	3
1	12	3
1	14	2
17	1	2
18	1	3
23	1	3
25	1	2
1	29	3
30	1	1
35	1	3
1	48	1
1	50	1
65	1	3
74	1	2
79	1	3
1	87	1
1	96	2
99	1	2
1	104	3
1	114	2
122	1	3
124	1	3
1	132	3
142	1	1
143	1	1
1	169	1
1	170	1
1	187	2
1	191	3
3	2	1
2	4	2
2	5	2
2	6	1
8	2	3
9	2	2
11	2	2
12	2	2
2	15	3
2	16	1
21	2	3
2	22	1
24	2	3
2	28	2
31	2	2
37	2	1
2	45	3
2	46	2
50	2	3
65	2	1
66	2	2
2	69	1
2	77	2
78	2	2
79	2	1
88	2	2
96	2	3
99	2	2
2	108	1
131	2	1
2	147	1
2	150	1
154	2	3
155	2	1
3	7	1
3	17	1
3	20	2
23	3	2
26	3	1
29	3	3
3	32	3
37	3	3
3	49	3
3	55	2
3	57	3
3	58	1
63	3	1
64	3	3
3	67	1
86	3	3
3	105	1
3	109	2
3	128	2
3	133	1
3	139	2
146	3	1
3	160	3
172	3	1
176	3	3
196	3	1
4	5	1
6	4	2
4	7	1
9	4	1
4	11	1
4	18	3
20	4	3
25	4	1
27	4	3
4	31	2
32	4	2
35	4	1
36	4	2
4	44	3
4	52	2
4	55	3
4	56	2
4	83	3
89	4	1
90	4	2
91	4	1
92	4	3
118	4	2
134	4	2
135	4	3
150	4	2
4	155	2
158	4	2
4	162	1
4	163	1
168	4	3
4	191	2
4	193	2
4	195	3
7	5	1
5	10	2
5	11	1
26	5	3
5	39	1
5	62	1
90	5	1
5	100	3
5	106	2
110	5	3
124	5	2
5	126	2
169	5	3
5	171	2
6	13	2
19	6	3
21	6	2
6	33	3
6	35	2
6	39	1
6	43	1
6	57	3
6	68	3
6	97	2
98	6	2
113	6	3
120	6	1
6	143	1
154	6	2
6	172	3
7	28	1
70	7	3
72	7	1
93	7	3
136	7	1
7	140	1
7	148	1
7	151	1
153	7	1
7	158	1
8	15	1
27	8	2
50	8	2
73	8	1
8	82	1
93	8	2
9	12	3
9	41	1
42	9	2
52	9	1
9	65	2
80	9	1
9	85	1
9	86	2
95	9	3
9	99	3
108	9	2
113	9	1
9	116	1
9	131	2
140	9	2
144	9	1
148	9	3
9	165	1
9	172	2
186	9	2
13	10	3
10	14	2
17	10	1
21	10	1
10	24	2
10	30	2
32	10	3
33	10	1
37	10	2
10	43	1
10	45	3
47	10	2
51	10	1
10	55	3
66	10	1
80	10	1
10	89	2
10	90	1
10	111	2
10	149	1
168	10	3
175	10	2
11	16	2
11	30	3
44	11	1
11	63	1
11	142	1
12	44	3
12	46	3
12	72	1
12	107	3
127	12	1
58	13	3
115	13	1
13	189	2
14	18	1
34	14	2
14	51	1
67	14	3
14	97	1
14	122	1
14	179	2
14	184	3
14	197	1
15	16	3
15	24	1
70	15	3
87	15	3
15	117	2
135	15	3
15	177	1
19	16	3
22	16	2
42	16	3
64	16	3
17	61	2
17	139	1
179	17	2
181	17	2
38	18	3
40	18	3
18	88	2
145	18	1
19	23	2
109	19	1
114	19	2
133	19	3
153	19	2
161	19	2
28	20	2
20	42	1
93	20	2
130	20	3
20	134	3
20	147	2
150	20	2
164	20	1
20	175	1
31	21	1
40	21	1
21	102	3
187	21	1
34	22	3
43	22	2
22	92	2
194	22	2
26	23	1
23	27	1
23	34	3
23	38	3
23	41	2
117	23	1
23	130	1
23	132	1
23	170	2
198	23	1
24	75	3
24	145	3
25	69	1
105	25	3
25	170	3
26	33	2
49	26	2
26	71	3
79	26	2
121	26	1
46	27	2
27	51	3
27	54	1
78	27	3
92	27	2
27	123	3
138	27	1
68	28	2
28	86	1
29	146	2
53	30	3
71	30	2
30	81	2
30	100	2
126	30	2
30	139	3
159	30	1
31	48	3
89	31	2
31	106	1
107	31	1
31	183	2
31	188	3
32	36	1
47	32	3
53	32	1
32	54	1
32	60	3
70	32	2
32	74	1
32	125	2
32	129	1
138	32	2
144	32	1
148	32	3
149	32	3
173	32	2
174	32	1
32	177	3
33	129	2
34	77	3
104	34	2
192	34	3
47	35	2
56	35	3
59	35	1
35	60	1
35	85	2
76	36	2
36	141	1
37	41	3
37	48	3
37	83	3
152	37	1
37	190	1
156	38	3
38	181	3
84	39	3
39	141	3
39	152	2
39	199	1
41	75	2
41	82	1
42	45	1
42	91	3
42	112	3
42	128	2
165	42	1
54	43	1
43	56	1
94	43	1
115	43	1
125	43	2
176	44	1
198	44	3
49	45	2
91	45	1
81	46	3
82	46	1
47	73	3
47	88	3
47	119	1
48	85	2
134	48	3
185	48	2
49	57	3
64	49	3
67	49	2
49	68	1
49	78	3
49	102	3
49	131	3
157	49	2
183	49	1
189	50	1
51	69	2
51	76	3
128	51	2
163	51	2
51	166	2
61	52	2
72	52	3
52	74	1
52	97	2
52	114	2
127	52	1
53	182	2
53	196	2
54	62	1
66	54	3
83	54	1
54	117	2
130	54	1
54	147	2
54	173	1
179	54	1
55	81	1
156	55	3
80	56	2
95	56	3
106	56	2
56	186	3
56	193	1
57	168	2
59	58	3
58	152	1
129	59	3
60	118	2
60	149	2
171	60	3
61	62	3
175	61	2
62	63	1
62	110	1
84	63	1
63	174	2
107	64	1
113	64	3
64	146	3
64	199	3
94	65	1
75	67	2
167	67	2
73	68	1
68	98	2
69	142	1
69	159	1
137	70	1
181	72	3
123	74	2
77	75	2
159	75	1
77	116	3
160	77	1
94	78	3
96	78	3
78	103	3
78	145	2
78	173	3
84	79	1
104	79	3
79	105	1
111	79	2
79	119	1
79	121	3
79	136	3
174	79	1
190	79	2
80	87	3
80	115	2
83	162	1
83	165	1
182	83	3
83	186	2
84	110	3
103	85	1
118	85	1
120	86	1
87	111	3
90	101	1
122	90	1
90	136	2
127	92	2
93	119	1
126	93	2
93	157	3
94	103	1
109	94	3
95	185	3
125	96	1
97	154	3
97	161	1
98	101	2
102	98	2
98	120	2
144	100	1
100	190	2
112	104	2
141	104	3
104	178	2
104	180	1
104	193	2
107	164	3
108	155	3
108	164	3
110	121	1
112	135	2
114	133	3
116	163	2
117	182	3
137	118	2
157	118	3
166	118	1
118	196	1
119	156	2
120	123	2
132	120	3
120	171	3
180	120	2
120	187	3
195	122	1
123	137	3
143	126	1
127	151	2
127	176	3
161	129	1
130	138	1
140	131	2
169	132	1
132	197	2
153	133	2
151	135	3
138	162	3
199	142	3
144	166	2
189	144	2
158	146	3
150	178	1
167	151	3
167	152	1
157	177	3
160	159	2
192	159	3
197	160	1
162	188	2
180	163	2
194	163	2
167	195	2
170	183	3
185	180	2
188	180	1
182	184	3
188	191	1
