1	0	1
2	0	3
0	3	3
0	4	2
5	0	1
0	11	1
20	0	3
0	21	2
0	22	2
40	0	1
0	44	1
0	46	3
0	58	2
0	62	1
67	0	1
0	69	2
0	79	1
0	80	2
83	0	3
0	103	3
106	0	3
0	111	2
0	114	2
140	0	3
141	0	1
0	182	1
196	0	2
1	2	2
3	1	2
1	4	3
1	5	1
1	6	1
8	1	1
9	1	3
1	10	1
11	1	3
1	13	1
1	14	3
1	15	1
17	1	2
20	1	1
1	22	1
23	1	3
1	25	2
27	1	1
32	1	3
33	1	2
40	1	3
41	1	3
43	1	1
46	1	1
1	59	2
1	71	2
1	88	3
1	101	3
110	1	2
1	114	1
1	118	1
1	121	1
1	145	2
175	1	1
1	177	1
1	191	3
197	1	3
3	2	3
2	6	2
2	7	1
9	2	3
2	10	1
2	14	1
2	18	3
2	27	2
28	2	1
2	30	3
34	2	3
2	36	2
2	39	2
41	2	1
48	2	3
2	49	1
57	2	1
63	2	1
2	69	3
73	2	3
77	2	1
83	2	3
84	2	1
2	105	2
109	2	3
124	2	2
2	131	1
150	2	3
152	2	2
2	176	2
183	2	3
194	2	2
3	4	1
5	3	1
3	8	1
3	10	2
35	3	2
92	3	1
3	97	3
112	3	3
3	118	3
3	136	2
151	3	3
157	3	2
185	3	3
191	3	2
194	3	2
198	3	3
4	6	2
7	4	2
4	9	1
4	12	3
4	13	3
4	16	1
23	4	1
4	24	3
26	4	3
4	61	3
4	62	2
4	64	3
4	99	1
4	105	1
4	147	3
164	4	2
8	5	1
19	5	3
5	25	2
39	5	2
5	42	2
5	50	1
5	51	2
5	63	3
81	5	3
83	5	1
90	5	1
5	121	3
142	5	1
5	148	3
182	5	3
6	7	1
12	6	1
6	18	3
19	6	1
42	6	2
6	52	2
86	6	1
6	91	1
6	128	2
142	6	1
157	6	1
6	199	2
7	11	1
50	7	3
64	7	3
7	71	2
7	117	3
7	173	2
184	7	2
19	8	2
21	8	3
8	35	3
82	8	1
8	108	1
123	8	2
8	125	3
8	139	1
148	8	1
149	8	1
154	8	1
155	8	2
9	12	2
66	9	2
10	22	2
10	25	3
26	10	3
10	40	1
51	10	2
73	10	2
10	76	1
10	78	3
10	87	3
89	10	1
10	98	1
10	120	3
10	139	3
10	158	2
10	178	2
194	10	2
11	13	3
47	11	2
81	11	2
89	11	3
11	149	2
11	187	3
14	12	1
12	15	3
12	17	1
18	12	2
12	21	3
12	32	2
12	36	2
12	56	3
12	59	1
12	70	2
12	94	1
12	98	1
12	107	1
12	108	3
113	12	1
133	12	2
134	12	2
140	12	1
12	147	1
12	149	3
12	155	2
161	12	3
184	12	2
13	15	3
16	13	2
17	13	3
27	13	3
13	31	3
34	13	1
13	35	2
13	38	1
43	13	3
13	46	2
13	48	1
13	58	1
13	68	3
13	71	1
13	73	2
13	74	1
13	75	1
85	13	2
13	92	1
104	13	2
13	114	3
13	126	3
137	13	3
13	161	3
14	16	1
15	28	1
29	15	3
50	15	2
53	15	3
15	66	2
138	15	1
15	148	1
179	15	1
16	23	2
16	86	3
16	198	3
17	20	1
17	30	1
41	17	1
48	17	2
52	17	1
119	17	1
162	17	2
167	17	2
172	17	2
17	175	1
18	29	3
80	18	2
18	155	2
165	18	3
18	180	2
19	36	2
19	70	1
19	92	2
103	19	2
132	19	1
150	19	2
188	19	2
20	37	3
56	20	3
20	158	2
21	24	2
21	26	1
43	21	2
57	21	2
79	21	3
21	167	1
29	22	2
32	22	3
37	22	2
22	61	1
22	135	3
195	22	2
24	23	1
23	53	1
24	28	1
49	24	3
59	24	3
24	93	3
24	102	2
122	24	3
24	128	2
31	25	3
42	25	2
47	25	2
85	25	2
87	25	3
25	106	1
25	116	1
25	131	1
134	25	2
181	25	2
26	30	2
38	26	2
45	26	2
55	26	3
63	26	1
65	26	2
26	96	2
26	113	2
26	116	2
26	164	2
26	176	3
75	27	2
193	27	2
44	28	3
193	28	3
31	29	2
33	29	2
29	34	2
29	45	1
29	49	3
29	55	2
29	66	2
29	84	2
29	90	3
102	29	1
29	120	2
29	124	2
127	29	3
172	29	1
30	154	3
30	192	3
31	38	2
61	31	1
31	77	1
93	31	2
100	31	3
117	31	3
122	31	3
31	129	1
152	31	2
31	164	3
31	189	1
32	33	1
37	32	1
32	39	1
32	54	1
32	62	1
64	32	2
32	81	2
32	99	1
115	32	3
128	32	2
32	158	1
186	32	1
56	33	3
33	57	1
33	96	3
111	33	2
91	34	3
34	94	3
34	116	1
34	130	2
34	141	1
34	147	2
35	72	2
35	77	2
134	35	2
36	76	3
79	36	1
36	82	3
98	36	3
36	106	1
36	125	3
126	36	1
127	36	3
36	163	2
180	36	1
69	37	3
107	37	2
137	37	2
37	156	2
179	37	2
38	60	2
38	72	3
47	39	1
39	65	3
40	45	3
40	51	3
40	55	3
40	91	3
40	143	3
183	40	3
41	78	1
41	80	1
41	103	1
41	109	1
41	115	1
172	41	3
41	195	2
44	42	2
42	197	2
43	60	1
43	68	1
188	44	2
52	45	3
60	45	3
46	85	3
118	46	1
160	46	2
46	174	1
74	47	1
88	47	1
47	119	3
47	136	1
47	197	1
48	54	3
58	48	1
76	49	3
49	142	1
49	159	2
50	53	3
50	54	1
70	50	1
50	135	2
95	51	1
51	100	2
51	138	1
51	173	2
51	174	3
175	51	1
89	52	3
52	169	1
68	53	2
93	53	1
146	53	1
53	163	3
53	185	1
113	55	1
55	150	1
56	130	1
153	56	2
165	56	1
56	171	2
123	57	2
67	58	2
58	132	2
58	143	3
58	144	3
58	159	1
74	59	1
60	67	1
75	60	3
119	60	2
62	65	3
63	102	3
112	63	2
63	135	2
63	137	3
63	159	1
64	99	3
64	125	3
156	64	1
133	65	1
84	66	3
86	66	3
66	87	2
101	66	3
171	66	1
67	161	2
67	192	2
132	69	3
69	167	1
70	94	2
70	100	1
112	70	3
70	123	1
70	129	2
70	181	3
72	71	3
97	71	2
104	71	2
71	168	1
144	73	2
74	97	2
153	75	2
95	76	2
76	145	3
187	76	2
78	77	1
77	110	2
77	131	1
77	152	2
77	166	1
77	186	1
196	77	2
79	90	1
79	193	1
82	81	3
82	160	1
88	85	2
85	101	3
108	85	3
85	146	2
189	85	2
86	104	1
87	95	2
96	87	1
145	89	2
170	89	1
89	179	2
185	89	1
90	177	3
173	91	1
121	92	3
92	190	1
105	93	2
162	93	1
93	168	2
93	170	2
127	95	1
95	163	2
107	96	2
110	96	3
96	177	1
140	97	3
120	98	3
98	143	3
124	99	1
192	102	2
103	109	2
103	117	2
146	103	2
130	104	2
104	189	1
105	151	2
174	105	3
182	105	2
115	107	3
196	107	1
107	198	3
108	166	2
111	110	3
136	110	3
151	111	3
111	156	3
111	187	3
114	122	3
116	170	1
118	169	2
118	184	2
119	181	2
120	133	1
120	190	2
121	126	3
139	122	1
154	122	3
125	129	1
125	141	1
180	126	3
138	129	3
199	129	2
171	133	3
153	135	1
162	137	3
138	144	2
188	138	3
178	139	3
195	140	1
141	168	1
157	144	2
166	144	3
148	165	1
186	148	3
151	160	2
169	156	3
176	168	1
172	199	2
173	178	1
183	174	3
190	188	3
190	191	3
