1	0	1
0	2	1
3	0	1
0	7	1
27	0	1
0	35	1
44	0	2
0	47	2
0	57	1
0	59	2
0	62	1
64	0	2
79	0	3
87	0	1
102	0	3
116	0	2
124	0	3
129	0	3
154	0	2
0	184	2
0	199	2
2	1	3
1	3	1
1	4	1
5	1	1
7	1	1
1	8	2
1	9	1
1	10	3
13	1	3
18	1	2
19	1	3
1	20	3
1	21	1
1	24	2
1	26	3
1	31	2
1	36	3
1	54	3
1	58	2
60	1	3
62	1	1
1	65	1
1	71	1
73	1	1
1	79	1
81	1	1
1	86	3
87	1	2
102	1	2
117	1	1
127	1	2
128	1	3
135	1	2
1	136	3
153	1	2
1	160	2
167	1	2
171	1	2
173	1	1
175	1	1
1	178	1
186	1	1
1	197	3
198	1	1
3	2	3
4	2	1
2	5	2
6	2	2
2	7	3
11	2	1
12	2	2
2	13	2
22	2	1
2	23	1
31	2	3
32	2	2
2	37	3
68	2	2
76	2	3
2	91	3
98	2	1
108	2	1
118	2	3
2	120	3
2	128	1
143	2	1
147	2	1
2	180	3
195	2	1
4	3	1
5	3	3
6	3	2
8	3	2
11	3	2
3	12	2
3	16	1
31	3	1
33	3	1
3	42	3
47	3	2
53	3	1
71	3	2
72	3	2
3	88	3
96	3	3
3	105	3
3	111	1
3	112	3
3	133	1
3	144	1
163	3	2
3	190	2
3	197	1
4	6	1
9	4	3
4	11	2
23	4	1
44	4	1
57	4	1
69	4	3
70	4	2
4	81	2
4	103	3
4	119	3
141	4	1
4	155	3
177	4	3
4	179	1
4	186	2
199	4	2
5	8	2
5	10	1
15	5	2
16	5	2
5	17	2
5	24	2
25	5	3
5	39	3
5	58	1
5	64	3
68	5	3
75	5	2
93	5	1
99	5	2
107	5	1
5	110	2
123	5	2
5	135	3
138	5	1
166	5	2
17	6	1
20	6	2
23	6	3
6	26	2
6	28	2
69	6	3
6	136	3
6	137	1
6	157	2
6	158	2
7	10	2
16	7	2
7	18	3
25	7	3
7	27	3
132	7	1
151	7	2
7	198	1
9	8	2
14	8	3
20	8	3
21	8	1
8	33	2
8	35	3
85	8	3
8	158	1
161	8	2
14	9	3
32	9	2
68	9	3
9	77	1
107	9	3
9	151	1
169	9	3
10	12	2
14	10	2
10	17	1
10	21	3
10	22	2
10	28	3
30	10	1
41	10	3
10	57	3
58	10	2
10	90	3
95	10	1
10	98	2
108	10	2
129	10	3
10	147	3
10	154	1
15	11	1
11	19	1
11	30	2
11	52	3
59	11	2
61	11	2
11	78	1
84	11	3
88	11	2
93	11	2
124	11	3
150	11	3
189	11	1
13	12	3
15	12	3
12	18	2
19	12	3
26	12	2
30	12	2
12	34	3
12	37	2
43	12	3
45	12	3
48	12	3
52	12	3
55	12	3
12	59	1
12	75	3
82	12	1
12	95	2
12	103	1
12	111	2
12	113	3
156	12	2
12	161	1
12	175	3
189	12	3
12	194	1
195	12	2
13	32	1
13	46	2
13	51	2
80	13	2
13	92	2
13	97	3
13	121	1
130	13	3
13	134	3
140	13	1
159	13	3
172	13	1
13	173	1
179	13	1
28	14	3
14	50	3
84	14	1
14	128	3
170	14	1
15	96	3
16	22	3
16	67	2
16	81	2
94	16	1
16	196	2
17	24	1
35	17	1
41	17	3
17	44	2
48	17	1
66	17	1
70	17	2
100	17	3
122	17	3
126	17	1
138	17	3
17	139	1
140	17	1
18	25	1
18	38	1
18	40	3
18	60	2
83	18	2
18	94	3
132	18	2
153	18	1
29	19	1
19	39	1
40	19	2
69	19	3
87	19	3
19	102	3
19	126	2
19	157	3
19	164	2
19	168	3
19	179	2
20	29	1
20	85	2
100	20	2
154	20	2
158	20	3
182	20	2
36	21	1
37	21	2
47	21	1
53	21	1
21	84	3
137	21	2
22	38	1
46	22	2
22	60	1
22	134	1
54	23	1
23	86	3
107	23	3
23	189	1
29	24	3
42	24	1
76	24	2
134	24	2
24	180	2
24	182	1
188	24	3
198	24	2
27	25	2
25	45	1
26	153	2
26	185	3
27	42	1
27	50	3
139	27	1
27	169	3
27	180	3
183	27	3
28	38	3
28	51	2
79	28	1
101	28	3
130	28	2
133	28	3
28	168	2
176	28	3
28	177	3
34	29	2
36	29	3
29	52	1
56	29	3
82	29	1
29	170	1
190	29	1
61	30	1
65	30	2
30	70	2
77	30	2
30	80	1
113	30	3
114	30	1
119	30	1
165	30	3
33	31	1
34	31	2
31	40	1
41	31	3
31	45	2
105	31	1
121	31	1
31	126	2
31	145	2
78	32	1
32	99	1
117	32	1
32	159	1
32	168	1
32	194	1
174	33	1
39	34	1
34	43	3
34	90	1
106	34	2
130	34	2
144	34	3
49	35	1
35	55	3
35	76	3
86	35	2
35	99	2
104	35	1
35	112	1
116	35	1
35	185	3
36	199	1
48	37	2
37	50	2
53	37	2
37	56	1
37	64	1
37	66	2
37	71	1
37	73	1
75	37	1
37	103	2
106	37	1
37	109	1
37	110	1
119	37	3
37	133	2
37	136	1
138	37	2
37	151	2
162	37	1
37	166	2
37	171	2
37	187	2
37	192	3
49	39	3
74	39	3
39	83	2
39	166	1
40	120	1
41	46	3
41	63	3
42	43	1
51	42	3
42	55	2
94	42	1
42	98	3
108	42	2
145	42	2
149	42	2
56	43	2
89	43	3
43	90	2
43	125	3
188	43	2
44	129	2
131	44	2
44	141	2
44	149	3
44	152	3
45	67	1
167	45	2
49	47	1
47	61	3
63	47	1
65	47	1
47	67	2
47	72	2
73	47	2
47	127	3
132	47	1
192	47	3
100	48	2
162	48	1
193	48	3
49	62	1
91	49	2
114	49	2
49	118	1
187	49	1
50	54	3
50	104	2
50	152	2
78	51	2
51	105	1
51	159	3
193	51	3
53	97	1
142	53	3
177	53	2
53	185	2
54	91	2
63	55	2
66	55	2
92	55	2
55	121	1
123	55	1
125	55	2
55	145	1
55	172	3
182	55	1
56	96	1
56	183	2
58	72	1
58	74	2
82	58	2
92	58	2
58	104	2
115	58	2
58	143	1
160	58	3
58	174	2
188	58	3
59	77	2
169	59	1
61	83	2
140	61	2
61	162	2
165	61	1
101	62	3
193	62	1
64	95	2
148	64	3
64	164	3
74	65	3
65	197	1
111	66	1
142	66	3
115	67	2
68	85	3
68	109	3
195	68	1
89	69	1
71	173	2
72	120	2
80	74	3
74	161	3
76	122	2
76	157	1
163	76	3
155	77	3
165	77	2
88	83	1
131	83	1
83	139	2
117	85	2
190	85	1
89	86	2
149	86	2
143	87	2
155	87	3
88	93	1
88	101	1
112	88	1
88	187	2
97	89	3
106	89	2
89	144	1
147	90	3
93	131	2
164	94	1
123	95	3
98	183	2
150	99	2
100	127	3
163	100	3
103	109	2
142	103	3
172	103	1
191	105	3
108	110	1
115	108	1
141	108	3
108	184	2
113	109	2
109	146	3
109	148	1
109	156	3
109	174	2
110	125	1
148	111	1
175	111	1
114	112	1
112	116	1
112	160	3
196	112	3
122	115	3
137	115	2
118	116	3
184	117	2
178	118	2
119	150	2
124	122	1
122	181	3
122	191	2
192	127	2
146	128	1
156	128	3
135	131	1
152	131	2
146	132	3
181	132	2
133	176	1
136	191	2
142	167	1
178	145	1
176	146	1
170	152	1
196	154	1
181	158	1
167	171	2
186	172	3
194	177	1
