0	1	3
2	0	3
0	3	3
0	4	1
5	0	1
6	0	1
9	0	2
0	14	3
19	0	2
0	38	1
0	43	2
47	0	2
0	53	1
0	59	1
74	0	3
87	0	2
89	0	3
91	0	1
0	135	2
0	150	2
172	0	1
1	2	3
1	3	1
4	1	3
1	5	3
7	1	3
8	1	1
1	9	3
1	10	1
1	11	1
12	1	1
23	1	2
24	1	2
1	33	3
1	39	1
45	1	3
1	46	2
49	1	2
53	1	3
57	1	2
58	1	1
1	59	2
64	1	1
1	77	1
79	1	1
90	1	1
1	92	2
94	1	1
106	1	1
129	1	2
1	143	3
1	168	2
175	1	1
1	185	2
1	198	3
2	3	2
2	4	2
2	5	3
2	7	3
2	14	3
26	2	2
27	2	2
38	2	1
2	50	2
52	2	1
54	2	2
2	74	3
88	2	3
96	2	1
99	2	2
2	102	2
2	119	1
129	2	3
130	2	2
2	131	3
2	149	2
156	2	1
2	159	1
2	160	3
161	2	2
185	2	3
192	2	2
6	3	2
3	8	2
10	3	1
3	11	3
3	25	3
28	3	2
3	36	2
3	37	3
3	38	1
3	47	2
58	3	1
3	61	2
75	3	1
3	81	2
3	90	2
99	3	2
100	3	3
3	126	3
142	3	3
3	148	3
3	152	1
3	154	2
3	172	2
181	3	3
3	185	2
10	4	2
4	12	1
13	4	3
15	4	1
4	16	3
17	4	1
18	4	2
4	19	2
24	4	1
32	4	2
4	40	1
41	4	3
4	46	1
50	4	3
54	4	1
68	4	1
4	92	1
103	4	2
132	4	2
4	134	1
4	141	3
4	148	1
149	4	1
4	165	1
4	170	2
176	4	3
178	4	2
5	6	1
7	5	1
5	20	2
22	5	1
5	23	3
5	24	2
5	52	1
5	56	3
5	77	1
95	5	1
104	5	3
112	5	3
5	173	1
6	8	2
9	6	2
11	6	2
6	23	1
6	26	3
33	6	3
6	55	2
6	57	3
73	6	3
6	78	1
94	6	2
95	6	2
118	6	2
153	6	3
6	159	2
166	6	1
6	191	1
7	13	3
16	7	1
35	7	3
7	41	3
43	7	2
55	7	3
7	60	1
7	63	1
71	7	3
7	87	3
89	7	2
7	96	1
131	7	1
8	21	2
27	8	1
29	8	1
30	8	1
8	42	2
43	8	1
44	8	1
8	47	2
53	8	2
55	8	1
8	66	3
80	8	3
82	8	3
84	8	3
111	8	1
125	8	1
8	130	3
8	137	2
8	147	3
151	8	2
8	152	3
8	158	2
8	163	1
8	170	3
14	9	2
9	19	1
9	39	1
9	68	3
9	113	3
145	9	1
9	176	2
9	180	1
10	12	2
10	18	3
20	10	2
10	22	3
10	27	3
10	31	3
10	34	3
10	37	3
10	68	2
70	10	1
10	75	3
76	10	1
93	10	2
10	110	2
10	113	2
123	10	1
10	133	3
144	10	3
152	10	3
10	182	2
13	11	2
16	11	3
25	11	1
34	11	2
44	11	2
11	49	3
72	11	1
11	75	1
77	11	1
117	11	2
11	120	1
11	166	3
196	11	3
12	15	1
17	12	3
22	12	2
28	12	3
12	49	1
63	12	1
96	12	1
12	97	3
108	12	3
115	12	2
129	12	1
188	12	3
12	197	3
199	12	1
13	32	2
36	13	1
13	52	1
13	65	2
13	80	1
84	13	3
13	110	1
13	122	2
144	13	1
157	13	1
164	13	3
189	13	1
15	14	3
17	14	3
14	18	3
21	14	2
14	26	1
14	34	2
14	36	2
42	14	2
14	45	1
14	48	2
14	66	1
14	104	3
14	112	2
133	14	1
143	14	3
14	155	2
178	14	2
193	14	3
196	14	3
20	15	1
158	15	1
16	30	1
16	127	2
131	16	3
17	29	2
40	17	2
17	63	1
17	102	1
108	17	3
164	17	1
31	18	2
51	18	2
100	18	3
139	18	3
32	19	1
35	19	1
54	19	1
136	19	3
20	21	1
142	21	3
165	21	1
22	31	3
22	198	3
25	23	2
29	23	1
33	23	2
37	23	2
59	23	2
61	23	3
23	98	3
23	115	2
23	120	3
23	123	2
137	23	2
144	23	3
153	23	2
23	157	2
23	160	1
23	190	3
23	194	2
24	42	2
44	24	3
61	24	1
101	24	2
102	24	2
111	24	2
24	116	1
25	40	3
62	25	3
25	92	1
25	106	2
25	113	2
114	25	2
25	134	3
137	25	3
143	25	2
169	25	3
26	28	3
56	26	1
64	26	2
98	26	3
26	167	2
26	192	3
114	27	2
115	27	1
27	138	3
150	27	3
27	170	1
27	187	2
51	28	3
28	78	2
28	187	1
29	30	1
82	29	3
107	29	1
128	29	2
158	29	3
30	50	3
56	30	1
30	118	2
30	132	1
31	51	3
62	31	1
104	31	1
32	35	2
91	32	2
32	148	1
199	32	3
45	33	3
33	46	2
60	33	3
33	98	3
33	121	2
71	34	1
62	35	3
41	36	3
69	36	2
86	36	1
109	36	3
117	36	1
37	39	1
37	65	2
76	37	2
37	114	2
37	196	1
58	38	1
38	133	1
39	91	1
40	69	2
40	83	2
40	94	1
125	40	2
40	161	2
40	174	1
42	72	1
42	76	1
42	156	3
97	44	2
186	44	1
48	45	1
45	128	1
46	48	2
46	57	2
60	46	1
46	65	2
46	78	2
46	85	3
97	46	3
46	126	2
46	128	3
138	46	1
146	46	3
46	159	3
46	181	1
47	66	1
47	154	1
72	48	1
73	48	3
48	95	2
74	50	2
50	116	1
157	50	3
50	193	1
194	50	3
51	89	2
52	73	3
147	52	2
71	53	3
88	53	2
53	105	3
53	124	2
166	53	1
53	184	1
54	80	2
67	55	2
55	103	3
106	55	3
55	110	3
146	55	3
171	55	2
181	55	1
109	56	2
191	56	2
58	67	1
58	69	1
83	58	1
58	84	1
86	58	1
105	58	1
119	58	3
162	58	1
175	59	2
64	63	1
67	63	2
64	70	2
64	146	1
179	64	3
188	64	2
64	197	2
198	64	1
70	65	3
174	65	2
66	88	1
66	90	3
127	66	1
66	180	3
195	66	1
111	67	1
68	109	3
69	174	3
189	69	2
70	79	3
82	70	2
70	105	1
108	70	2
140	71	2
72	81	1
93	72	1
72	117	2
72	124	2
194	72	1
73	83	1
160	73	3
177	73	3
93	74	1
74	107	2
75	79	2
75	81	2
75	85	1
99	75	1
123	75	2
75	149	1
175	75	1
188	77	3
78	86	1
101	78	1
79	85	2
79	122	2
138	79	3
79	161	2
79	183	3
81	163	1
87	83	1
83	100	2
112	83	3
120	83	1
172	83	3
101	85	3
122	85	3
86	169	1
87	107	1
87	186	3
87	189	1
126	88	3
130	88	3
88	132	1
88	150	1
88	168	1
89	183	1
155	93	1
180	93	3
94	103	3
95	173	2
116	96	1
139	96	2
118	97	2
100	124	1
147	100	1
167	100	3
101	121	1
101	153	1
168	101	1
102	119	3
105	136	2
108	127	1
145	108	2
109	136	1
193	110	2
111	141	1
125	115	1
142	116	2
119	135	2
119	151	3
121	120	3
135	120	3
156	121	3
190	121	2
123	134	2
123	139	3
124	162	2
191	124	3
140	126	3
126	141	3
126	162	3
140	128	1
182	128	2
129	176	3
165	130	3
192	130	2
155	134	3
136	167	3
141	177	1
145	143	1
164	144	1
179	144	1
144	187	1
145	154	3
171	145	3
197	145	2
151	146	2
173	146	3
149	171	3
179	150	1
163	153	2
154	178	1
190	154	2
157	199	2
182	161	3
183	163	3
169	165	2
177	165	2
195	165	2
186	167	2
179	184	1
184	183	3
195	189	1
