0	156	1
547	0	1
0	440	3
517	0	3
329	0	2
71	0	1
77	0	2
220	1	1
422	1	1
274	1	1
390	2	3
2	119	2
384	2	2
2	462	2
2	136	2
160	2	1
434	2	2
2	217	3
3	275	2
3	433	1
3	508	1
3	125	1
111	3	3
111	4	2
151	4	3
4	420	1
4	517	3
4	365	3
5	371	1
14	5	3
345	5	3
467	5	3
564	5	2
259	5	2
554	5	2
209	6	3
6	311	3
303	6	1
6	297	1
319	6	3
222	6	1
151	6	1
364	6	1
57	6	2
517	7	3
155	7	1
214	7	1
7	567	1
209	8	2
569	8	3
215	8	3
8	39	3
8	523	2
9	70	1
592	9	1
103	9	1
152	9	3
9	349	2
113	9	2
10	305	1
338	10	3
10	385	1
548	10	3
52	10	1
78	10	1
11	162	2
237	11	1
244	12	3
575	12	1
12	36	3
561	12	1
259	12	3
12	155	1
129	12	1
13	447	1
135	13	3
13	350	1
13	203	3
584	14	3
14	413	3
323	14	1
14	231	1
566	14	2
15	218	3
533	15	2
15	262	1
97	15	2
27	15	1
478	15	2
15	264	1
15	425	1
196	15	1
150	15	2
90	15	3
15	140	2
15	499	2
553	15	2
16	237	3
349	16	2
16	476	3
17	412	1
17	188	1
17	531	1
17	576	3
118	17	3
17	334	1
543	17	1
464	17	1
17	449	3
17	168	1
17	430	2
504	18	1
471	18	3
18	39	3
18	438	1
18	472	3
18	40	1
18	542	3
456	19	3
19	85	3
19	152	2
19	294	2
541	19	1
264	19	2
170	19	3
20	357	2
593	20	3
368	20	2
20	82	1
21	558	3
21	520	3
21	300	1
21	220	1
425	21	3
21	390	3
131	21	2
132	21	1
231	21	3
508	21	2
21	280	3
208	22	2
122	22	3
221	22	3
22	188	1
22	390	2
22	383	2
207	22	2
30	22	3
23	388	1
234	23	2
128	23	1
23	481	3
23	189	1
23	510	3
23	435	2
24	553	1
215	24	3
378	24	3
146	24	2
24	502	2
24	185	2
24	566	2
24	513	3
25	192	2
134	25	2
308	25	3
25	341	1
566	25	3
25	411	3
25	395	2
288	26	2
26	27	3
164	26	3
214	26	1
43	26	3
459	26	3
338	26	1
26	57	1
26	528	1
74	26	1
27	349	1
481	27	2
27	292	1
43	27	2
27	100	2
27	417	1
27	476	1
49	28	3
28	306	2
28	155	1
28	272	2
28	538	1
28	92	1
29	380	3
29	532	2
191	29	2
329	29	3
29	134	3
335	30	1
30	383	1
30	107	2
130	30	3
30	199	3
151	30	1
30	422	3
30	467	2
31	455	2
249	31	2
31	459	2
274	31	2
60	31	2
350	32	2
32	567	3
32	311	2
32	143	1
32	36	1
32	354	1
235	32	3
485	33	2
538	33	3
408	33	1
33	161	2
232	33	1
33	93	2
403	34	1
398	34	2
34	390	1
34	422	1
34	353	2
36	34	1
35	533	3
328	35	1
35	82	1
91	35	2
105	35	3
513	35	1
35	100	2
35	590	1
36	154	1
97	36	3
232	36	2
36	250	3
103	36	3
37	409	3
258	37	2
446	37	3
37	584	1
135	37	3
434	37	1
37	180	2
38	576	1
233	38	2
38	446	1
169	38	1
421	38	1
570	38	2
540	38	1
595	39	2
39	435	2
91	39	3
39	229	3
40	336	1
40	565	2
581	40	2
40	316	3
40	100	1
428	40	1
245	40	1
40	48	3
540	41	3
41	202	3
488	41	3
41	71	2
41	475	3
41	136	1
42	468	3
143	42	3
42	191	3
175	42	3
42	392	2
43	391	3
79	43	2
43	274	1
150	44	3
44	367	2
44	170	1
416	44	3
106	44	2
361	45	2
45	534	3
504	45	1
467	45	1
45	582	2
46	250	2
46	546	3
46	507	2
46	570	1
46	587	3
46	407	2
408	47	2
260	47	2
233	48	3
393	48	1
445	48	2
48	442	2
48	514	1
526	48	1
446	48	2
505	49	2
49	487	3
405	49	3
49	585	1
440	49	2
49	103	1
49	56	2
49	508	2
311	50	3
50	359	1
436	50	1
579	51	2
51	218	1
324	51	1
51	52	2
51	374	1
91	51	2
51	461	1
479	51	1
52	243	3
52	448	3
52	171	3
52	150	2
445	52	2
52	84	2
82	52	1
53	532	1
53	60	1
419	53	2
302	53	2
53	157	2
507	53	1
364	54	3
54	587	1
351	54	3
54	245	1
54	372	1
441	54	1
408	55	3
55	160	3
216	55	1
109	55	2
55	58	2
375	55	3
315	55	3
56	222	3
56	295	1
56	152	2
56	200	2
56	318	1
56	308	2
261	57	1
240	57	3
57	529	2
57	138	3
486	57	3
58	354	2
356	58	2
58	592	3
58	576	3
545	58	2
414	58	1
58	90	2
58	297	3
59	260	1
168	59	1
59	166	1
316	59	2
435	59	3
164	59	1
290	59	1
59	332	3
59	148	2
60	450	2
406	60	2
60	249	2
402	61	3
585	61	1
397	61	3
61	244	3
147	61	3
61	135	2
61	107	2
61	528	1
62	202	2
62	466	1
227	63	1
63	83	2
599	63	2
63	467	3
63	423	1
64	375	3
64	493	3
64	340	2
181	64	2
64	364	2
305	64	3
65	511	2
65	562	3
462	65	3
105	65	2
335	65	1
292	65	2
66	142	1
466	66	2
511	66	1
448	66	1
447	66	1
66	178	2
301	66	2
258	67	3
67	83	3
309	67	3
155	67	2
67	394	2
341	67	3
157	67	1
519	68	3
591	68	1
68	188	1
68	529	2
489	69	1
69	175	2
421	69	1
154	69	2
248	70	1
378	70	1
70	131	1
70	179	3
228	70	3
146	70	2
92	70	1
71	298	3
71	190	1
588	72	3
72	364	1
72	201	2
73	593	3
418	73	2
561	73	2
74	550	3
393	74	1
308	74	1
439	74	2
75	211	2
551	75	3
75	555	2
75	202	1
315	76	1
509	76	1
76	117	2
76	214	3
593	76	3
498	76	1
198	76	3
306	77	3
335	77	1
249	77	2
78	467	2
556	78	3
218	78	3
78	522	2
78	568	3
78	409	3
79	565	3
144	79	1
173	79	1
514	79	3
79	461	2
509	79	3
79	147	2
590	80	3
549	80	2
80	495	1
320	81	1
82	90	2
82	274	2
343	82	1
599	82	3
194	82	3
574	82	3
473	82	2
83	118	2
83	334	3
83	581	2
276	83	1
84	403	2
156	84	3
223	85	3
85	180	1
85	544	3
85	135	2
264	85	2
492	86	1
263	86	1
581	86	2
86	350	1
194	86	1
86	270	3
219	87	3
87	356	2
375	87	2
87	95	2
87	342	3
255	87	2
252	87	1
87	411	1
87	234	1
87	90	1
333	88	1
88	131	1
466	88	1
450	88	2
103	88	3
89	432	2
287	89	2
89	437	2
268	89	2
508	89	3
572	90	2
90	198	2
182	90	1
90	255	3
264	90	3
90	326	3
435	90	3
380	91	1
91	114	3
91	409	3
300	91	2
434	92	3
556	92	1
92	580	1
92	206	2
343	92	1
92	286	2
92	336	1
464	92	1
92	181	2
93	301	1
93	426	3
185	93	1
93	195	3
94	121	2
558	94	3
598	95	3
450	95	2
95	248	3
96	357	3
96	111	2
201	96	2
371	96	3
97	272	3
527	97	3
97	563	3
257	97	1
98	269	1
98	342	3
154	98	1
99	370	1
106	100	3
100	435	1
306	100	1
100	581	3
594	100	3
100	597	1
100	126	1
100	495	2
101	325	3
494	101	2
101	241	2
101	298	2
386	101	1
312	101	1
376	101	2
432	102	1
113	102	1
102	524	1
523	102	3
387	103	3
103	229	3
339	103	2
232	104	3
104	498	1
104	267	3
104	524	2
474	105	3
105	286	1
106	440	3
106	439	2
203	106	3
134	106	3
106	279	2
106	573	1
106	202	2
578	106	3
131	107	3
210	107	2
107	200	2
145	107	2
494	108	1
108	434	1
274	108	3
250	108	1
108	488	1
108	129	1
109	390	2
450	109	1
109	351	1
126	109	1
347	110	3
110	450	3
508	110	1
110	208	1
110	451	2
111	259	2
479	111	2
474	111	3
111	393	2
340	111	3
145	112	1
259	112	2
288	112	2
351	112	3
564	113	2
350	113	1
113	550	1
595	113	3
114	552	1
537	114	3
175	114	2
114	160	1
124	115	3
115	180	2
337	115	3
116	329	3
396	116	1
139	117	2
202	117	2
216	117	3
117	260	2
117	242	3
117	582	2
118	161	2
118	457	1
166	118	1
528	118	2
221	118	2
119	208	1
119	261	3
311	119	1
119	539	3
119	420	1
120	583	3
120	406	1
120	155	2
432	120	3
188	120	3
120	550	2
377	120	1
444	120	2
120	355	1
246	121	2
121	525	3
121	364	2
159	121	2
121	315	3
182	121	1
121	266	3
122	473	1
396	122	2
190	122	2
122	251	2
122	263	3
123	419	2
351	123	3
123	265	2
193	123	1
240	123	2
123	533	2
123	376	3
290	123	2
124	593	2
124	325	3
125	300	2
365	125	2
520	125	1
583	125	3
510	126	1
270	126	2
126	596	3
126	352	1
126	478	3
517	127	3
127	481	1
127	215	2
127	547	2
579	127	1
312	127	2
127	530	2
588	127	3
127	226	1
400	127	1
285	127	1
127	313	2
127	234	3
127	334	3
280	128	2
128	508	2
197	128	3
128	375	3
410	128	1
368	128	3
129	382	3
129	301	3
244	129	2
394	129	2
129	177	2
169	129	2
197	130	1
541	131	1
131	277	1
131	401	1
131	314	3
132	537	3
132	200	2
133	132	3
132	425	3
132	539	3
132	559	2
235	133	2
384	133	3
133	594	2
513	133	2
133	550	1
526	133	1
307	134	2
134	324	2
422	134	1
440	134	3
134	160	1
134	204	2
134	277	2
134	414	2
134	300	1
244	135	1
540	136	2
136	381	2
421	136	3
136	411	3
136	420	3
136	401	2
369	137	3
431	137	1
137	227	3
138	561	3
219	139	1
458	139	3
344	140	1
548	140	1
140	381	3
402	141	3
358	141	1
249	141	3
180	142	3
592	142	2
142	264	2
143	396	3
410	144	3
307	144	3
144	431	3
144	599	2
598	144	2
144	185	2
169	144	3
144	504	3
582	144	1
408	145	3
585	145	3
145	176	1
595	145	3
501	145	2
409	146	1
426	146	3
146	527	1
234	146	2
160	146	3
594	146	2
382	146	2
146	372	3
321	147	1
318	147	2
289	147	1
147	495	1
410	147	1
542	148	1
156	148	2
149	423	2
149	350	3
565	149	3
211	149	3
149	550	3
149	586	1
313	150	1
150	338	3
260	150	3
150	571	3
150	405	1
223	151	2
151	201	2
151	215	3
520	151	2
151	208	2
242	151	3
491	152	1
152	389	3
152	258	3
152	339	1
199	153	3
153	488	1
153	186	3
582	153	2
153	358	3
291	153	3
422	153	1
422	154	3
154	391	2
375	154	1
154	413	3
155	373	2
155	159	1
553	156	2
585	156	3
398	157	1
256	157	1
157	545	2
414	157	2
158	364	1
164	158	2
159	237	1
159	461	2
159	223	3
159	250	2
305	159	1
159	388	2
186	160	1
160	221	1
304	160	1
535	160	1
161	338	2
161	307	3
161	551	3
291	161	1
162	466	3
162	436	3
162	223	2
163	399	3
163	291	3
308	163	2
163	322	3
540	164	1
298	164	2
502	164	2
447	165	3
165	420	2
165	508	3
166	383	2
190	166	1
338	166	3
307	166	3
166	573	3
517	166	3
167	413	3
515	167	2
342	167	2
391	168	2
234	168	1
168	479	3
273	169	3
169	497	2
169	543	3
327	169	3
538	170	2
170	458	1
170	596	2
171	598	1
321	171	1
325	171	3
171	241	2
171	525	2
593	171	3
171	314	2
172	273	3
172	386	2
172	559	1
172	333	1
574	172	2
201	172	2
173	395	1
173	195	3
206	173	1
550	174	2
307	174	2
174	326	3
292	174	2
424	174	3
175	498	1
496	175	2
250	175	2
268	175	2
176	293	2
415	176	1
176	558	3
594	176	3
592	176	3
539	176	2
178	317	1
178	313	3
235	178	3
178	209	2
548	178	1
179	205	1
243	179	1
599	179	3
180	537	3
594	180	2
180	373	1
180	238	3
387	181	2
477	181	2
181	472	2
181	543	2
181	220	1
182	488	1
202	182	3
182	450	3
182	504	3
566	182	2
183	578	1
405	183	2
457	183	1
329	183	1
198	183	3
184	206	3
542	184	3
184	434	2
184	512	2
431	184	1
184	287	2
548	184	2
185	584	2
185	527	3
185	460	3
185	331	3
292	186	1
525	186	3
186	253	1
187	510	2
203	187	3
578	187	2
461	187	3
187	575	2
188	431	2
188	333	1
188	239	3
266	188	2
385	189	3
457	189	1
506	189	2
327	189	3
190	395	2
436	191	1
451	192	1
578	192	2
305	193	3
340	193	1
194	424	1
382	194	3
195	241	1
196	227	1
307	196	3
196	305	3
197	478	2
277	197	2
249	197	3
197	394	3
281	197	2
197	462	2
198	567	1
408	198	1
198	573	1
198	472	3
199	593	3
499	200	3
201	405	2
202	251	3
202	515	2
203	246	2
203	368	1
204	280	1
222	205	1
205	561	2
489	205	3
206	379	1
206	563	1
396	207	1
207	372	1
444	207	3
514	208	1
346	208	3
434	208	1
208	248	1
208	233	3
209	498	2
209	330	1
209	575	1
390	209	2
209	353	3
362	209	2
501	210	3
513	210	3
559	210	2
312	210	2
210	463	1
392	211	3
211	359	2
516	211	1
462	211	2
211	367	2
502	212	3
212	368	2
212	404	3
213	317	1
214	267	2
397	214	1
214	585	3
214	595	2
214	573	1
215	256	3
215	509	3
390	216	3
260	216	2
216	344	2
394	216	1
598	216	3
217	581	2
217	284	1
217	327	3
217	573	3
217	547	2
342	217	2
217	598	1
218	555	1
230	218	1
255	219	2
230	219	2
321	219	1
575	219	2
274	220	2
400	220	3
349	220	3
292	220	3
430	220	3
221	410	3
560	221	1
222	571	1
525	222	1
223	584	2
223	535	3
448	224	2
347	224	3
301	224	1
224	594	2
225	599	3
225	384	2
517	226	1
337	226	2
226	561	1
541	226	3
226	283	3
227	321	1
586	227	2
526	227	2
561	227	1
228	351	1
228	587	2
228	596	3
360	228	1
554	228	2
228	338	2
228	286	2
229	344	3
330	229	2
229	350	2
230	250	3
520	230	2
231	495	3
231	507	1
231	354	1
370	231	2
358	232	1
232	311	2
378	232	1
233	349	1
233	430	1
538	233	3
233	560	1
592	233	1
463	234	3
282	234	1
325	234	1
234	317	3
234	315	3
235	344	3
455	235	1
288	235	2
235	322	3
236	289	1
236	334	2
236	286	2
478	236	1
261	237	1
564	237	3
238	547	3
238	537	3
238	539	3
238	583	1
239	397	2
239	556	2
467	239	1
591	240	1
382	240	2
419	240	2
274	241	3
242	385	1
243	469	1
243	573	1
437	243	1
243	499	3
243	590	2
243	263	1
537	243	3
593	243	1
243	480	1
244	278	3
327	244	1
244	404	3
244	566	3
245	295	1
245	470	1
246	310	3
389	246	2
411	246	2
471	246	3
246	362	2
246	492	2
427	246	2
247	587	3
383	247	1
502	247	1
576	247	1
553	248	3
248	268	3
362	249	3
249	384	1
249	456	1
444	250	1
461	250	2
250	340	3
251	321	1
417	251	3
251	498	3
252	526	2
252	338	1
252	259	3
510	253	3
559	253	3
551	253	3
253	580	1
329	254	2
422	254	3
376	254	3
401	254	1
491	255	2
255	578	3
255	532	2
267	255	2
319	255	3
345	255	2
256	292	1
391	256	2
256	400	2
256	427	2
360	256	2
420	257	2
347	258	3
258	378	1
565	259	1
443	259	2
523	259	1
374	259	2
550	259	1
259	521	2
375	259	1
260	295	3
260	452	3
260	526	2
260	590	2
422	260	1
260	512	3
314	261	3
261	281	2
261	387	3
262	468	1
262	292	1
379	262	1
532	262	2
395	262	2
263	330	3
263	540	1
263	458	3
263	463	2
264	305	2
269	264	2
264	336	3
265	357	2
473	265	3
266	323	2
581	266	2
266	311	1
507	267	3
325	267	1
268	291	3
268	559	1
551	268	1
268	542	2
548	269	2
399	269	2
269	523	1
392	270	2
504	271	2
271	492	2
271	386	2
271	533	1
272	422	3
400	272	2
272	415	1
328	272	3
367	272	3
469	273	3
273	448	2
275	503	1
514	275	2
454	275	1
276	471	1
377	276	3
276	366	2
285	277	2
277	304	1
277	462	2
278	360	1
589	278	3
278	466	1
583	278	2
278	348	3
278	327	2
279	334	1
414	279	2
379	279	1
279	472	3
303	279	1
279	432	3
492	280	3
281	509	3
281	324	1
281	564	3
282	451	2
340	282	1
283	540	2
283	350	2
283	331	1
498	284	3
432	284	2
313	284	3
284	333	1
285	597	3
292	285	3
461	286	3
539	286	3
286	525	2
287	541	3
288	575	1
310	288	3
288	563	3
394	289	2
593	289	2
290	554	2
290	462	2
410	291	2
523	291	1
291	473	3
380	292	3
292	417	1
292	463	1
553	292	1
292	326	2
293	460	2
324	293	3
293	585	2
365	293	1
293	455	2
520	294	2
402	294	2
382	294	2
316	295	2
451	295	3
416	295	3
325	295	3
297	324	2
536	297	1
297	479	1
568	297	1
297	550	3
299	322	3
299	507	2
299	306	3
406	299	3
299	430	3
425	300	2
300	516	3
585	300	1
371	301	3
544	301	3
525	302	1
487	302	2
303	508	3
303	306	2
459	303	1
522	303	3
305	491	3
305	575	2
414	305	2
305	396	1
306	473	3
306	590	3
413	306	1
306	513	1
330	306	3
494	306	1
306	360	3
364	307	1
308	452	3
308	591	2
553	308	1
457	308	1
308	311	2
309	462	3
412	309	3
310	533	3
312	366	2
312	471	2
312	404	2
320	312	2
312	412	2
460	312	3
313	416	2
313	563	2
357	314	1
315	553	1
486	316	3
373	316	1
598	317	2
569	317	2
317	571	1
317	547	2
317	530	1
318	498	2
319	320	2
319	381	2
320	395	1
320	337	2
464	320	2
320	332	1
568	321	2
496	322	1
510	322	1
359	322	3
322	346	3
322	370	2
322	567	3
322	339	3
323	343	1
327	323	3
372	324	2
499	324	3
402	325	1
396	325	2
325	506	1
325	382	1
326	495	1
326	357	1
326	575	2
327	501	2
472	327	2
327	524	2
328	403	1
383	328	2
332	328	3
454	329	3
329	464	3
358	329	3
330	585	2
510	330	3
330	475	1
471	330	2
331	349	1
510	331	3
332	575	1
332	535	2
401	332	2
515	332	2
571	332	2
512	333	3
334	437	3
334	396	2
335	471	1
539	335	1
561	336	2
528	337	2
337	390	2
338	548	1
338	448	1
445	338	2
432	339	2
402	339	3
339	398	3
593	340	3
445	340	1
340	565	1
537	341	3
413	342	2
395	342	1
342	393	2
343	408	2
343	490	3
460	343	2
344	556	1
344	435	3
344	540	2
444	344	1
562	345	3
345	545	3
454	345	1
588	346	3
475	346	2
461	347	2
572	347	2
512	347	1
597	348	1
587	348	1
348	349	1
348	564	3
348	378	2
349	508	1
349	353	3
522	349	3
349	571	1
349	551	1
350	577	2
350	379	2
350	353	3
443	350	2
351	368	1
351	476	3
352	527	1
422	352	3
487	352	1
352	420	3
352	438	2
412	353	3
445	353	3
353	375	2
354	439	2
354	547	2
442	354	1
479	355	1
355	547	1
355	358	1
464	356	2
356	451	3
357	416	2
454	357	1
514	357	2
536	357	1
357	393	3
367	357	3
358	464	3
445	359	1
372	359	2
561	360	1
368	360	1
361	399	1
361	477	3
473	362	1
362	486	2
509	363	2
363	492	2
568	363	2
364	407	2
364	499	1
523	365	1
366	519	2
392	367	3
598	367	2
508	367	3
368	598	2
368	473	3
370	544	1
370	372	3
370	390	3
370	542	1
371	499	3
371	379	2
372	475	1
372	503	2
504	372	2
525	372	1
583	372	1
373	565	1
373	398	1
373	434	3
373	543	1
504	373	1
577	374	2
375	448	1
376	430	3
377	596	2
377	557	2
377	384	1
516	377	3
517	377	2
378	587	3
378	380	2
378	485	2
596	379	1
487	379	3
504	382	1
451	382	2
557	383	2
419	383	3
542	383	1
461	383	3
384	531	1
400	384	3
384	570	1
384	453	3
575	385	1
385	560	2
385	572	2
386	496	2
408	386	1
386	434	1
436	387	2
388	389	1
411	388	3
388	433	2
509	389	2
391	499	2
391	425	1
466	391	3
419	392	2
392	488	2
393	550	1
394	436	3
394	526	2
394	454	3
395	574	2
513	395	1
562	395	1
396	594	1
538	396	3
509	396	3
413	397	2
510	397	1
501	398	1
398	521	3
481	398	2
446	398	3
399	474	3
531	401	1
518	401	3
586	402	3
402	449	2
403	495	3
475	403	2
404	450	3
539	405	2
534	405	3
590	405	3
482	406	3
406	505	1
546	407	1
408	474	1
408	435	1
417	408	2
560	411	1
411	448	1
411	451	2
411	438	3
452	411	1
413	488	1
587	414	2
430	415	3
469	415	1
536	415	3
416	430	3
416	528	1
578	416	2
482	418	3
418	589	3
459	418	1
419	432	2
436	419	3
446	419	1
548	420	2
458	420	3
505	421	1
473	421	3
521	422	3
575	422	2
422	560	1
577	423	2
570	423	2
424	538	2
424	471	2
574	425	1
481	425	1
426	571	2
479	426	2
427	563	2
460	429	3
550	429	2
430	498	3
548	430	2
583	430	3
507	431	3
505	431	1
472	431	1
433	534	1
434	555	2
575	434	1
435	515	3
488	436	3
539	437	1
438	573	2
440	448	1
441	469	2
455	441	2
519	441	3
467	441	1
559	443	1
529	444	2
495	445	2
445	582	2
445	501	3
445	498	2
446	452	1
446	453	1
447	551	2
447	448	2
447	578	3
498	448	3
582	449	3
485	450	2
473	450	2
547	450	2
513	451	3
562	452	1
553	452	3
527	452	1
453	582	1
490	453	3
454	457	3
458	455	3
586	455	1
528	456	1
457	497	1
458	554	3
458	591	1
503	459	1
564	460	3
460	589	1
460	597	1
567	462	2
478	462	1
464	490	2
464	582	1
465	537	3
560	465	1
466	592	1
477	466	1
546	467	2
480	467	2
532	467	3
468	523	2
469	510	1
470	545	2
471	479	3
547	472	3
554	472	3
564	473	1
474	508	2
524	474	2
556	475	2
475	587	1
476	580	3
554	476	2
477	591	1
511	477	2
478	562	2
480	493	2
480	591	1
583	481	2
526	481	2
511	481	1
482	586	1
532	483	2
488	492	2
489	493	2
510	490	2
491	494	2
526	491	2
512	492	1
492	579	2
492	557	1
493	518	1
493	576	2
495	580	1
583	495	1
537	496	2
577	496	1
497	556	1
497	585	1
497	530	1
566	500	1
554	500	3
506	501	3
553	501	1
580	503	2
556	503	3
516	506	3
506	576	1
582	508	1
565	509	1
516	513	3
567	514	2
594	517	2
524	517	3
518	573	1
586	519	1
590	520	3
520	575	3
587	524	1
537	526	3
582	528	3
529	541	1
529	581	3
596	531	1
532	555	2
533	576	1
585	537	2
572	538	1
544	594	2
546	555	3
591	546	1
552	554	3
552	562	2
566	552	1
582	553	2
561	556	2
588	556	2
557	574	1
584	558	3
568	558	2
565	561	1
591	564	3
583	564	3
596	571	2
574	598	2
575	594	3
597	575	2
596	588	2
