296	0	2
0	535	3
476	0	2
0	394	3
0	417	1
92	0	2
0	269	2
444	1	3
494	1	1
376	1	1
280	1	3
1	491	3
588	1	1
1	514	2
367	2	3
2	426	2
2	569	3
2	240	1
2	580	3
334	2	3
446	2	3
3	479	2
3	364	3
3	104	3
360	3	3
3	389	3
253	3	3
226	3	1
3	336	1
43	3	3
247	3	2
89	4	1
4	353	1
86	4	1
4	576	3
179	5	3
144	5	3
5	413	2
5	560	2
5	404	2
322	5	3
6	148	1
6	537	1
61	6	1
533	6	3
459	6	1
6	294	1
29	6	2
6	95	2
7	580	3
7	413	1
387	7	2
579	7	3
7	249	2
597	7	1
7	263	1
447	7	2
228	8	2
8	137	3
8	292	1
8	562	1
51	8	3
8	546	1
269	8	2
528	8	1
357	8	1
8	178	1
356	9	1
9	137	3
18	9	2
9	197	1
9	146	1
417	10	2
561	10	1
10	578	1
393	11	2
11	212	3
368	11	1
11	487	3
178	11	2
395	11	1
59	11	1
11	264	1
164	12	1
12	264	1
190	12	2
455	12	1
12	34	2
301	12	1
13	291	2
329	13	2
275	13	2
13	91	2
14	33	1
14	390	2
275	14	1
14	291	2
14	490	3
15	369	2
15	336	2
182	15	1
99	15	2
15	291	3
564	16	3
316	16	2
16	230	1
16	215	3
311	16	1
16	392	3
420	16	1
16	368	3
160	16	3
288	17	3
215	17	2
62	18	2
122	18	3
231	18	3
18	362	1
321	18	2
18	112	2
18	386	1
18	430	2
18	234	2
18	417	2
18	388	2
237	19	1
19	122	3
97	19	2
426	19	1
321	20	1
490	20	3
20	174	3
20	489	1
20	508	1
20	157	3
194	21	1
56	21	3
21	478	1
587	21	3
21	268	2
21	42	3
48	21	2
22	500	2
22	265	1
571	22	2
22	56	1
190	23	1
24	537	3
359	24	3
317	25	1
25	139	2
25	387	3
201	25	3
340	25	1
507	25	2
521	26	3
26	505	3
180	26	3
410	26	3
374	26	2
97	26	3
26	333	3
26	565	1
26	561	1
26	210	1
26	64	3
27	469	1
321	27	3
28	192	2
28	190	2
28	419	2
28	218	2
28	486	2
258	28	2
28	477	2
61	28	3
230	28	2
178	28	3
520	28	3
28	197	2
251	29	2
539	29	1
517	29	1
324	29	1
537	30	1
30	178	2
196	30	3
450	30	3
405	30	2
30	144	3
30	534	3
243	31	2
506	31	1
388	31	1
79	31	3
32	317	3
32	34	2
33	371	2
33	288	1
251	33	1
33	528	1
388	33	1
94	33	1
75	33	2
33	278	1
557	33	2
34	517	1
34	415	2
444	34	1
578	35	3
290	35	3
177	35	2
455	35	1
35	82	3
328	35	1
36	310	3
53	36	2
36	168	1
102	36	2
36	366	1
36	210	3
36	277	2
440	36	2
36	176	2
36	489	2
36	342	3
36	207	2
233	37	1
37	219	1
37	409	3
190	37	1
71	37	1
294	37	2
391	37	1
37	457	1
202	38	3
418	38	2
467	38	2
38	438	1
38	551	3
39	108	1
289	39	2
332	39	1
39	85	2
39	215	2
130	39	2
39	174	3
39	334	3
39	409	3
39	106	1
40	93	2
570	40	3
285	40	1
40	331	2
40	266	3
40	420	3
41	480	2
41	466	3
546	41	1
427	41	2
41	430	1
385	41	1
373	42	3
42	320	2
42	362	3
42	67	3
216	42	3
42	473	1
75	42	1
42	379	3
42	287	3
43	476	3
43	105	3
546	43	2
44	479	3
93	44	3
44	325	1
45	544	2
162	45	1
441	45	2
242	45	3
575	46	2
157	46	2
47	324	3
334	47	2
182	47	1
495	47	3
47	477	2
47	432	1
48	280	2
285	48	2
48	546	2
48	187	3
506	48	3
493	48	3
477	48	1
393	49	3
320	49	3
65	49	2
49	314	1
466	49	1
138	50	3
118	50	2
294	50	3
164	50	3
151	51	3
536	51	2
51	484	1
450	51	1
52	456	1
485	52	1
52	385	3
477	52	2
260	52	2
202	52	2
52	98	2
328	53	3
53	347	3
53	276	1
53	530	1
536	54	2
54	484	2
275	54	2
54	554	1
54	279	1
54	366	1
54	323	2
507	55	3
282	55	1
55	358	1
55	599	1
55	509	2
55	489	3
342	56	2
77	56	3
56	403	3
56	512	2
57	159	2
57	290	2
57	355	3
57	277	2
404	57	3
592	58	3
59	477	3
561	59	2
59	217	1
59	539	2
60	471	1
108	60	3
321	60	3
60	76	1
60	406	2
60	526	3
60	515	2
61	508	1
442	61	3
61	592	2
156	61	1
62	78	3
62	287	3
557	62	2
62	441	2
62	544	2
62	255	3
63	447	2
63	272	2
64	414	3
106	64	1
64	429	2
353	64	3
347	64	3
64	310	2
65	210	1
65	196	1
65	375	3
66	508	2
66	518	1
66	102	1
348	66	2
66	288	1
66	249	2
375	66	2
67	265	1
315	67	1
67	259	3
343	67	2
67	507	3
588	67	1
67	417	1
68	71	3
327	68	2
68	144	1
68	146	3
68	476	1
68	236	2
216	68	1
289	68	2
478	68	1
69	97	1
441	69	2
210	69	2
312	69	2
213	70	3
70	149	3
303	70	2
98	70	3
70	479	1
249	71	1
71	431	1
304	72	1
155	72	2
584	72	3
72	97	3
72	295	2
311	73	1
352	73	2
73	245	1
103	73	1
73	489	2
74	343	2
355	74	3
74	172	2
139	74	1
74	237	2
74	522	3
74	136	3
429	74	1
74	293	2
75	115	2
194	75	1
75	318	2
76	265	1
112	76	3
76	526	2
513	76	2
416	76	3
446	77	3
77	504	3
77	283	3
240	78	2
516	78	2
399	78	2
78	186	3
288	79	2
483	79	2
79	173	3
386	79	2
383	79	2
343	79	1
508	79	3
327	80	3
80	152	1
108	80	3
297	81	2
109	81	1
81	124	1
83	491	3
128	83	1
595	83	3
538	83	3
83	298	1
199	83	1
100	83	2
158	84	3
84	482	1
550	84	1
84	303	3
347	84	2
249	84	3
209	84	1
85	577	3
85	457	3
86	187	2
139	86	1
284	86	1
163	86	3
87	583	2
189	87	2
87	207	1
227	87	3
87	302	1
88	422	3
227	88	3
502	88	3
366	88	1
88	284	2
88	419	1
88	105	1
467	89	1
89	435	2
310	89	1
308	89	1
89	285	2
530	89	3
345	89	3
89	275	2
89	375	1
89	403	3
108	90	3
90	337	2
418	91	3
232	91	3
91	228	3
388	91	1
402	92	3
92	490	2
161	92	2
425	92	3
92	103	2
93	391	3
93	425	3
93	387	1
93	518	2
93	94	1
552	94	3
225	94	3
121	94	2
557	94	3
94	388	3
506	94	3
530	94	2
503	95	1
95	550	2
95	393	3
586	95	1
95	138	2
95	545	3
511	95	3
95	223	1
96	522	2
96	353	3
96	266	2
96	257	2
276	96	3
96	342	2
96	235	1
96	389	3
556	96	1
599	97	3
216	97	2
389	97	2
448	98	3
219	98	2
98	471	1
427	98	3
99	377	1
99	474	3
373	99	1
99	317	3
157	99	3
99	388	2
442	99	2
563	99	3
154	100	3
100	177	3
100	587	2
100	465	3
474	100	3
423	101	3
101	253	2
102	307	1
102	310	2
278	102	1
504	102	1
578	102	1
102	104	2
460	102	2
103	117	1
404	103	1
366	103	1
245	103	2
519	103	3
103	460	3
104	321	1
297	104	2
512	105	1
105	510	3
105	578	2
106	517	1
106	136	1
106	470	3
439	106	2
106	243	3
106	333	2
593	106	2
106	295	3
107	503	3
107	352	3
107	567	2
286	107	1
378	107	3
107	147	2
410	107	1
485	108	2
177	108	1
108	186	3
108	316	2
108	489	1
108	444	3
108	149	2
599	108	2
109	254	3
196	109	2
109	570	3
485	109	2
109	484	3
110	598	1
110	122	3
110	191	3
110	480	1
587	110	1
212	111	3
487	111	1
111	117	2
111	589	3
174	111	3
240	111	1
147	111	3
356	111	2
111	584	2
498	112	3
112	248	3
323	112	2
112	539	1
113	366	1
113	259	2
113	411	2
269	113	2
114	435	2
241	114	2
357	114	1
490	114	2
205	114	1
132	115	2
373	115	1
116	346	3
548	116	1
287	116	1
116	166	2
117	342	2
117	368	3
346	117	1
117	404	1
117	501	3
560	117	1
118	297	1
452	118	1
331	118	3
118	575	2
339	118	3
118	313	3
416	119	1
119	367	2
461	119	1
120	421	3
120	459	2
120	391	2
532	120	3
333	120	2
178	120	2
265	120	3
577	120	2
127	121	1
507	121	2
275	121	3
309	121	2
362	121	3
186	122	3
122	180	2
572	122	3
575	123	3
180	123	2
123	273	1
124	279	1
407	124	3
577	124	1
124	546	3
501	124	3
554	124	3
495	124	1
377	124	2
292	125	2
511	125	2
274	126	3
476	126	2
127	241	3
436	127	2
256	127	3
511	127	3
421	127	3
363	127	2
372	127	1
127	468	1
549	127	1
128	154	1
128	338	1
128	261	3
129	172	2
201	129	2
305	129	2
328	130	2
351	130	3
130	460	1
219	130	3
488	130	3
131	349	3
131	252	1
131	457	1
131	565	3
267	131	2
131	253	1
131	556	2
264	131	2
488	131	3
485	131	2
131	561	3
265	132	1
132	472	3
576	132	1
132	379	3
133	215	2
449	133	2
133	290	3
180	133	2
133	237	2
134	165	3
141	134	2
134	415	3
458	134	1
134	363	3
571	134	3
134	468	1
134	155	3
134	548	1
134	581	1
134	298	3
451	134	3
514	134	1
135	594	1
135	504	3
207	135	1
135	195	2
441	135	3
577	135	1
347	136	2
136	480	1
136	184	2
208	136	3
136	429	2
550	136	1
269	137	3
392	137	1
137	407	2
252	137	1
137	525	1
137	178	1
138	347	3
138	475	2
138	319	1
138	417	3
188	138	1
138	151	2
251	139	3
490	139	3
286	139	3
139	537	1
139	142	1
139	524	1
139	375	3
483	139	3
235	140	1
140	205	1
154	141	1
504	141	2
151	141	1
191	141	3
196	142	1
142	502	1
142	238	3
206	142	2
143	460	3
391	143	2
185	143	1
143	390	3
144	353	1
144	252	1
196	144	3
443	144	3
554	144	2
144	472	1
144	195	1
270	145	2
461	145	3
146	435	1
146	517	2
146	179	3
147	472	2
147	583	3
516	147	1
287	147	3
147	333	1
360	147	2
202	147	1
147	368	1
521	147	1
589	148	1
525	148	2
148	178	3
314	148	1
149	512	2
149	439	1
230	149	1
150	353	3
416	150	1
314	150	1
361	150	2
150	326	2
275	151	3
480	151	2
151	487	3
455	151	2
287	152	2
152	185	1
153	558	1
208	153	1
254	153	1
153	378	2
153	340	3
460	153	1
154	296	1
514	154	3
209	154	3
518	154	3
154	285	3
499	155	3
228	155	3
407	155	1
155	396	1
155	536	3
162	155	2
232	156	2
156	242	1
156	196	1
482	156	3
157	375	1
492	157	1
549	157	3
254	157	2
239	157	3
157	318	3
158	250	2
158	390	1
158	529	1
554	158	2
158	167	2
224	158	3
159	356	1
381	159	2
159	592	1
567	159	1
543	160	1
160	575	2
491	160	2
490	160	3
160	255	3
308	160	3
161	405	1
374	161	2
237	161	1
161	222	3
241	162	1
162	359	2
162	340	2
162	510	1
510	163	3
163	564	2
163	347	1
163	334	3
486	163	2
164	234	3
164	456	3
501	164	2
365	164	2
164	372	2
403	165	3
400	165	2
165	382	2
165	315	1
165	584	1
165	401	3
166	424	2
398	166	3
166	534	1
523	166	3
166	216	1
166	577	1
167	381	2
169	507	1
169	534	3
457	169	2
289	169	1
481	170	3
170	207	2
170	590	2
595	170	2
170	332	1
171	478	3
171	191	2
171	397	3
171	467	1
455	172	1
172	184	3
227	172	3
580	172	1
402	172	1
172	503	2
173	287	1
173	248	1
174	202	1
174	589	3
329	174	1
175	225	2
542	175	3
328	175	1
176	299	3
176	371	1
186	176	2
176	587	2
462	176	1
176	189	2
177	319	2
202	177	1
547	177	1
293	178	2
178	280	1
515	179	3
470	179	3
180	272	3
374	181	2
181	531	3
181	411	2
182	369	3
425	182	2
354	182	3
182	235	3
182	491	3
182	207	3
334	183	1
271	183	3
222	183	1
485	183	1
302	183	1
548	184	3
185	355	2
185	553	1
185	340	3
185	294	3
480	185	1
496	185	1
425	186	3
259	186	2
186	275	3
186	424	3
186	568	1
187	225	3
374	187	2
251	187	3
294	188	1
188	408	3
275	188	3
366	188	1
189	598	1
189	485	2
429	189	3
262	190	1
190	501	1
190	416	2
289	190	1
480	190	3
404	190	2
191	494	3
354	191	3
191	591	2
191	292	2
284	191	2
191	275	1
219	191	1
191	348	3
546	191	1
256	191	3
414	191	3
192	522	1
192	568	1
439	192	3
293	192	3
192	373	3
466	193	3
590	193	2
193	260	2
570	193	2
419	194	2
207	194	3
589	194	3
195	202	3
394	195	2
360	195	2
195	544	3
566	196	1
207	197	3
197	231	3
335	197	3
197	487	1
574	197	3
198	511	1
198	447	3
588	198	1
198	348	1
293	199	1
199	265	1
199	381	3
285	200	2
200	444	1
368	200	1
200	250	1
564	200	1
200	472	1
510	201	3
201	388	3
284	202	1
202	385	3
202	492	3
202	364	1
202	463	2
491	202	3
203	273	2
203	307	1
533	203	1
490	203	1
534	203	3
203	206	2
204	455	1
453	204	2
481	205	2
206	480	1
206	420	2
206	579	2
207	401	2
317	207	2
207	216	3
491	207	3
443	207	2
207	328	1
208	489	3
208	589	3
208	460	1
387	209	3
209	409	2
594	209	3
209	253	1
447	209	1
210	454	1
210	539	2
488	210	1
415	210	2
210	509	1
273	211	1
294	211	3
211	325	3
548	212	3
406	212	2
212	349	3
212	538	3
212	217	3
262	213	1
213	393	2
459	214	2
265	214	1
504	214	2
436	214	2
215	362	2
379	215	3
215	576	1
215	506	2
215	496	3
560	216	1
216	356	2
448	216	1
216	399	1
216	321	1
297	216	1
474	217	2
356	217	1
217	322	1
476	217	2
280	217	2
218	585	3
336	218	2
231	218	2
504	218	3
387	218	1
218	292	1
530	219	2
219	458	1
219	539	3
515	219	3
219	595	2
371	219	3
376	220	2
467	220	1
220	460	2
220	455	1
504	220	3
358	221	3
504	221	2
221	373	2
221	464	1
293	221	1
222	385	1
286	222	1
444	222	1
543	224	3
224	523	1
224	511	2
460	224	1
224	548	2
224	405	3
293	225	2
225	303	2
225	461	3
225	311	2
225	479	1
226	599	1
226	337	1
321	226	3
595	226	2
226	478	3
227	540	2
306	227	1
404	227	3
483	228	1
228	460	2
351	228	2
526	228	1
228	250	1
311	229	3
444	229	2
229	432	1
551	230	1
230	420	1
460	231	3
588	231	2
544	231	1
557	231	3
314	231	1
514	232	3
232	448	3
274	232	1
431	233	1
233	499	3
233	539	1
407	234	3
235	263	2
261	235	3
237	235	1
249	235	2
235	538	1
236	446	1
236	381	1
307	236	1
245	236	3
474	237	1
237	562	2
503	238	1
343	238	2
541	238	1
436	238	2
324	238	2
399	239	1
239	572	3
507	240	3
240	353	2
334	240	2
517	241	1
241	272	2
241	363	3
413	242	2
242	347	2
575	242	1
243	370	1
243	304	1
243	362	3
324	243	2
243	343	2
397	244	1
345	244	2
244	309	1
245	360	1
551	245	2
245	481	1
246	479	3
293	246	3
536	246	3
247	403	2
247	578	1
247	581	2
455	249	2
249	374	1
450	249	2
249	325	2
249	518	1
250	538	3
297	250	2
547	250	1
587	250	3
341	250	2
352	251	1
251	295	1
251	305	2
408	251	3
252	488	2
252	497	3
253	519	3
253	450	3
561	253	2
253	439	3
254	499	2
254	339	2
546	254	1
290	254	2
254	396	2
446	254	3
255	593	1
524	255	2
255	595	3
446	255	1
490	255	2
256	539	1
256	382	3
257	469	3
257	263	1
257	493	3
258	288	3
279	258	3
393	259	3
573	259	2
411	260	3
260	509	2
261	475	1
265	261	3
570	262	1
262	494	2
262	301	2
269	262	1
375	262	3
415	263	2
486	263	1
318	263	3
590	264	1
562	264	3
301	264	1
267	414	2
267	447	2
267	551	1
558	267	1
268	411	2
268	294	3
324	269	3
472	270	1
554	270	2
555	270	3
271	287	3
271	526	1
271	474	3
271	546	3
271	481	1
271	427	3
464	271	3
304	272	1
272	468	2
295	272	2
273	284	1
583	273	2
273	421	3
274	302	3
274	369	3
274	450	1
275	432	3
275	551	3
275	334	3
339	277	1
277	377	3
278	572	1
278	430	1
278	520	1
278	351	1
278	425	2
278	586	3
279	305	2
279	531	1
280	586	1
581	280	2
281	500	1
281	425	3
281	330	1
597	281	2
312	281	2
318	281	2
560	282	2
282	586	1
402	282	1
283	531	3
405	283	1
283	417	2
284	381	3
504	284	2
349	284	2
407	284	2
495	285	1
285	577	1
595	285	3
380	286	2
381	287	1
287	437	3
445	287	1
508	287	2
552	287	3
538	287	3
433	289	3
289	409	3
373	289	1
290	572	1
401	290	3
291	537	1
292	428	1
536	292	1
293	533	2
442	294	2
294	473	1
294	434	2
294	337	2
295	513	1
295	428	2
295	548	2
296	586	2
405	296	3
297	469	3
561	297	1
297	341	1
298	304	2
476	298	1
299	525	2
299	535	2
389	300	2
304	300	2
301	464	1
382	301	3
301	394	3
421	302	1
303	407	3
303	331	2
303	370	1
514	303	3
303	406	1
304	392	1
304	408	3
490	305	2
311	305	3
559	306	1
337	306	1
551	306	1
307	492	2
435	307	3
581	307	2
398	307	2
492	308	1
309	586	2
309	393	3
309	548	2
533	309	3
310	423	3
427	310	3
381	311	1
426	312	3
344	312	3
491	313	3
313	424	2
313	596	1
434	313	1
329	314	2
322	314	2
479	314	3
330	315	2
345	315	2
315	520	2
315	408	3
515	316	2
387	316	2
556	317	1
455	317	3
536	318	1
318	340	3
481	318	3
428	318	1
485	319	2
319	439	1
345	319	1
320	537	2
523	320	1
562	320	1
475	320	3
320	457	2
548	321	3
351	321	1
551	322	3
513	322	2
323	421	1
556	323	2
323	557	1
484	324	1
325	589	1
470	325	3
411	325	3
559	325	3
325	471	2
326	453	2
326	420	3
326	578	2
327	399	3
327	434	1
577	328	3
328	507	1
329	541	2
329	575	1
591	329	2
560	330	2
330	552	1
330	485	1
471	331	1
331	530	1
441	332	2
487	332	2
332	353	2
498	332	3
333	445	1
510	333	2
337	334	1
334	348	2
530	335	2
335	396	2
335	428	3
410	335	2
352	336	3
337	575	1
384	337	2
337	431	3
338	402	2
418	338	3
338	413	3
563	338	2
395	339	3
567	339	2
585	340	1
340	413	2
341	365	3
510	341	3
342	369	3
422	342	3
523	344	2
345	416	3
346	533	2
346	381	3
346	374	3
386	347	2
389	347	3
506	348	2
348	440	1
523	348	2
420	348	2
349	577	3
449	349	1
420	349	2
349	441	2
349	567	3
350	586	3
350	482	3
350	410	2
351	577	1
466	351	2
556	351	3
352	400	3
355	352	1
373	352	1
353	535	2
353	361	2
473	353	2
466	354	2
354	372	3
355	478	1
355	437	3
468	355	2
355	433	1
533	356	2
453	356	1
356	445	1
357	562	1
578	358	1
359	403	1
359	559	3
515	360	1
360	540	1
360	377	1
360	408	2
562	360	1
369	361	1
361	477	3
362	523	3
364	365	2
364	592	2
598	364	1
478	365	1
365	403	2
554	366	1
511	366	2
368	509	1
438	368	1
519	369	2
369	572	2
369	501	2
589	370	3
514	371	3
371	547	2
372	407	3
372	582	2
546	374	2
374	437	3
374	568	3
438	374	3
409	375	2
375	462	1
516	375	3
452	376	2
478	376	3
529	376	2
413	376	2
440	376	1
377	383	3
574	377	3
377	498	2
405	377	3
377	593	2
378	409	1
504	379	3
379	558	3
487	379	2
384	380	1
380	452	1
380	542	3
511	381	1
381	538	1
381	526	1
470	382	2
509	382	1
457	383	1
400	384	1
384	453	3
405	384	2
384	457	3
458	385	3
386	543	3
454	387	2
387	462	1
387	479	2
577	387	1
387	551	1
466	388	1
388	552	3
389	468	3
389	554	2
390	573	3
390	426	3
479	391	2
391	566	3
403	392	2
548	392	2
486	392	1
392	566	2
597	393	3
393	588	1
478	395	2
396	534	3
396	503	2
453	396	2
396	494	2
458	399	3
411	399	1
399	518	3
400	553	1
402	449	2
403	531	2
531	404	3
506	404	3
532	405	1
405	460	3
533	408	1
408	531	1
481	408	1
408	532	3
409	421	1
529	410	1
410	583	2
464	411	1
412	572	1
412	547	2
414	595	2
540	415	2
540	416	2
420	417	3
552	418	3
418	553	2
419	595	1
593	419	2
419	517	3
419	489	3
419	440	1
419	480	3
421	511	1
421	436	3
422	567	3
452	422	3
594	422	3
424	577	2
469	424	1
461	424	3
425	583	2
588	425	1
426	567	2
544	426	2
442	427	2
427	586	3
428	563	3
519	428	2
438	429	2
431	597	2
432	575	2
433	498	3
433	471	2
434	493	1
447	435	1
435	565	1
488	436	1
573	437	2
574	437	2
574	438	2
440	592	3
440	523	2
440	531	1
538	441	2
443	517	1
444	504	1
444	466	1
487	445	1
455	445	1
445	530	1
547	445	3
446	486	2
480	446	2
504	447	1
590	448	3
588	449	1
450	562	3
450	457	2
450	452	1
466	453	1
585	454	3
454	563	2
455	532	2
523	455	1
463	457	1
459	470	1
461	508	1
461	518	2
461	486	3
506	462	1
462	577	2
464	546	2
555	464	3
465	593	1
465	577	3
593	468	3
490	468	2
468	587	1
470	560	1
471	500	3
482	472	2
472	532	1
599	474	3
581	474	2
474	497	3
559	474	2
565	476	3
494	477	2
477	548	2
477	589	2
477	501	3
495	478	3
478	530	3
500	479	3
480	534	1
480	594	1
480	548	1
530	481	3
481	520	3
525	481	2
481	500	1
481	532	3
483	583	2
483	541	1
532	487	1
527	487	3
512	489	3
489	579	2
539	489	2
490	569	3
581	490	2
561	490	1
576	491	1
495	492	2
493	519	1
550	498	2
525	501	1
538	501	3
580	502	3
538	502	1
532	504	1
504	579	1
505	594	3
505	521	1
506	564	1
507	549	2
507	599	2
582	507	1
508	507	3
535	510	2
567	510	3
510	552	1
580	511	3
511	512	2
561	512	3
588	512	3
575	513	3
513	544	2
513	542	2
513	517	2
514	525	2
568	516	2
595	519	1
572	520	3
521	592	1
589	522	2
523	540	2
523	585	2
523	573	1
524	550	1
524	528	1
555	525	1
525	538	3
549	525	2
546	527	1
528	537	3
531	555	3
534	585	1
561	537	3
539	581	3
540	568	1
585	540	2
541	592	1
547	598	3
549	584	2
596	549	2
552	568	2
552	574	3
553	582	3
555	579	1
555	581	2
571	557	3
568	559	1
573	559	2
560	577	1
590	560	2
569	560	2
577	562	2
570	562	2
576	564	3
564	598	3
581	565	2
568	575	3
569	591	3
574	578	3
597	575	2
595	583	2
