0	369	2
0	162	3
0	234	3
0	543	1
385	0	2
477	0	2
0	491	1
1	11	1
474	1	2
42	1	2
20	1	1
2	22	2
415	2	3
2	297	3
391	2	1
45	2	3
2	248	3
280	3	3
3	58	1
7	3	2
313	3	1
13	3	3
3	377	1
4	434	3
4	98	1
4	10	1
433	4	3
4	221	3
538	4	1
5	4	2
4	182	2
5	221	2
336	5	3
311	5	2
6	361	3
6	179	2
588	6	3
267	6	2
121	6	2
247	6	1
7	562	1
7	426	3
101	7	3
7	519	3
7	12	3
7	100	1
8	411	3
35	8	1
8	267	3
125	8	2
221	8	3
9	471	1
9	565	2
210	9	1
9	537	3
481	9	2
9	37	3
171	10	2
10	310	2
10	574	1
10	333	2
323	10	1
501	10	3
11	157	2
555	11	2
312	11	2
11	590	1
232	12	3
12	526	3
159	12	2
12	156	2
193	12	2
36	13	2
209	13	2
13	366	3
585	13	1
14	575	1
525	14	3
14	599	3
210	14	1
322	15	2
253	15	3
121	15	2
15	66	3
17	15	2
16	412	1
16	421	1
16	169	1
16	448	2
17	146	2
17	360	1
168	17	1
17	467	1
553	17	3
370	18	3
569	18	3
298	18	2
18	57	2
18	210	3
57	19	3
93	19	2
19	194	3
19	40	1
571	19	3
289	19	2
19	133	1
180	19	3
20	490	1
20	197	3
305	20	1
20	199	2
287	20	2
20	535	1
39	20	1
572	20	2
311	21	3
474	21	3
21	264	2
313	21	2
592	21	3
21	544	3
64	22	3
22	348	1
22	506	2
22	592	2
338	22	1
23	541	3
23	164	1
23	235	2
539	23	1
23	337	1
233	23	1
23	376	3
299	23	2
368	23	1
24	154	3
155	24	2
24	402	1
115	24	1
24	62	2
495	24	1
24	420	3
596	24	3
256	24	3
459	25	2
582	25	3
123	25	2
59	25	1
26	157	2
26	234	2
47	26	1
198	26	3
455	26	2
26	354	2
26	298	3
27	490	1
27	337	3
215	27	1
27	103	2
312	27	1
94	27	2
396	27	1
104	27	2
27	575	2
463	27	2
28	282	2
270	28	3
28	388	2
28	160	3
28	175	1
467	28	2
406	28	1
467	29	1
334	29	2
118	29	2
178	29	1
357	29	1
30	526	3
30	498	2
251	30	3
134	31	1
31	204	1
31	45	1
282	32	3
335	32	2
196	32	1
41	32	1
32	374	3
588	32	2
32	568	1
32	589	2
32	128	1
512	33	1
212	33	2
33	365	1
34	190	2
34	196	2
34	371	2
71	34	1
440	34	3
35	430	1
299	35	3
35	290	2
362	36	2
437	36	3
513	36	2
40	37	2
37	252	2
67	37	3
263	37	1
37	374	1
38	553	2
38	244	2
444	38	3
38	90	3
38	267	2
265	38	1
331	38	3
38	596	1
253	39	2
268	39	3
387	39	3
39	153	3
39	382	3
39	370	3
80	39	3
44	40	3
40	226	3
303	40	1
40	217	3
40	542	1
40	358	3
40	193	3
579	40	1
40	357	1
192	41	1
90	41	1
597	41	2
199	41	1
330	41	1
516	41	2
42	534	1
42	95	3
521	42	3
302	42	3
42	161	2
42	544	3
496	43	1
450	43	2
583	43	2
43	167	2
43	70	1
43	549	1
443	43	2
314	44	2
45	156	2
45	76	1
492	45	1
215	45	2
383	46	2
46	521	1
298	46	2
46	425	3
46	564	2
46	479	3
335	47	3
47	352	1
268	47	2
518	47	1
47	487	2
47	302	2
163	47	2
328	47	1
48	327	3
48	523	2
375	48	3
577	48	3
48	457	3
454	48	2
49	202	3
292	50	2
50	522	3
151	51	1
547	51	2
421	51	2
273	51	3
428	51	1
495	51	2
459	51	3
562	51	3
52	94	2
460	52	1
52	336	2
52	357	3
173	52	2
52	517	1
52	256	2
226	52	1
52	261	2
53	282	3
480	53	2
142	53	2
85	53	2
129	54	2
54	140	2
561	55	1
334	55	3
55	204	3
243	55	2
55	523	1
55	372	1
404	56	3
56	353	1
56	184	3
56	529	3
56	254	2
57	487	3
57	202	2
57	536	3
57	443	1
238	57	2
448	58	3
100	58	2
157	58	3
261	58	3
59	512	3
144	59	3
59	523	2
59	340	1
59	216	3
59	537	3
60	107	3
60	317	2
489	60	2
60	90	3
60	413	1
60	593	2
61	129	1
250	61	1
61	339	2
239	61	1
140	61	2
61	198	1
61	351	3
255	61	3
447	61	3
62	211	1
261	62	3
62	127	3
62	67	3
271	62	2
313	63	3
63	488	1
63	234	1
383	64	1
543	64	3
64	415	1
223	64	1
64	231	1
64	541	2
64	520	3
64	150	1
294	64	1
64	405	1
352	65	2
279	65	2
65	125	1
567	65	3
281	65	2
65	496	1
66	99	2
66	574	2
66	451	2
66	345	1
66	412	3
66	530	3
66	485	2
389	66	2
66	541	3
86	66	1
323	67	1
67	400	2
67	199	2
67	137	2
357	68	1
322	68	2
432	68	2
68	394	3
69	543	1
293	69	1
249	69	2
69	70	1
86	69	2
69	185	3
526	70	2
575	70	2
70	295	2
70	537	3
70	579	2
71	270	1
345	71	1
71	401	3
331	71	3
71	483	1
336	71	2
72	541	2
72	530	1
72	540	1
73	234	1
73	97	2
427	73	1
73	511	2
512	73	3
73	110	1
147	73	1
73	133	1
85	73	2
74	520	1
552	74	3
339	75	2
75	507	1
279	75	1
281	76	2
76	364	2
371	76	1
76	460	2
326	77	1
322	77	3
228	77	3
78	86	1
78	103	2
78	228	2
412	78	3
558	78	1
188	78	3
433	78	1
487	79	2
79	216	2
196	79	3
80	85	2
116	80	2
80	582	3
80	579	3
80	235	2
80	267	2
81	391	3
81	500	3
81	327	1
81	87	1
454	82	1
82	143	2
82	395	2
103	83	2
83	585	2
83	382	1
83	149	1
83	522	2
592	84	3
293	84	2
386	84	2
84	257	1
156	84	2
367	84	3
85	89	2
479	85	2
85	202	2
85	204	1
85	277	3
91	86	1
177	86	1
554	86	1
86	207	2
86	336	1
86	536	2
589	86	1
86	534	1
86	461	2
208	87	3
414	87	2
467	87	1
88	353	3
88	348	3
88	255	3
88	362	2
88	270	1
309	88	2
88	163	3
88	235	1
90	559	1
90	135	2
90	515	2
91	268	2
236	91	3
221	91	2
92	428	2
407	92	3
92	353	1
92	194	1
92	466	3
92	211	1
92	141	3
192	92	1
228	92	3
93	477	1
93	171	2
93	254	2
248	94	1
95	478	3
108	95	2
95	220	3
166	95	2
266	95	3
96	105	3
96	418	1
96	333	1
330	96	1
97	499	3
461	97	2
479	97	2
97	327	3
128	97	3
97	452	2
157	97	3
335	98	2
239	98	1
98	268	2
254	98	1
98	214	1
174	98	2
98	554	3
99	216	2
99	269	3
560	99	3
100	191	2
100	197	1
287	100	2
320	100	3
100	409	2
524	100	3
101	437	1
257	101	2
454	101	3
132	101	2
101	351	1
517	101	2
543	102	2
102	422	3
102	257	2
102	145	3
102	382	2
102	354	1
102	224	1
426	103	1
552	103	1
103	431	1
104	506	2
104	449	2
104	531	3
543	104	1
242	105	2
423	105	1
105	195	2
511	105	3
105	405	1
106	344	1
106	274	3
106	541	2
150	107	2
554	107	3
322	108	2
108	130	2
109	437	3
409	109	3
268	109	2
109	476	2
178	109	3
109	397	1
498	110	2
110	386	3
230	110	2
163	110	3
586	111	1
111	365	1
111	435	1
111	296	2
111	219	3
112	351	1
112	420	1
159	112	3
113	221	2
290	113	1
410	113	1
241	113	1
113	195	2
219	113	3
114	466	3
589	115	2
115	142	3
492	115	3
116	426	1
204	116	1
593	116	2
116	471	1
164	116	3
576	116	2
116	322	1
117	310	2
258	117	3
117	317	1
117	255	3
117	268	2
307	117	1
489	117	1
117	396	1
270	117	3
117	345	1
118	157	2
118	125	3
308	118	1
209	118	2
118	506	2
118	234	3
481	118	3
119	590	1
316	119	3
343	119	1
188	119	3
472	119	3
150	119	1
119	361	2
435	119	2
280	120	1
456	120	1
120	377	2
197	120	3
586	120	1
121	431	1
121	526	3
121	300	3
127	122	2
122	304	1
413	122	2
122	151	2
377	122	1
414	122	2
478	122	3
124	319	2
124	444	2
125	429	2
125	140	1
125	362	3
201	125	1
126	544	1
352	126	2
126	519	2
199	126	3
591	126	2
586	126	1
127	231	3
127	297	1
554	128	3
175	128	2
128	390	2
487	128	2
129	210	3
520	129	1
259	129	3
129	368	3
129	418	3
129	229	1
393	130	3
130	211	1
482	130	1
130	483	1
130	337	1
331	131	2
177	131	2
131	569	2
319	131	1
339	131	1
131	179	2
364	132	2
132	175	1
132	173	2
403	132	1
258	132	1
360	132	2
555	132	2
493	132	3
132	384	1
346	133	1
401	133	2
133	144	2
133	259	2
134	392	1
270	134	1
134	380	1
134	284	2
454	134	2
370	134	3
363	135	1
164	135	1
252	135	3
566	136	1
136	197	3
136	465	1
175	136	1
243	137	2
137	165	1
137	275	3
202	138	3
561	139	1
590	139	3
357	140	2
140	142	2
577	140	3
419	140	3
296	141	3
141	532	1
141	560	1
412	141	3
141	144	1
142	315	3
143	533	3
595	143	2
143	307	1
203	143	1
144	284	2
144	542	1
144	599	1
380	144	3
154	144	1
588	144	3
145	162	3
483	145	3
145	350	1
242	145	1
146	228	2
146	530	2
414	146	1
146	520	1
269	146	3
146	510	3
497	147	1
147	331	3
147	544	2
475	147	1
223	147	2
147	237	2
153	148	1
149	317	3
237	149	1
149	211	1
252	150	2
150	511	2
150	306	3
250	151	2
152	208	2
517	152	3
406	152	3
152	227	1
469	152	2
153	334	2
482	153	2
458	153	1
360	154	3
214	154	2
154	363	3
154	285	1
448	154	1
246	154	3
155	474	1
155	213	1
542	155	1
155	277	2
302	155	1
405	155	2
156	388	3
453	156	2
156	301	3
156	326	2
156	467	3
156	389	3
157	532	3
333	157	2
157	497	3
157	448	2
354	157	3
456	158	3
158	424	1
158	504	2
407	158	1
550	158	2
509	158	1
158	191	2
313	158	1
596	158	3
273	159	2
159	206	3
159	198	2
327	159	1
440	159	2
517	159	3
420	159	1
516	159	3
256	160	1
160	226	3
160	493	3
456	160	3
160	316	1
466	160	3
160	247	2
160	366	1
161	549	2
299	162	3
163	480	3
448	163	3
317	164	1
164	556	2
266	164	1
166	164	3
164	572	3
164	541	2
491	164	2
164	339	3
415	164	1
585	165	3
165	336	3
165	565	3
443	165	1
227	165	3
193	165	2
166	328	3
539	166	3
166	167	1
404	166	3
516	166	1
428	167	3
598	167	2
167	508	1
167	468	2
308	167	3
167	209	2
496	167	1
414	167	3
381	167	3
206	168	1
507	168	3
451	168	3
168	275	3
169	531	2
169	520	1
230	169	3
169	492	2
401	170	3
444	170	3
170	340	2
210	171	2
171	362	2
171	261	2
564	171	3
366	171	2
172	302	3
220	172	2
581	173	3
585	173	3
378	174	2
174	381	3
545	174	2
588	174	3
455	175	2
175	418	3
175	282	3
175	373	1
175	378	2
358	176	1
326	176	2
176	509	3
560	177	1
177	363	1
178	211	1
582	178	1
193	178	3
178	352	2
178	344	1
178	321	1
178	204	3
272	178	2
179	378	3
272	179	1
179	366	1
179	552	3
180	533	3
180	437	3
180	322	3
564	180	3
276	180	3
180	457	3
180	376	3
425	180	1
180	291	3
383	180	2
455	181	1
224	181	3
347	181	2
181	413	1
181	377	2
181	451	3
182	576	1
182	484	1
187	182	3
182	356	1
183	323	3
289	183	1
231	183	3
228	183	2
183	256	3
473	184	2
297	184	1
184	449	2
478	184	2
493	184	2
184	245	3
406	184	1
185	347	3
258	185	1
524	185	3
305	185	1
185	482	2
432	186	1
186	467	2
431	186	1
338	186	1
423	187	2
215	187	1
403	187	1
340	187	1
187	261	1
187	479	1
187	309	2
522	188	3
188	450	2
255	188	3
189	306	2
189	429	2
189	270	2
580	189	2
199	189	1
575	190	3
190	549	3
436	190	1
190	532	1
361	190	3
531	190	1
191	260	1
295	192	2
192	573	2
193	517	2
193	484	2
193	226	3
361	193	2
505	193	1
532	193	3
365	193	2
380	194	2
336	194	3
282	194	3
195	443	2
276	195	2
237	195	2
195	306	1
389	195	3
196	560	2
196	585	2
476	196	2
565	196	3
196	251	1
468	196	2
369	197	1
197	472	2
197	476	2
198	548	1
542	198	3
293	198	1
249	198	1
488	198	2
476	199	1
484	199	2
199	455	3
199	441	1
200	359	2
200	415	2
409	201	1
201	405	2
414	201	3
201	311	3
201	597	2
470	202	3
301	202	3
202	396	1
203	410	1
203	223	3
270	203	3
523	204	2
204	528	1
204	303	3
204	380	2
204	570	3
205	343	2
372	205	1
227	205	1
205	556	1
358	205	2
232	205	1
392	205	1
412	206	2
303	206	1
486	206	1
503	206	3
522	207	1
207	355	3
511	207	3
208	366	2
501	208	1
208	274	2
208	326	2
582	208	3
209	434	2
209	400	2
210	369	1
518	210	1
210	497	3
210	598	1
370	211	2
246	211	2
211	472	2
212	238	3
212	572	1
212	392	2
212	225	2
213	594	2
213	368	1
582	214	1
306	214	1
420	214	3
299	214	1
302	214	1
214	317	3
215	509	3
215	506	3
535	215	3
216	266	2
217	537	3
217	433	1
338	217	2
217	319	3
398	218	2
218	567	3
581	218	2
532	218	1
296	218	3
219	588	3
219	422	2
521	219	1
220	341	1
220	461	3
544	220	1
220	596	1
586	220	2
221	585	2
221	567	3
488	221	3
471	221	3
235	221	1
509	221	1
578	222	3
222	412	2
433	222	2
587	223	2
223	447	3
597	223	3
224	297	1
224	567	1
445	224	3
588	224	3
225	553	3
328	225	2
546	225	2
333	226	2
278	226	2
228	226	1
226	309	2
531	226	1
227	289	2
227	340	1
438	227	3
227	244	3
227	489	1
228	333	3
502	228	3
228	368	3
228	403	1
228	423	1
431	228	2
228	328	3
410	228	1
228	249	2
229	438	3
229	465	3
229	452	3
393	229	3
412	229	2
354	230	3
230	452	2
230	326	2
230	576	3
230	370	1
546	230	3
406	230	1
235	231	2
231	341	1
231	598	1
231	308	3
231	240	2
232	276	2
232	270	1
232	552	2
300	233	2
461	233	2
234	504	1
234	375	2
234	561	3
509	234	2
234	424	3
530	234	3
424	235	2
486	235	3
307	236	3
236	425	3
236	556	2
411	236	1
236	399	2
341	236	3
237	249	1
380	237	1
489	238	1
238	428	2
467	238	3
239	327	3
377	239	2
466	239	3
240	424	2
367	240	2
240	325	1
240	452	3
241	514	3
477	241	3
241	260	3
589	241	1
241	413	2
400	242	3
578	242	2
496	242	1
242	278	1
243	523	3
473	243	2
244	248	1
244	565	2
419	244	2
299	245	3
304	245	1
245	412	1
245	590	3
261	246	1
246	558	3
246	294	1
585	247	3
247	373	2
458	248	2
308	248	2
249	577	2
569	249	1
249	483	2
249	464	3
250	588	1
553	250	2
250	578	3
250	523	1
264	250	3
554	250	1
314	251	2
488	251	3
472	252	2
581	252	1
459	253	1
254	427	1
274	254	1
352	254	3
312	254	1
465	254	1
254	256	3
254	302	3
254	446	1
516	255	3
255	392	3
387	255	1
256	415	2
256	597	1
257	497	3
372	257	1
556	257	3
290	257	2
258	380	2
258	560	1
258	556	2
381	258	1
507	258	1
269	259	2
259	278	2
290	259	2
318	259	3
388	261	2
261	380	3
262	576	2
262	323	2
353	262	3
263	270	3
510	264	2
308	264	3
264	517	1
264	375	2
264	573	3
543	265	3
557	265	1
519	266	2
266	509	1
385	267	1
267	318	3
268	519	1
268	546	1
370	268	2
304	269	2
269	316	2
504	269	3
270	290	2
270	468	3
270	432	3
589	270	2
545	270	1
276	271	1
365	271	3
458	271	1
271	446	1
272	345	3
272	331	2
324	272	3
313	272	1
272	358	2
322	273	1
347	273	1
273	589	2
276	273	2
565	273	1
273	292	3
405	274	2
463	274	3
287	274	3
429	275	3
285	276	2
390	276	3
276	470	2
276	530	2
535	276	3
404	277	2
409	277	2
340	277	2
341	277	3
277	359	2
277	537	3
278	316	2
278	516	2
278	578	2
279	287	1
279	489	1
328	279	2
279	574	3
507	280	1
281	494	2
423	281	1
281	294	1
281	493	2
403	281	2
281	534	2
461	282	2
282	289	3
459	282	3
327	283	3
378	283	2
283	376	2
283	342	3
283	586	1
431	284	2
284	374	3
285	506	1
285	525	1
583	285	2
286	479	1
581	286	1
480	286	2
286	298	3
287	574	1
287	404	2
336	288	2
571	289	2
289	550	2
508	289	1
290	521	2
598	290	1
544	291	1
291	565	3
291	410	2
291	332	1
291	530	2
567	292	1
539	292	1
543	292	2
293	451	2
427	293	3
293	557	3
352	294	3
366	294	2
294	432	2
326	295	2
358	295	2
295	481	3
295	455	2
295	300	3
295	432	2
301	296	1
484	296	3
442	296	2
296	580	1
486	297	1
297	428	1
297	571	3
422	297	3
298	339	2
298	304	2
299	371	1
575	299	3
299	320	1
299	378	1
311	300	2
358	300	1
300	400	2
300	564	2
300	487	1
544	300	3
591	300	3
468	300	3
302	465	1
303	444	2
303	525	1
303	418	1
414	303	1
346	304	3
593	304	1
492	305	1
305	358	3
305	361	1
550	305	1
305	595	1
306	309	1
524	306	1
581	307	2
307	439	3
308	543	1
308	536	2
308	386	3
545	308	1
308	566	1
485	309	1
431	309	3
493	309	2
310	343	3
316	310	1
371	310	1
424	310	2
310	495	3
311	434	2
558	311	2
498	311	2
311	490	1
534	312	1
312	594	3
466	312	1
459	313	2
313	512	1
394	313	2
313	385	2
313	338	3
314	507	1
314	436	1
455	314	3
314	508	1
314	491	1
315	536	1
423	315	1
452	316	1
390	316	3
338	317	3
470	317	3
518	317	2
531	318	1
527	319	3
545	319	3
320	355	1
512	320	2
320	378	2
574	321	3
454	321	3
321	434	2
321	368	1
322	428	1
446	322	1
322	573	3
323	543	3
521	324	1
324	332	3
326	544	2
442	326	3
327	495	3
482	327	1
350	327	1
438	327	1
406	327	1
551	327	3
327	364	3
442	328	2
328	334	2
329	572	3
329	483	2
329	580	3
329	435	3
351	329	1
368	330	1
330	504	2
472	330	1
330	386	3
594	331	3
392	332	3
334	332	3
451	332	2
332	358	1
333	495	3
456	334	2
400	334	2
562	335	3
396	335	3
336	555	1
360	336	2
597	336	2
554	337	2
367	337	1
337	551	1
338	392	3
339	345	3
589	339	2
563	339	2
339	590	1
368	340	2
344	341	2
341	476	2
401	342	3
590	342	2
445	342	1
342	351	3
478	343	3
453	343	3
344	357	3
344	410	3
536	344	1
344	496	1
345	375	3
432	345	1
497	345	2
478	346	1
592	346	3
589	346	1
346	369	3
554	347	3
394	347	1
348	594	3
349	520	1
349	471	1
349	425	1
350	589	1
350	547	2
350	466	2
350	392	1
351	406	3
351	533	1
473	351	3
352	427	3
488	352	3
353	479	3
353	498	1
354	416	3
437	355	3
457	355	1
485	355	1
356	559	2
484	356	1
357	452	3
575	357	3
358	494	3
359	482	2
488	359	2
360	479	1
494	360	3
361	474	2
361	459	2
437	362	1
362	592	2
363	574	1
373	363	1
484	363	1
373	364	1
365	570	2
506	366	1
366	501	2
366	444	1
366	491	2
593	366	2
567	367	1
367	375	1
491	367	1
409	367	1
414	367	2
583	368	3
368	386	1
444	368	3
368	472	1
369	583	1
568	369	2
402	370	3
370	554	2
374	371	3
372	404	1
436	372	3
435	373	3
497	373	2
493	375	2
375	475	1
525	375	2
561	375	1
376	386	3
376	381	1
376	544	3
376	437	1
553	377	2
506	378	2
379	570	1
379	503	1
379	534	1
428	379	2
451	380	3
381	570	1
421	381	3
392	383	2
384	389	1
384	505	1
404	384	3
384	409	3
384	390	3
569	384	2
399	385	1
439	385	1
385	505	2
386	565	3
594	386	1
387	525	1
387	426	2
533	387	2
387	424	3
395	388	3
561	388	1
567	388	3
457	389	2
391	552	1
572	391	1
391	564	2
507	392	1
408	393	1
448	393	1
571	394	1
394	405	1
484	394	3
395	442	1
395	569	3
450	395	2
581	396	1
396	465	3
587	396	2
570	396	3
396	450	1
396	545	1
482	397	2
554	397	3
408	398	2
400	527	1
438	401	3
401	513	1
401	413	1
403	409	2
436	403	3
405	491	3
428	405	1
405	430	1
500	406	3
406	517	1
406	440	3
588	407	3
471	407	2
517	409	3
409	554	1
410	579	1
410	584	2
599	411	1
450	414	1
462	414	3
414	581	3
414	510	2
591	414	1
415	534	3
416	480	3
416	481	2
417	458	2
585	417	1
532	418	3
418	557	1
419	467	1
419	508	2
420	559	1
420	527	2
438	421	3
421	509	1
513	422	3
543	422	1
423	438	2
424	516	1
424	586	3
425	471	3
425	569	2
593	425	3
427	438	2
515	427	1
457	428	1
430	543	2
430	517	3
432	502	2
432	568	3
587	432	2
595	432	3
558	434	3
434	508	2
567	434	3
439	435	2
435	481	1
486	436	1
465	436	1
437	514	1
438	592	3
439	514	3
439	469	3
593	440	1
526	440	3
474	442	3
520	443	2
443	462	1
443	577	1
444	451	3
499	444	3
444	535	2
444	590	3
520	446	3
547	446	1
451	447	2
507	447	3
448	485	1
449	505	2
449	551	2
460	450	2
489	451	2
490	452	2
477	453	2
454	536	1
598	455	3
505	455	2
456	484	1
456	504	2
460	456	2
469	456	2
519	457	1
579	458	1
458	498	3
520	458	1
459	527	3
525	459	3
466	459	2
460	467	3
478	460	3
461	538	1
475	462	2
520	462	1
462	580	3
544	462	2
516	464	1
464	559	2
465	553	3
465	467	3
502	465	2
467	466	2
552	468	3
468	597	1
468	560	3
469	568	3
469	565	2
553	470	1
482	470	2
471	485	2
472	544	1
527	472	2
590	473	2
530	473	3
569	474	1
566	475	1
476	480	1
477	479	1
477	485	3
532	478	3
478	538	1
589	480	3
481	498	3
529	481	1
482	488	3
483	508	3
515	484	3
583	484	3
518	485	1
485	508	2
496	486	1
489	500	2
490	582	1
490	507	1
494	519	3
551	495	2
495	569	1
500	593	3
568	501	2
502	527	1
570	503	1
582	503	1
528	503	2
556	504	1
557	505	2
558	506	3
588	506	2
509	554	1
562	509	2
511	598	3
512	551	1
513	547	1
517	533	3
519	557	2
521	585	1
568	522	2
584	528	1
528	566	1
529	595	1
536	531	2
533	594	1
579	535	1
570	535	1
579	536	1
544	578	1
596	544	3
585	548	1
584	549	3
582	550	3
568	551	2
551	566	2
597	551	2
579	555	2
587	559	1
581	563	1
594	564	1
576	567	3
569	590	2
596	599	1
