15	0	2
0	421	3
447	0	3
464	0	1
184	0	2
0	516	2
174	1	1
313	1	3
397	1	2
1	41	3
37	1	1
38	1	1
1	586	3
569	1	1
2	398	2
2	326	2
2	246	1
2	248	2
2	369	2
281	2	1
295	3	2
3	493	3
41	3	2
424	3	1
3	513	2
3	164	1
436	3	1
3	519	2
3	459	3
9	3	3
4	153	3
328	4	1
4	84	2
95	5	2
5	320	2
116	5	1
567	5	1
5	389	2
384	5	3
508	5	2
255	6	2
6	463	1
178	6	3
6	293	3
197	7	2
531	7	3
7	428	1
135	7	1
348	7	1
8	475	3
8	571	3
271	8	3
8	456	3
347	8	1
9	121	1
9	499	3
10	127	1
10	472	2
11	380	1
44	11	1
214	12	2
12	553	2
185	12	1
12	508	1
12	486	2
12	249	3
12	462	2
13	406	3
13	208	2
13	199	2
13	188	3
13	86	3
236	13	3
135	13	1
268	14	2
115	14	3
535	14	3
14	64	2
14	185	1
15	502	3
186	15	3
15	466	1
438	15	2
15	198	1
483	15	2
98	15	3
16	320	1
16	34	2
16	97	3
17	306	1
17	271	1
17	431	3
328	17	2
17	94	3
17	515	3
17	510	1
18	176	1
73	18	2
237	18	3
324	18	3
276	18	2
19	476	1
19	493	2
19	587	2
19	144	3
19	522	2
20	96	1
20	222	1
36	20	1
20	356	1
252	20	1
20	289	1
20	303	3
20	141	2
21	163	1
525	21	3
21	376	3
266	21	3
474	21	2
511	21	2
160	22	3
386	22	1
485	22	2
22	30	2
22	498	3
22	190	1
22	285	2
533	22	3
415	22	1
585	23	1
520	23	3
51	23	3
401	23	1
24	253	1
238	24	1
413	25	2
25	101	1
25	166	3
26	388	1
26	190	1
27	241	1
28	554	3
294	28	3
28	98	1
597	28	3
28	139	3
28	559	2
588	28	3
28	123	2
93	28	3
463	28	1
28	283	1
91	28	2
28	525	3
422	29	3
497	29	1
252	29	2
528	29	2
29	492	1
29	124	3
30	266	1
526	30	3
68	30	1
513	30	3
30	183	1
31	449	3
233	31	3
31	439	1
31	102	1
31	357	3
495	31	2
31	143	1
68	32	3
32	579	1
32	412	3
32	457	3
32	394	1
37	32	1
286	32	2
523	32	1
529	32	1
169	33	3
482	33	2
33	110	3
373	33	3
419	33	3
170	33	1
33	465	1
448	34	1
183	34	3
545	34	2
280	34	3
34	377	1
133	34	3
35	491	2
35	404	3
565	35	2
35	92	1
272	35	2
156	35	3
48	35	2
171	35	2
196	35	2
340	36	3
383	36	1
549	36	2
36	189	2
36	547	1
37	66	2
37	107	2
403	37	2
37	156	2
277	38	1
38	135	1
354	38	2
360	38	1
38	110	1
111	38	2
38	296	1
412	39	1
39	52	1
150	39	1
39	577	2
414	39	2
39	505	3
218	39	2
164	39	3
170	40	2
40	477	1
40	271	1
512	40	2
77	40	3
41	310	2
375	41	3
209	41	1
548	41	3
42	522	1
354	42	1
42	146	3
42	456	2
494	43	2
185	43	1
58	43	1
43	281	3
531	43	1
43	226	3
294	44	1
233	44	1
432	44	1
44	254	2
44	597	2
342	44	3
44	433	2
44	122	1
572	45	1
45	378	3
456	45	2
46	238	1
47	160	2
47	197	3
47	62	3
361	47	2
451	47	1
48	432	2
48	190	1
453	48	3
488	48	3
48	181	3
348	48	3
49	238	2
102	49	2
161	49	1
75	49	1
49	179	1
50	355	2
50	249	1
253	50	1
50	135	3
238	50	3
50	374	3
50	236	1
50	353	2
50	183	3
261	51	1
111	51	1
515	51	2
172	51	2
51	590	2
51	573	1
52	261	3
464	52	2
52	289	3
157	52	3
448	52	2
52	297	3
53	583	1
53	279	2
53	253	2
54	72	1
550	55	1
55	432	2
55	426	1
190	55	2
176	55	1
295	55	2
415	55	3
562	55	2
83	56	1
56	177	3
160	56	1
56	388	3
186	56	2
56	402	1
100	56	1
56	373	1
68	57	1
57	517	1
57	84	2
57	109	3
58	268	3
58	87	2
329	59	2
59	81	3
196	59	3
314	60	1
172	60	1
597	60	2
156	61	2
330	61	1
407	61	3
525	61	3
484	61	3
228	61	3
61	401	2
61	79	2
62	508	2
584	62	1
124	62	2
62	488	1
63	141	1
80	63	3
579	63	3
63	328	1
452	63	3
63	118	1
63	122	2
64	97	3
421	64	3
570	64	1
152	64	2
291	65	2
284	65	3
65	436	3
66	110	1
66	71	2
66	390	1
66	206	2
194	66	2
67	238	2
370	67	1
106	67	3
339	67	1
377	67	1
67	172	1
470	67	1
67	89	2
67	162	1
155	67	3
91	68	3
69	68	2
118	69	1
69	594	1
69	502	1
69	573	3
212	69	2
69	495	2
69	458	3
375	70	1
70	110	2
377	70	1
359	70	2
278	70	1
519	70	3
270	71	2
517	71	1
393	71	1
71	325	2
316	72	1
72	542	2
72	195	2
73	484	3
73	229	2
73	477	1
73	574	3
369	73	2
535	73	1
73	89	3
74	471	1
74	135	2
188	74	3
74	340	3
405	75	2
581	75	3
119	75	1
121	75	1
459	75	2
75	439	2
76	350	2
76	475	3
83	76	2
76	458	1
338	76	3
76	530	1
77	99	2
77	104	1
306	77	1
394	77	3
493	77	2
84	78	3
138	78	2
78	271	2
78	81	1
210	78	3
79	372	3
139	79	3
450	79	2
138	80	1
80	346	1
80	481	2
80	521	1
162	80	3
81	235	1
197	81	2
389	81	1
545	81	1
229	82	2
82	93	1
110	82	1
204	83	3
83	186	1
408	83	2
83	523	2
84	434	3
599	84	2
469	84	3
278	84	2
545	84	2
84	251	2
84	505	1
85	140	2
375	85	3
85	142	3
85	162	1
579	85	2
495	86	1
86	367	3
238	86	2
86	260	1
86	330	2
215	87	1
346	87	2
448	87	1
128	87	1
88	195	3
514	88	2
88	288	2
182	88	3
255	88	1
88	198	1
88	237	2
467	88	1
189	89	2
230	89	3
589	89	3
89	92	1
397	89	2
89	284	3
89	507	1
89	506	1
454	90	3
91	90	1
90	197	3
440	91	2
368	91	1
91	455	3
536	92	2
92	540	1
356	92	3
473	92	1
92	542	1
401	93	2
269	93	3
93	596	3
350	93	1
93	471	2
93	505	1
432	93	2
258	93	2
503	93	2
166	94	3
94	266	1
485	94	1
129	95	2
491	95	3
279	95	3
456	96	2
96	336	2
389	96	3
96	371	2
96	380	2
489	96	1
97	576	3
97	449	2
564	97	2
97	472	2
166	97	3
97	396	3
494	98	3
492	98	2
157	98	1
478	98	2
98	550	2
98	384	1
175	98	2
523	98	3
99	528	2
342	99	3
294	99	2
99	151	3
349	99	1
100	344	3
100	470	2
575	100	3
100	473	1
100	384	2
345	100	3
426	100	3
100	158	1
100	591	3
101	470	1
102	101	3
534	101	3
146	101	2
108	102	2
102	384	2
512	102	2
599	102	2
102	243	1
585	102	3
549	102	1
366	103	2
103	132	1
123	104	2
104	399	2
104	421	3
559	104	3
104	272	3
257	104	2
104	263	1
400	104	2
104	175	3
403	105	3
405	105	3
544	105	1
106	281	3
303	106	2
256	106	1
165	106	3
106	489	3
555	106	2
106	543	1
561	106	3
393	106	2
125	106	3
332	107	2
179	107	3
248	107	3
107	459	1
146	107	1
107	561	3
107	472	2
108	434	2
108	226	3
108	167	3
160	108	3
108	123	2
108	266	3
108	249	2
108	340	2
109	217	1
455	109	2
109	276	1
109	360	2
599	109	3
444	109	3
427	110	2
328	110	1
422	110	1
559	110	2
110	297	2
591	111	1
234	111	1
111	178	3
112	113	1
328	112	2
112	167	1
112	345	2
201	113	1
113	537	3
319	113	2
113	469	1
113	487	2
114	254	2
114	216	2
114	278	1
574	114	1
114	277	1
156	115	2
200	115	3
382	115	1
115	550	3
115	470	2
554	115	2
471	116	2
320	116	2
437	116	3
501	117	1
578	117	1
117	168	1
118	163	2
267	118	2
118	554	3
118	331	1
545	119	2
478	119	2
410	119	2
178	119	2
201	119	2
119	369	1
548	120	2
120	573	2
120	164	1
121	269	2
121	570	1
321	122	2
122	542	2
477	122	1
552	122	2
122	296	2
122	451	3
300	122	2
122	540	3
123	582	3
475	123	1
507	123	2
123	245	1
473	124	3
124	549	3
273	124	1
485	124	3
224	124	3
507	124	1
125	444	3
521	125	2
125	447	3
125	573	1
125	380	1
125	134	1
234	126	3
126	232	2
379	126	2
126	467	1
126	277	3
126	189	2
569	126	3
127	446	1
127	467	2
127	139	3
402	127	3
364	127	2
472	127	1
577	127	1
128	132	2
465	128	2
168	129	2
129	304	2
129	176	1
350	129	1
129	427	3
130	375	2
248	130	2
390	130	3
534	130	1
243	131	1
131	489	1
245	131	1
248	131	1
131	272	3
280	131	2
375	131	2
132	489	3
423	132	3
133	169	3
171	133	1
133	172	1
211	133	2
134	333	1
345	134	3
134	262	3
411	134	1
134	464	3
134	549	3
286	134	2
345	135	1
135	255	2
354	135	1
246	135	3
390	135	1
135	274	1
545	135	2
136	282	3
136	229	2
563	136	2
428	137	1
471	137	1
354	137	1
252	137	3
137	433	3
137	572	2
138	156	3
291	138	2
362	138	3
347	138	3
138	357	1
300	138	2
139	560	2
415	139	1
150	139	3
397	139	1
359	140	3
141	346	2
454	141	1
421	141	3
282	141	2
291	141	3
141	328	2
142	288	3
551	142	1
142	305	3
575	142	1
142	490	1
143	539	3
143	354	3
143	391	2
167	143	1
144	251	1
144	506	2
279	144	2
144	225	2
333	144	3
321	144	1
323	144	3
145	517	1
586	145	1
145	297	3
145	194	1
506	146	3
146	494	1
146	360	2
147	428	3
245	147	2
372	147	1
339	147	3
559	147	2
249	147	3
147	319	1
148	334	2
148	314	1
148	347	2
287	148	1
291	148	1
148	320	3
148	527	2
148	412	2
149	473	1
149	186	3
149	314	3
297	149	2
418	149	1
149	328	1
195	149	3
149	266	2
150	239	3
570	150	3
413	150	2
150	389	1
406	150	3
368	151	2
151	566	1
251	151	3
249	151	3
589	152	3
545	152	3
494	152	1
152	265	1
152	558	1
152	187	2
470	153	1
153	384	3
153	322	3
504	153	2
447	154	1
347	154	1
168	154	2
196	155	2
351	155	1
155	303	3
155	171	1
155	419	3
155	344	1
156	274	1
247	156	3
360	156	2
156	450	2
156	217	1
415	156	3
390	156	1
156	566	2
254	156	1
157	487	2
157	434	3
157	212	3
158	479	3
158	559	1
158	541	2
321	159	2
159	264	3
569	159	3
159	433	2
159	590	2
159	277	1
160	453	1
160	197	2
594	160	3
369	160	2
160	513	1
161	365	3
223	161	3
161	331	2
161	528	3
162	373	2
275	162	3
162	342	3
212	162	2
162	357	2
483	162	3
356	162	3
263	162	2
281	162	1
358	163	1
293	163	3
163	240	2
163	524	2
163	462	1
164	519	1
226	164	2
192	165	2
179	165	3
532	165	2
469	165	2
165	583	1
283	166	2
166	317	1
166	409	2
166	312	1
166	462	2
178	166	2
166	417	2
516	167	2
365	167	3
167	359	1
167	494	3
167	252	2
169	167	2
167	557	2
168	361	2
435	168	2
550	168	1
323	169	3
169	549	2
169	556	2
477	169	2
406	169	3
180	169	1
169	392	3
169	583	2
169	568	2
170	500	1
485	170	1
170	330	3
271	170	1
170	578	3
347	170	2
170	522	2
171	366	1
171	419	2
458	171	3
427	171	3
171	532	1
591	171	1
172	542	1
172	180	2
172	465	3
393	172	1
172	197	3
455	172	2
173	262	2
173	355	3
174	254	2
337	174	3
175	318	3
175	263	1
175	500	2
284	175	2
176	235	1
176	575	2
176	425	1
445	176	2
241	176	2
176	250	3
537	176	3
359	177	1
178	487	2
178	353	2
480	178	2
383	179	2
538	179	1
179	259	2
484	179	3
179	320	2
583	179	1
473	180	1
180	490	1
224	180	2
180	566	1
501	180	1
347	180	1
180	546	1
233	181	1
251	181	3
182	366	1
220	182	2
183	480	2
183	416	1
332	183	3
196	184	2
506	184	3
184	560	2
563	184	1
322	184	2
211	184	3
569	185	3
185	193	2
185	240	3
185	438	2
432	185	2
186	323	3
186	204	3
343	186	2
186	457	3
417	187	3
187	406	1
457	188	1
188	301	3
193	188	2
188	410	2
581	188	3
188	288	2
339	188	1
189	367	2
189	220	2
189	289	3
565	190	3
476	190	2
399	191	1
191	547	1
253	191	1
252	191	3
332	191	1
247	192	3
336	192	1
477	192	2
192	478	3
472	192	3
193	300	3
234	194	2
194	285	3
557	195	2
195	524	3
318	195	1
550	195	3
465	195	3
483	195	3
313	196	2
541	196	3
196	494	3
514	196	3
196	576	2
196	526	1
196	363	2
286	196	2
356	196	2
196	271	3
197	248	3
197	515	2
583	197	3
197	440	3
461	198	1
496	198	3
299	198	1
198	241	2
498	198	3
349	198	3
544	198	1
198	456	3
199	292	2
220	199	3
199	556	2
199	529	2
399	200	2
200	591	2
200	398	2
309	201	3
201	236	1
201	466	1
496	201	2
555	201	2
202	316	1
354	202	1
202	388	3
407	202	2
204	285	1
204	509	2
205	417	2
400	205	3
205	225	3
224	205	2
206	489	1
518	206	2
556	206	2
215	207	1
207	469	1
268	207	1
207	488	3
411	208	2
332	208	3
434	208	3
208	264	3
358	209	2
330	209	2
209	418	3
263	209	3
209	273	3
311	210	2
552	210	2
351	210	1
210	492	1
581	210	2
210	526	3
527	211	2
211	442	2
211	455	2
314	212	1
212	418	2
213	525	3
213	340	2
452	213	1
327	213	1
391	213	2
213	505	2
213	474	2
379	214	3
214	564	2
215	360	3
215	291	2
215	596	1
215	535	1
215	362	3
215	332	2
599	216	3
217	362	3
217	329	2
217	301	2
217	334	1
508	218	3
218	369	1
218	355	3
218	256	1
558	218	1
218	314	2
218	525	3
219	537	2
571	219	2
588	220	3
220	257	3
220	449	1
332	220	2
220	309	3
220	280	3
221	480	2
221	295	2
221	451	2
221	281	1
597	221	3
326	221	2
574	221	1
520	221	2
221	528	3
221	580	2
478	221	1
587	222	1
382	222	1
222	533	1
252	223	3
223	396	1
247	224	3
224	553	1
488	224	1
225	457	3
444	225	2
225	590	2
302	225	3
233	225	3
225	404	2
225	412	1
226	256	1
226	290	1
227	463	2
227	495	3
350	227	2
227	390	2
339	227	2
228	463	2
439	228	3
513	228	2
423	228	3
228	514	1
228	548	3
443	229	3
229	507	3
229	274	2
301	229	2
315	229	1
565	230	1
230	296	1
230	535	2
479	230	1
230	379	1
231	501	2
337	231	2
561	231	1
524	232	1
232	260	2
233	481	3
234	431	3
234	445	2
283	234	2
235	250	1
236	552	3
236	412	3
237	571	2
237	500	1
237	516	2
238	545	3
358	238	2
584	239	2
301	239	2
239	408	3
239	414	2
240	540	1
240	559	1
291	240	2
262	240	2
240	466	3
241	408	1
241	519	2
479	242	1
242	380	3
243	376	1
243	453	3
574	243	2
571	244	1
244	582	1
244	417	3
244	587	3
503	244	2
254	245	2
365	245	2
498	245	1
256	246	3
246	407	1
246	374	3
257	247	1
594	247	2
486	247	3
323	248	1
293	248	3
488	249	3
249	283	3
321	249	1
312	250	2
250	460	1
351	250	3
441	250	2
250	455	1
251	466	1
251	398	2
253	252	3
559	252	3
526	252	2
450	252	3
441	252	1
372	252	2
341	252	2
253	451	3
331	253	1
253	390	1
281	254	2
254	447	2
254	293	3
427	255	2
255	431	1
255	566	1
255	377	2
518	256	2
437	257	2
534	257	2
258	592	3
545	258	3
375	258	3
259	385	3
259	317	2
303	259	1
260	428	1
261	414	2
261	481	3
423	261	1
562	262	2
576	262	2
382	262	3
359	262	2
563	263	3
263	362	1
263	358	2
263	584	1
536	264	3
264	314	1
547	264	1
264	586	1
265	508	3
316	265	3
375	265	1
429	266	2
266	281	3
266	589	2
550	266	1
267	387	1
267	565	3
267	323	3
267	381	1
268	361	3
268	329	1
313	268	2
483	269	2
310	269	2
269	271	1
454	270	2
270	394	3
271	557	2
508	271	2
311	271	3
338	272	3
562	272	3
499	273	3
478	273	2
440	273	1
274	577	2
436	274	2
274	415	3
274	557	3
275	316	1
565	275	3
368	275	3
297	275	2
445	276	1
276	449	2
276	336	3
383	277	1
277	475	1
585	278	3
450	278	3
278	465	3
576	279	2
328	279	3
407	279	2
279	595	3
280	400	2
298	281	1
281	508	2
281	305	1
590	281	2
283	455	3
283	295	3
284	520	1
284	572	1
284	347	1
441	284	2
412	284	2
594	284	2
285	372	2
355	285	2
318	285	2
286	441	3
304	286	1
455	286	3
561	286	1
286	474	1
286	413	3
423	286	2
287	435	3
287	331	1
549	287	1
569	287	3
404	288	3
289	316	3
289	589	1
357	289	3
290	583	2
588	290	1
391	290	1
291	546	3
402	291	3
291	440	3
291	389	2
292	317	3
337	293	1
293	559	3
324	293	2
527	293	3
293	309	2
293	409	1
293	526	3
547	293	1
422	294	3
532	294	3
350	294	1
295	481	3
295	365	1
295	313	2
295	430	3
578	295	3
295	487	3
295	364	1
484	296	1
396	296	2
342	296	2
354	296	2
297	353	3
297	392	3
298	468	3
298	535	3
586	298	1
517	298	2
298	393	3
356	298	3
388	299	1
299	331	3
350	299	2
588	299	3
300	599	2
306	300	1
525	301	2
405	301	1
301	426	1
302	521	1
317	302	2
302	529	2
302	585	2
302	407	2
343	303	2
304	462	3
418	304	2
540	305	1
305	402	1
305	345	2
307	340	1
307	499	3
326	308	3
426	308	3
365	308	1
308	567	3
309	587	2
309	354	3
309	332	3
398	309	1
309	397	2
317	309	1
310	482	2
516	310	2
588	310	2
311	342	3
311	592	1
311	575	1
312	419	1
312	564	1
312	518	2
462	313	2
358	313	1
463	314	3
314	512	3
462	314	3
506	315	1
315	540	3
348	315	1
472	315	1
451	316	2
317	335	3
541	318	1
318	460	1
319	565	2
319	364	2
319	464	2
597	320	3
320	447	2
514	321	1
350	322	2
322	498	1
322	464	2
522	322	2
322	572	2
323	417	3
478	323	2
355	323	1
562	324	1
324	428	2
325	590	3
477	325	1
523	326	3
326	578	3
327	436	2
327	514	1
327	434	3
328	496	1
329	391	3
329	478	3
554	330	3
330	448	2
330	539	1
331	373	1
331	532	1
553	331	3
457	332	2
332	406	3
333	514	2
410	333	1
481	333	1
429	334	2
506	335	3
336	543	2
430	336	3
337	567	3
337	563	1
391	337	1
503	338	1
339	495	2
339	450	2
339	574	1
339	423	2
340	576	2
510	340	2
550	341	2
547	341	2
341	551	2
341	572	3
341	548	1
500	341	3
569	343	2
435	344	3
344	479	3
344	351	2
501	344	2
539	344	3
574	345	2
392	345	2
485	345	2
598	346	2
346	497	3
512	346	3
500	347	2
351	347	2
539	347	1
410	348	3
348	500	1
348	429	1
470	349	3
349	507	1
349	449	1
350	382	2
425	350	2
351	577	1
363	351	1
532	351	1
351	549	1
402	351	3
352	477	2
499	352	2
352	455	2
353	477	1
494	355	3
545	355	2
452	356	1
550	356	1
500	356	2
357	383	2
358	552	3
432	359	3
359	479	1
360	529	1
566	360	3
419	360	2
361	406	3
361	517	2
361	398	2
381	361	1
431	362	1
362	417	2
413	362	3
363	561	2
363	477	3
545	363	2
364	366	1
394	364	1
365	377	1
365	584	1
451	366	1
411	367	2
367	444	2
367	595	3
367	377	3
581	367	1
492	368	3
393	368	1
373	368	1
381	369	2
369	485	3
369	593	3
487	369	1
370	465	1
475	370	3
370	459	1
536	371	1
372	495	3
373	442	3
398	374	1
374	515	2
375	569	2
376	468	2
377	415	3
377	551	1
378	397	2
392	378	2
544	379	3
452	379	3
379	432	1
545	379	3
432	380	1
382	587	2
384	543	3
384	441	1
500	385	2
539	385	2
525	385	1
386	482	3
386	479	1
387	476	2
400	387	2
388	526	3
485	388	1
388	557	3
388	407	1
409	390	1
391	587	3
392	495	3
506	392	3
392	555	3
392	526	1
392	567	1
393	583	2
537	394	2
500	394	1
394	409	2
520	395	1
510	395	1
502	396	1
396	588	3
413	397	3
397	497	3
397	557	2
446	399	2
433	400	3
552	401	3
401	578	3
401	426	2
527	402	2
535	402	1
491	403	3
405	455	1
406	405	3
405	520	3
435	406	3
409	484	1
410	507	3
410	425	2
410	572	3
514	410	3
410	467	1
411	535	1
414	412	2
589	412	2
534	412	3
547	413	3
413	566	1
413	416	2
578	413	3
446	414	2
414	492	1
426	414	2
416	580	1
497	417	3
540	417	1
418	554	3
419	448	2
490	419	3
468	419	1
420	530	3
514	420	1
470	420	3
594	421	3
458	421	2
422	509	2
423	549	1
424	540	3
424	495	3
541	424	1
433	424	2
424	562	3
424	557	3
425	553	3
425	571	3
580	425	1
497	425	3
426	465	3
426	442	1
426	573	1
427	533	2
428	565	3
429	453	3
430	444	1
430	440	1
431	559	2
499	432	1
433	505	1
584	433	1
453	434	3
435	512	3
435	472	2
575	436	1
437	549	1
437	449	2
437	506	3
438	469	1
439	441	2
509	440	2
440	504	1
569	440	3
441	539	3
443	546	2
444	566	3
444	539	2
448	444	2
445	576	2
556	446	1
529	446	1
447	574	3
448	452	2
545	449	3
450	481	1
450	550	2
557	452	1
452	511	3
453	537	3
454	585	2
455	522	1
456	484	3
458	536	2
544	460	1
460	508	2
460	479	3
595	461	3
461	471	3
462	580	2
462	566	3
462	477	2
560	463	3
463	535	3
544	464	1
515	464	1
548	465	2
501	466	2
468	535	3
469	494	1
500	469	2
527	470	3
470	508	3
470	578	1
472	563	2
513	472	2
474	571	3
504	476	1
560	479	3
480	594	3
481	517	3
481	525	1
512	481	3
482	548	2
509	482	3
482	575	3
483	580	2
569	484	1
554	485	2
487	575	3
488	516	3
569	488	2
527	489	2
563	489	3
523	494	1
502	495	3
497	599	1
553	502	1
505	536	2
527	506	1
506	521	1
598	507	1
510	585	1
577	510	2
555	512	2
513	576	3
513	582	2
578	513	1
513	573	2
549	513	2
517	576	3
520	583	2
586	520	2
522	545	1
523	550	3
589	523	1
525	588	1
539	526	3
526	552	2
529	527	3
594	529	3
530	569	3
555	535	2
535	571	3
537	588	1
558	539	2
540	572	3
541	544	3
542	575	1
543	577	3
544	575	2
544	593	1
546	554	2
546	590	2
550	548	2
590	550	1
551	579	3
552	553	2
555	552	2
586	552	3
568	555	2
596	556	2
563	571	1
593	564	2
569	565	1
579	565	3
566	576	2
578	576	3
583	587	3
