1	46	1
502	1	1
507	1	3
424	1	2
1	2	3
361	2	2
2	557	1
2	98	2
2	492	1
2	366	3
294	3	2
3	151	1
285	3	1
415	3	2
3	286	3
3	494	2
3	491	1
3	315	3
3	489	3
4	440	3
4	483	2
157	4	3
4	544	3
212	4	1
4	193	2
372	4	3
4	426	3
5	211	2
28	5	2
5	61	3
171	5	3
6	200	3
552	6	3
118	6	3
261	6	1
10	6	2
6	393	2
6	47	3
128	7	1
275	7	3
7	267	3
7	234	1
340	8	1
541	8	1
8	220	3
319	8	2
332	8	1
216	9	2
224	9	1
9	503	3
222	9	2
592	9	2
186	9	2
442	9	3
10	367	1
476	10	2
43	11	2
141	11	1
11	322	3
11	154	1
226	11	1
253	12	2
12	579	1
12	540	1
12	260	3
343	12	3
385	13	2
13	60	1
13	264	3
148	13	3
13	491	1
331	13	2
13	554	1
13	445	2
13	379	3
233	14	1
14	271	1
14	542	3
240	14	2
14	447	2
15	297	3
364	15	3
347	15	3
150	15	2
122	15	2
15	27	3
314	15	2
535	16	3
345	16	1
16	401	1
16	213	2
16	592	2
303	16	2
16	462	2
16	421	3
16	307	3
99	16	3
17	256	2
225	17	2
138	17	2
17	595	2
17	462	3
17	214	1
62	17	2
17	314	3
17	537	2
17	351	3
18	437	2
18	522	2
18	227	1
18	365	3
18	173	3
19	282	2
305	19	2
417	19	1
19	208	2
19	42	1
108	19	2
19	130	2
20	461	2
20	530	2
20	135	1
20	81	2
20	535	1
43	20	3
20	33	1
21	418	3
21	503	2
21	583	1
22	218	1
22	105	3
147	22	1
22	459	1
22	64	1
509	24	2
185	24	2
256	24	1
25	337	2
286	25	2
25	294	1
400	25	2
25	183	3
197	25	2
535	26	1
26	578	1
503	26	2
249	26	3
26	488	3
542	26	1
554	26	1
27	465	1
251	27	2
27	340	1
370	27	3
358	27	1
574	28	2
461	28	1
594	28	3
28	351	2
28	400	2
294	28	3
29	334	3
29	556	2
29	427	3
210	29	2
29	350	1
426	29	2
29	455	1
29	143	3
31	29	1
30	95	2
270	30	1
30	339	2
30	300	1
30	572	3
31	515	3
31	516	2
509	32	3
255	32	1
346	32	2
32	302	2
35	33	1
100	33	3
33	515	2
232	33	1
159	33	1
34	93	3
34	42	2
115	34	2
34	563	3
34	551	2
34	35	3
55	34	2
402	34	1
35	570	3
43	35	1
447	35	1
461	35	3
487	35	2
376	35	1
35	340	3
120	36	3
36	469	3
36	379	1
36	432	1
36	321	2
36	548	2
36	196	1
402	37	2
37	203	1
85	37	2
38	580	2
508	38	1
38	320	3
67	38	2
369	38	1
397	38	3
38	528	3
39	75	2
39	341	3
39	49	3
381	39	1
39	537	2
316	39	1
39	101	2
40	66	3
40	114	3
302	40	1
248	40	3
299	40	1
40	292	1
40	196	3
40	152	1
241	40	2
358	41	1
41	242	1
41	574	3
41	330	3
474	41	2
305	42	3
42	453	2
248	42	2
42	346	1
42	517	2
42	458	2
42	73	3
42	598	2
398	43	2
43	249	1
44	468	2
219	44	2
44	520	2
44	98	3
552	44	2
303	45	1
45	365	2
45	80	2
599	45	3
337	45	3
46	554	2
364	46	1
46	345	1
46	580	1
46	597	2
46	335	1
136	46	2
46	397	1
46	534	2
115	47	2
48	375	3
542	48	3
570	48	2
48	352	1
49	326	1
561	49	2
538	49	2
474	49	2
49	297	1
267	49	2
545	49	2
559	49	3
436	50	1
209	50	1
59	50	1
375	50	3
392	50	2
50	235	1
50	262	2
51	149	3
51	364	1
51	386	2
519	51	1
51	486	1
151	51	3
52	452	2
71	52	2
52	535	2
52	356	3
108	52	3
52	345	2
118	52	1
149	52	1
52	307	2
52	235	1
53	191	1
53	592	2
93	53	2
53	88	3
149	53	1
459	54	1
54	597	1
54	280	1
55	296	3
55	277	2
476	55	3
55	532	3
514	55	2
56	155	2
174	56	2
482	56	3
346	56	2
280	57	1
57	411	2
57	512	1
57	384	1
57	261	1
57	475	2
522	58	1
58	457	2
401	58	1
58	375	1
238	58	1
58	544	2
59	190	1
182	59	2
59	548	1
59	337	3
547	60	3
60	589	2
358	60	1
484	60	1
60	97	3
61	296	3
61	229	3
262	61	1
282	61	2
62	190	2
62	278	3
62	275	1
598	62	1
512	62	1
486	62	3
62	479	1
487	63	2
446	63	2
581	64	1
578	64	1
525	64	1
64	299	1
410	64	2
144	64	1
518	64	1
429	64	2
459	65	2
65	551	1
244	65	1
65	214	1
250	65	3
348	65	1
318	66	2
66	548	3
66	460	1
66	329	1
74	67	3
67	85	3
67	80	3
68	400	1
68	256	2
468	68	1
68	271	2
489	68	2
589	69	2
69	87	1
444	69	2
362	69	1
391	69	1
204	69	1
69	183	3
219	70	1
153	70	3
70	484	3
70	121	2
71	579	3
71	137	2
71	102	2
241	71	1
71	402	3
71	119	1
167	71	3
71	302	3
537	71	1
220	71	2
71	258	2
185	71	1
237	72	3
598	72	3
96	72	3
72	264	3
537	73	3
531	73	1
73	454	2
74	140	1
74	276	2
74	339	3
210	74	1
153	74	1
446	75	3
186	75	1
109	75	1
75	121	2
76	443	2
541	76	1
307	76	1
76	352	3
486	76	2
297	76	1
76	262	3
501	77	1
77	179	3
439	77	1
77	236	1
77	557	2
77	351	2
78	549	1
78	566	3
78	295	3
78	495	1
78	196	3
79	149	3
79	474	3
79	392	3
80	244	3
80	240	2
80	300	1
121	80	1
80	188	2
80	550	2
81	558	3
579	81	2
154	81	2
81	466	1
82	129	1
185	82	2
531	82	2
82	279	1
339	82	2
249	82	1
118	82	3
83	353	2
83	312	1
362	83	1
84	599	2
201	84	2
586	84	1
84	392	1
84	154	1
84	142	3
459	84	2
84	510	2
113	85	1
469	85	2
507	85	2
85	164	1
507	86	2
269	86	2
98	86	2
454	86	3
86	217	1
312	86	2
86	545	3
235	86	3
190	86	2
445	86	1
142	87	3
452	87	3
87	111	1
87	417	3
539	88	3
103	88	3
372	88	2
304	88	1
251	88	3
365	88	1
89	575	2
382	89	3
419	90	1
164	90	3
359	90	2
447	90	2
90	146	3
91	236	1
517	91	1
311	91	1
91	573	3
147	91	3
91	137	1
91	396	2
117	91	2
92	479	1
92	445	2
92	459	2
92	566	1
346	92	1
376	92	3
553	92	1
93	119	1
263	93	1
93	568	3
393	93	2
93	107	3
110	93	3
93	260	3
455	93	1
145	93	1
94	186	2
94	354	1
94	457	1
95	237	1
95	327	2
95	199	3
435	95	1
415	95	2
95	597	1
265	96	1
96	341	3
97	512	3
97	361	2
329	97	3
97	551	1
478	97	3
98	160	1
98	305	3
279	98	3
274	98	2
148	98	3
98	568	3
138	98	2
404	98	1
99	224	1
495	99	3
394	99	2
100	201	2
100	154	3
100	240	3
225	100	3
101	235	3
101	361	3
299	101	3
205	101	3
101	547	1
582	101	3
102	300	3
515	102	1
157	102	3
102	156	3
102	223	1
414	102	2
102	584	1
102	134	2
145	103	1
103	321	1
584	103	1
171	103	3
104	348	1
570	104	2
388	104	3
554	105	3
105	331	1
382	105	2
588	105	1
105	465	1
106	105	2
433	105	1
106	556	3
326	106	3
106	222	2
571	106	2
493	106	2
532	106	1
477	106	1
107	572	1
107	135	3
107	430	1
272	107	3
107	301	1
109	536	1
109	483	1
109	585	1
397	109	1
224	110	3
110	121	2
110	439	3
110	137	1
110	416	1
584	110	1
110	522	3
520	111	2
111	299	2
380	111	1
111	414	2
111	460	1
422	111	3
128	111	2
288	111	3
196	112	1
310	112	1
112	119	3
585	114	1
306	114	3
114	315	1
146	114	3
195	115	2
412	115	1
115	218	2
115	118	1
115	411	3
325	115	2
418	115	3
115	467	1
115	209	1
115	557	1
289	116	1
116	437	3
116	559	1
358	116	3
438	116	3
116	538	2
116	213	1
117	475	2
491	117	3
117	171	1
413	117	3
118	500	2
118	406	3
208	119	1
119	268	2
148	119	2
250	119	3
295	120	3
224	120	1
246	120	2
312	120	3
344	120	3
199	120	3
120	237	3
120	586	2
120	419	1
212	120	3
509	121	1
596	121	2
121	574	3
121	194	2
525	122	2
122	534	3
158	122	1
122	366	3
122	444	2
482	122	2
123	225	1
123	360	1
545	123	3
256	123	3
123	293	2
291	123	3
315	123	2
123	145	3
530	124	2
125	406	1
125	566	1
126	271	3
126	222	1
126	363	2
311	126	2
126	521	1
394	126	3
510	127	3
127	386	1
127	428	3
493	127	3
127	204	3
215	128	2
128	408	3
565	128	2
485	128	1
128	257	3
128	532	2
568	129	1
129	564	1
144	129	1
508	129	1
198	129	3
129	161	3
129	186	2
367	130	1
409	131	2
589	131	1
133	131	2
491	132	2
185	132	1
373	133	1
434	133	1
280	134	3
134	340	3
134	521	2
333	134	2
135	534	3
405	135	2
266	135	3
286	135	3
507	135	2
136	206	2
428	136	3
568	136	2
136	254	1
221	136	3
368	136	1
552	137	2
137	475	1
138	431	2
173	138	2
138	312	3
184	139	2
443	139	2
140	417	3
382	140	1
562	140	2
568	140	3
198	140	2
140	573	2
141	379	1
141	175	2
185	141	2
447	141	2
440	141	3
533	141	3
141	507	2
559	141	3
202	142	3
142	500	3
142	553	3
455	143	2
566	143	3
555	144	1
341	144	3
144	435	1
144	541	3
144	293	3
145	362	3
412	145	1
220	146	3
146	238	2
458	146	3
471	146	1
427	146	2
523	146	2
146	429	3
418	146	3
502	147	2
371	147	3
223	147	3
147	220	1
285	147	3
148	506	2
149	496	2
149	410	1
249	149	3
149	569	3
149	198	1
441	150	1
184	150	2
525	150	2
150	330	3
150	586	3
150	515	2
429	150	2
150	480	3
151	292	3
151	303	1
459	151	3
505	151	1
151	298	1
152	496	3
152	251	3
152	562	2
152	159	2
152	451	1
153	449	3
442	153	2
153	455	3
153	157	1
153	173	2
404	153	1
504	153	1
153	324	1
154	514	2
154	477	3
154	186	3
154	497	1
444	154	2
387	155	2
155	173	2
299	156	2
156	512	3
156	560	1
256	156	2
498	157	3
175	157	2
157	162	2
157	262	1
235	158	2
201	158	1
158	546	1
159	384	1
233	159	2
159	475	2
403	159	2
161	159	3
471	160	3
557	160	3
161	447	3
161	377	2
161	528	1
161	564	3
161	313	1
503	162	1
162	569	2
460	162	3
481	162	1
490	162	1
452	163	1
350	163	2
538	163	2
164	577	1
175	164	2
419	164	1
537	164	1
493	164	1
164	446	3
583	165	1
165	531	3
165	473	1
410	165	1
166	555	3
479	166	3
166	264	2
166	205	1
260	167	3
504	167	2
167	396	1
382	167	2
541	168	1
168	405	3
168	272	3
226	168	1
168	408	1
168	281	2
463	168	2
169	261	1
472	169	3
170	354	3
500	170	1
170	447	3
179	171	3
277	171	3
171	360	1
219	171	2
171	190	3
171	406	2
172	356	1
172	382	3
389	172	3
172	544	2
497	173	3
566	173	3
371	173	1
173	456	3
173	264	2
174	596	2
174	530	2
174	536	2
377	174	2
174	546	2
175	510	1
175	205	1
193	175	1
300	176	2
177	394	2
177	425	2
177	285	1
312	177	3
223	177	1
178	526	3
178	412	2
178	569	3
178	426	2
290	178	1
179	456	1
179	184	2
419	179	3
180	450	3
180	540	2
510	180	2
375	180	1
180	485	1
195	181	1
181	227	3
497	181	1
181	492	1
181	331	1
182	425	2
182	437	3
475	182	2
303	182	1
182	449	3
182	352	3
502	182	3
183	396	2
593	183	3
422	184	2
344	184	1
265	184	1
184	452	1
184	300	2
214	185	3
387	185	1
185	220	1
185	548	2
460	185	1
373	185	3
186	253	2
186	226	3
315	187	1
187	240	1
358	188	3
560	188	2
188	393	2
251	188	1
315	188	1
188	382	2
189	488	3
335	189	2
189	375	1
471	189	2
209	190	2
494	190	1
191	483	2
263	191	2
191	374	3
191	521	2
272	191	2
308	191	3
191	225	2
567	192	1
193	460	1
196	193	1
427	193	3
193	441	1
193	524	1
501	194	3
395	194	2
195	423	3
195	394	1
380	195	1
195	504	3
196	416	2
196	454	3
196	401	2
470	196	1
196	564	1
196	423	3
356	196	3
197	544	3
197	280	1
197	449	2
197	559	3
386	197	3
271	198	2
198	463	2
291	198	1
198	276	2
199	256	2
200	220	2
432	200	2
445	201	3
216	201	2
529	201	1
571	201	2
202	486	3
570	202	3
580	202	2
589	202	2
251	203	3
493	203	1
460	204	2
223	204	2
209	205	1
333	205	2
205	361	1
205	453	1
234	205	1
205	252	3
206	492	3
206	252	1
386	206	2
206	439	3
206	273	2
206	424	2
206	304	1
206	546	3
207	464	3
207	283	3
368	208	1
208	386	2
208	556	1
468	209	1
313	209	1
442	209	2
325	209	2
210	305	2
210	586	3
530	210	1
210	388	2
211	370	2
211	230	1
599	212	2
212	376	2
212	576	1
474	212	3
213	432	2
213	296	1
428	214	3
284	215	3
215	408	2
320	215	1
215	299	3
215	234	3
215	576	1
216	587	3
216	374	1
216	298	1
216	361	1
524	216	3
223	217	3
217	290	2
217	341	2
217	345	2
511	218	2
219	375	2
219	393	2
219	277	1
303	219	3
525	219	2
220	545	2
220	469	2
517	220	2
316	220	3
221	451	1
221	596	2
221	345	3
447	222	3
222	587	2
516	222	2
585	222	2
222	484	2
223	283	2
346	223	1
443	223	3
223	447	3
388	223	2
533	223	1
358	223	1
598	223	2
446	224	3
255	224	1
323	224	3
428	224	1
224	460	3
225	410	2
235	225	1
524	225	1
449	226	3
302	226	3
437	226	2
501	226	3
277	226	1
227	308	2
255	227	3
227	436	1
227	406	1
540	227	2
433	228	2
387	228	2
307	228	3
228	578	2
229	598	2
366	229	1
229	594	1
229	278	3
229	312	1
255	229	2
230	480	2
249	230	2
230	286	3
350	230	2
306	231	3
238	231	2
231	541	1
484	232	2
369	232	2
232	295	2
232	524	1
481	233	1
233	495	3
233	259	1
500	233	1
233	476	1
234	260	1
234	599	1
234	473	2
235	319	2
235	407	1
235	486	2
235	503	2
236	255	3
236	401	2
236	257	1
250	237	2
408	237	3
366	237	3
518	237	2
237	314	3
296	237	3
324	237	2
370	238	2
238	484	1
238	296	2
278	238	2
484	239	1
349	239	1
239	322	2
239	385	2
241	240	2
462	240	1
245	241	1
241	467	2
241	453	2
241	438	3
563	242	2
242	583	2
433	242	3
353	242	2
509	242	1
243	554	3
243	557	2
513	244	1
244	477	3
318	245	2
245	253	1
246	316	2
496	246	2
439	247	2
596	247	2
248	387	1
248	439	2
386	248	2
248	359	2
535	248	2
567	249	1
249	419	1
249	527	2
493	249	2
249	308	1
592	249	2
508	250	1
250	445	2
449	250	2
250	347	3
250	570	1
280	252	3
599	253	3
253	409	3
527	253	2
326	253	1
253	506	2
429	253	3
253	264	2
254	281	1
503	254	1
254	257	3
290	254	2
256	297	1
257	476	3
257	454	2
335	258	2
258	463	1
390	258	2
336	258	3
368	259	1
259	332	3
259	594	1
488	259	2
282	259	1
301	259	3
459	259	3
260	507	2
260	350	1
375	260	1
260	587	1
260	337	3
416	260	3
283	261	3
473	261	2
261	361	2
261	560	1
261	524	2
506	262	1
263	471	2
263	458	3
488	263	1
339	264	1
265	413	1
560	265	1
265	360	1
267	506	1
267	524	3
268	543	1
334	268	1
269	318	1
520	269	3
269	484	3
289	270	3
270	353	2
271	283	2
271	422	3
481	271	1
486	271	3
271	460	3
493	271	1
313	272	1
580	272	2
272	418	1
279	273	2
383	273	3
532	274	1
350	274	2
274	332	2
274	465	2
519	275	2
275	451	1
276	299	3
276	339	2
490	276	1
276	429	2
277	300	1
363	277	3
345	277	2
278	480	2
279	539	2
280	357	1
420	280	2
519	280	1
280	320	3
484	281	2
281	474	3
281	596	2
396	282	2
282	557	3
282	499	1
282	419	2
283	405	2
283	418	3
593	283	2
284	412	2
467	285	3
324	286	1
347	286	3
286	543	3
409	286	3
286	451	2
388	286	2
287	456	3
288	390	3
288	592	1
288	397	3
503	288	2
343	288	3
562	289	3
597	289	1
289	328	2
465	289	3
523	289	1
289	317	1
291	505	3
291	335	1
291	483	2
293	426	1
293	398	1
542	293	3
476	293	1
494	293	1
294	489	2
422	294	2
479	295	3
295	309	2
358	296	3
297	488	3
297	593	2
298	402	1
394	298	1
564	298	3
298	414	3
567	298	1
298	542	1
298	495	3
301	467	1
571	301	2
580	301	1
504	301	2
302	501	3
302	516	1
554	302	2
302	388	2
582	303	3
480	303	2
303	479	3
303	492	2
304	537	2
304	467	3
304	565	2
305	374	1
305	358	1
305	323	1
363	305	1
353	307	1
307	578	3
307	518	3
309	569	2
382	309	2
309	565	1
556	309	3
309	347	3
310	529	1
425	310	1
310	442	2
310	509	1
310	526	2
310	374	1
573	311	1
472	311	3
312	489	2
509	312	2
392	312	3
374	312	3
485	313	2
313	339	2
313	559	1
354	313	1
472	314	2
314	406	1
314	474	2
342	315	3
449	315	2
315	595	3
315	322	2
316	482	1
365	316	2
317	552	1
368	317	2
317	565	2
523	318	2
417	319	3
319	324	2
469	319	2
319	325	3
320	592	2
512	320	1
454	320	3
320	470	3
320	410	2
320	570	1
320	569	1
321	527	3
460	321	3
322	362	2
322	357	2
470	322	2
322	474	3
323	371	1
411	323	3
544	323	2
324	540	3
324	346	3
453	324	1
583	324	1
356	325	2
325	532	2
568	325	3
325	486	1
353	325	2
527	325	1
326	377	1
359	326	1
382	326	3
351	326	1
327	410	2
428	327	1
328	433	2
328	507	3
502	329	3
329	510	1
386	330	2
422	330	3
462	330	3
500	331	1
332	334	1
433	333	2
333	455	1
431	334	2
335	470	2
335	581	2
335	372	3
335	345	3
468	336	1
336	514	1
336	439	2
336	449	3
488	336	1
337	501	1
366	337	1
337	552	1
384	337	2
338	448	3
338	385	2
439	338	1
487	338	1
564	339	2
504	339	1
339	353	2
339	573	3
479	340	3
565	340	2
341	416	2
493	341	2
371	342	3
342	406	1
492	343	2
344	541	1
344	584	2
344	369	2
345	480	3
372	345	3
345	398	2
485	345	3
562	346	3
504	346	3
458	346	3
346	419	1
396	346	3
347	527	1
586	347	3
347	408	3
396	347	1
348	383	1
348	426	1
470	349	3
548	349	1
349	356	3
439	349	1
566	349	2
349	435	1
350	498	2
350	385	3
350	595	3
352	425	2
353	563	3
424	353	2
354	479	1
354	458	2
502	354	2
354	370	2
447	357	1
357	423	1
413	357	3
358	396	3
358	380	2
388	360	1
360	503	2
360	473	2
364	360	2
566	361	2
361	439	2
361	590	2
592	361	1
448	362	2
435	362	2
362	517	2
534	363	1
363	377	3
363	507	3
364	537	1
570	365	3
365	477	2
365	597	3
366	387	3
482	367	2
368	531	3
368	565	1
438	368	3
585	369	2
491	369	2
369	489	3
369	506	3
468	370	3
533	370	2
371	423	3
371	428	1
371	593	2
409	371	2
483	372	1
574	372	2
373	505	1
373	424	1
374	534	3
456	374	3
517	375	2
588	375	2
543	375	3
376	563	1
462	376	3
376	491	2
376	493	3
377	590	1
377	548	3
470	377	3
392	377	3
428	379	3
572	379	3
380	592	1
381	544	1
381	400	3
381	581	3
448	381	3
569	382	1
382	488	1
498	382	2
563	382	1
383	396	2
383	500	1
383	480	1
501	383	1
420	383	3
385	507	2
596	385	3
386	596	2
386	550	1
417	386	1
530	386	1
387	467	3
583	387	2
579	388	2
388	399	2
540	388	1
433	389	1
507	389	3
413	390	2
527	390	1
424	391	1
391	552	2
391	474	2
391	463	3
392	493	3
414	392	1
550	393	2
393	558	2
469	394	3
394	582	3
405	394	3
394	573	3
446	394	3
395	407	1
489	395	1
550	396	2
396	437	1
396	527	3
565	396	2
454	397	2
582	398	3
398	438	1
483	398	1
424	398	1
398	517	1
492	402	3
402	481	2
532	403	2
404	442	1
422	404	2
405	443	1
506	405	1
580	405	3
514	406	1
584	406	1
564	407	2
429	408	1
408	484	3
408	499	2
464	409	3
487	410	3
413	441	1
413	575	2
433	413	1
471	413	3
492	416	1
560	417	2
417	418	3
417	556	2
418	598	3
589	420	2
553	420	3
571	420	2
421	478	3
578	421	1
421	548	3
422	429	2
467	422	2
424	447	1
424	469	2
425	590	1
479	426	1
456	426	1
428	502	2
428	440	3
598	428	1
515	428	2
591	428	1
429	552	3
429	500	3
429	504	3
518	429	2
550	430	2
551	431	3
431	526	2
473	431	1
485	432	1
525	432	3
432	587	2
432	580	3
437	434	1
535	435	2
435	448	1
519	435	2
508	436	3
501	436	3
530	437	2
517	437	3
464	438	2
439	559	3
439	538	1
469	439	3
439	509	2
442	529	2
573	442	3
553	442	1
582	442	3
586	443	2
443	530	2
507	444	3
478	444	3
445	594	2
446	530	2
453	446	2
572	446	1
483	447	1
448	503	2
448	565	2
502	449	1
450	524	3
545	451	1
453	480	1
454	474	1
454	486	2
573	455	3
501	456	1
570	456	1
576	457	2
559	457	3
457	571	1
458	573	2
580	459	2
459	477	3
475	460	1
460	518	3
461	510	1
560	462	1
520	462	1
463	544	3
464	516	3
465	495	3
588	465	3
466	503	2
467	567	2
469	567	3
484	470	1
552	470	2
536	471	2
471	560	2
473	517	2
474	577	3
475	492	3
529	475	1
477	583	3
498	478	2
479	530	2
509	480	1
480	510	1
481	518	2
481	580	2
482	511	2
483	566	1
484	592	1
486	517	2
508	486	2
487	505	2
595	490	3
490	525	3
557	491	3
596	492	1
494	553	3
494	578	3
589	495	2
496	572	2
519	496	3
497	562	1
497	586	3
498	531	1
500	598	1
554	501	2
560	501	2
501	524	3
501	592	2
502	550	1
575	505	1
505	597	3
569	506	2
507	571	3
507	572	1
519	508	2
509	574	1
554	510	1
531	511	2
512	578	3
568	514	2
514	548	2
514	575	2
514	566	2
520	515	3
516	581	3
581	518	2
534	518	1
520	576	1
581	520	3
521	581	1
522	564	1
533	527	3
528	597	1
531	570	2
531	577	3
582	534	1
539	536	3
568	537	1
543	537	1
549	538	2
540	574	3
556	543	3
545	583	2
545	549	1
546	545	1
545	572	2
561	546	2
548	546	2
555	568	2
557	586	1
567	559	2
560	571	1
563	560	2
560	574	3
563	588	2
570	590	3
575	572	1
579	597	1
579	583	3
