451	0	1
0	415	1
403	0	1
0	172	3
1	399	3
1	471	1
172	1	2
1	413	1
543	1	1
2	448	1
2	327	1
479	2	1
2	123	2
2	276	2
295	2	1
398	2	2
255	3	1
420	3	3
3	144	2
3	402	2
427	3	1
3	346	3
122	3	2
494	4	3
4	456	2
4	26	2
4	278	1
4	402	1
4	61	3
457	5	2
5	99	1
5	202	1
473	5	2
5	89	2
5	548	1
587	5	1
5	361	1
439	6	2
6	426	2
6	571	2
575	6	2
312	7	3
115	7	3
245	7	3
136	7	1
72	7	1
109	7	1
7	74	1
494	7	2
198	8	1
8	414	3
8	408	2
208	8	1
230	9	1
235	9	3
315	9	1
439	9	2
9	150	1
9	141	2
363	9	3
10	90	3
176	10	2
573	10	3
12	10	3
355	10	1
182	10	2
327	10	1
10	567	1
11	62	1
11	50	3
500	11	2
11	521	1
11	220	2
12	77	3
12	102	1
12	251	1
332	12	3
61	12	1
382	12	2
167	13	1
13	55	2
204	13	1
413	13	2
13	351	2
13	68	3
13	400	3
319	14	2
14	566	3
14	285	2
14	582	2
446	14	2
14	40	2
15	338	1
100	15	3
15	155	1
15	161	2
16	590	1
17	499	1
47	17	1
207	17	3
17	70	1
533	17	2
17	354	1
17	168	1
17	349	1
259	18	3
102	18	3
18	397	2
405	18	1
274	18	1
18	495	3
252	18	3
444	18	3
126	19	1
19	73	2
19	182	2
150	19	3
133	19	2
391	19	1
211	19	2
368	20	2
20	581	3
208	20	3
20	248	1
20	263	3
20	297	2
21	410	2
21	215	2
481	21	3
21	201	1
21	459	1
263	21	3
21	409	3
350	22	2
36	22	3
565	22	3
22	465	3
429	23	2
332	23	2
584	23	2
23	74	1
23	198	2
468	24	3
379	24	3
24	561	1
555	25	2
387	25	2
504	25	3
109	25	3
89	25	3
32	26	1
26	368	2
75	27	2
27	591	2
586	27	3
309	27	2
27	171	3
28	176	3
215	28	3
245	28	3
28	344	3
28	431	1
28	592	2
138	28	2
146	28	3
191	28	3
511	29	3
29	371	1
88	29	2
37	29	3
503	29	1
29	540	2
29	130	3
380	29	1
30	409	1
30	199	1
427	30	2
30	326	3
30	526	3
30	274	2
30	583	1
220	30	3
292	31	3
307	31	2
31	68	3
31	279	2
31	95	1
31	49	3
574	31	1
31	89	1
31	320	3
562	31	3
408	31	3
127	32	1
32	231	3
58	32	2
32	502	3
185	32	3
32	369	2
33	120	2
491	33	1
33	253	1
498	33	2
33	62	2
97	33	3
225	33	1
33	473	2
406	34	1
34	45	1
34	174	1
34	112	3
382	34	2
34	562	2
125	34	3
34	230	3
35	597	2
35	38	1
295	35	2
35	508	3
35	357	3
481	35	2
36	522	1
523	36	1
260	36	2
135	36	3
37	240	1
37	343	3
550	37	3
348	38	2
186	38	1
74	38	2
69	38	2
302	38	2
39	530	2
39	319	3
341	39	1
489	39	2
40	190	3
40	314	2
40	337	3
40	79	1
354	40	2
40	372	3
40	106	2
41	136	3
570	41	3
41	118	3
287	41	2
41	212	2
41	490	3
41	152	2
250	41	1
318	42	3
42	413	2
42	432	2
42	263	1
160	42	1
110	43	3
218	43	3
43	441	2
428	43	1
139	43	3
104	43	1
44	73	1
517	44	3
44	421	1
328	44	3
44	99	2
44	62	2
44	311	2
427	44	1
113	45	2
590	45	2
447	45	1
374	45	1
45	497	1
201	45	2
45	512	3
367	45	1
45	167	1
277	46	3
218	46	3
495	46	3
46	307	1
156	46	1
242	46	1
46	310	1
562	47	3
47	441	1
403	47	1
47	117	2
47	531	3
199	47	1
48	401	1
48	138	3
214	48	2
177	48	2
48	393	3
271	48	1
48	382	2
48	276	3
189	48	2
175	49	1
396	49	3
49	215	3
332	49	2
49	571	2
49	237	2
50	470	3
328	50	2
315	50	2
226	50	3
373	50	3
51	539	2
51	344	1
51	415	1
353	51	1
318	51	1
52	424	1
52	573	3
52	300	3
452	52	3
52	80	2
52	82	1
53	593	1
591	53	3
53	573	3
54	108	2
54	597	2
54	290	3
54	286	2
55	279	3
325	55	2
55	563	3
128	55	3
55	550	3
204	55	2
251	55	2
306	55	1
56	378	2
56	199	3
125	56	1
518	56	1
215	56	1
172	56	3
428	56	2
455	57	2
57	542	1
484	57	3
101	57	2
396	57	2
589	58	3
514	58	2
262	58	1
58	595	1
281	59	1
59	267	2
144	59	3
539	59	1
517	59	1
59	127	2
60	306	1
374	60	1
60	536	2
545	60	1
61	313	2
454	61	2
61	478	2
62	259	1
326	62	2
62	185	2
62	131	3
62	81	2
62	117	2
300	62	1
62	178	1
62	496	3
63	284	3
515	63	3
63	369	3
63	308	3
63	519	2
63	599	2
356	64	2
244	64	3
64	597	3
393	64	3
65	458	2
65	270	2
65	421	1
65	242	3
543	65	3
474	66	1
285	66	2
260	66	2
66	197	1
66	512	2
536	67	1
203	67	1
67	76	2
67	233	3
489	67	2
115	67	3
67	565	1
67	549	3
311	68	1
68	385	2
68	211	1
233	68	2
416	69	2
474	69	3
516	69	2
147	70	3
70	502	1
561	70	3
374	70	1
325	70	1
256	70	3
596	70	3
451	70	1
106	70	2
71	524	2
583	71	2
190	71	1
71	259	1
71	498	3
423	71	2
207	72	1
263	72	2
72	354	1
72	332	3
72	580	2
72	237	1
434	72	1
503	72	3
73	212	2
73	457	1
300	73	3
73	334	1
74	480	1
74	388	2
593	74	3
98	74	3
594	74	3
381	74	2
310	75	1
75	143	1
227	75	3
75	263	1
75	406	1
75	314	1
597	76	2
76	526	1
76	328	1
582	76	3
93	76	1
524	76	2
76	447	1
76	273	2
76	250	3
512	77	3
441	77	3
77	83	3
327	78	3
78	521	1
78	251	2
400	79	2
79	228	3
79	224	3
79	156	3
79	491	3
315	79	3
97	79	3
79	124	3
80	404	1
80	312	1
93	80	2
522	80	2
81	230	1
81	584	3
81	378	2
81	418	1
300	81	2
82	434	3
319	82	3
82	194	1
82	425	2
83	144	2
83	354	1
516	83	3
83	109	3
83	464	3
337	84	2
84	329	2
209	85	1
93	85	3
499	85	3
85	462	2
290	86	3
86	317	1
185	86	2
169	86	3
291	86	3
571	87	3
271	87	1
461	87	2
467	87	3
556	87	1
157	88	1
406	88	3
305	88	2
88	224	2
88	516	3
386	88	3
88	462	3
88	449	2
89	537	1
89	295	3
89	266	1
531	89	3
545	89	2
90	394	3
90	376	1
285	90	2
154	90	3
511	90	1
585	90	3
260	90	1
357	91	3
91	179	3
92	356	2
234	92	2
93	350	3
93	490	1
93	135	1
94	177	2
94	536	3
458	94	3
539	94	2
112	95	1
95	390	1
95	512	2
95	559	1
96	385	2
224	96	3
181	96	1
96	257	2
191	96	2
96	164	3
404	96	3
487	96	3
96	507	2
97	151	2
453	97	3
97	137	1
145	97	3
546	97	1
497	97	2
560	98	2
98	204	3
98	203	3
210	99	1
345	99	2
559	99	3
100	508	2
100	304	2
100	212	2
329	100	3
100	307	1
100	358	2
100	260	2
137	101	1
117	101	1
101	342	2
101	375	3
444	101	3
101	573	3
459	101	1
102	541	1
120	102	3
264	102	2
102	452	3
348	102	1
102	132	2
103	269	1
103	362	3
204	103	3
540	104	3
104	259	1
104	215	2
104	119	2
286	105	2
338	105	1
105	425	3
105	272	2
332	105	3
225	105	3
105	592	3
453	105	3
562	106	2
541	106	3
415	106	2
106	391	1
107	478	2
544	107	1
108	170	3
108	412	1
108	134	1
109	472	1
109	156	2
429	109	2
109	315	3
110	338	3
243	110	1
110	448	3
110	360	2
211	111	3
435	111	2
111	531	3
423	111	2
111	536	3
112	508	2
112	358	1
112	207	1
112	154	3
321	113	1
113	258	3
257	113	2
114	357	3
114	221	3
393	115	3
115	305	3
364	116	2
179	116	1
116	587	3
116	479	1
356	116	3
117	497	1
588	117	2
117	299	1
117	400	3
246	117	1
150	117	3
117	199	2
117	298	1
117	501	2
500	117	2
316	117	1
202	117	3
529	118	2
118	265	1
509	118	2
118	541	2
519	118	3
118	230	1
195	118	2
119	306	1
503	119	3
119	483	3
119	189	2
119	332	2
219	120	3
120	457	1
168	121	2
121	268	1
121	307	2
515	121	1
121	572	1
121	302	3
121	263	1
362	122	2
536	122	1
445	122	3
309	122	2
312	123	3
552	123	3
433	123	2
456	123	3
465	123	3
566	123	1
205	124	2
399	124	1
213	124	3
573	124	1
124	211	2
124	465	1
125	192	2
229	125	1
125	260	1
125	536	2
126	496	2
126	559	3
501	126	2
126	328	2
127	158	3
127	299	1
127	177	3
127	228	2
128	539	2
128	379	3
128	328	1
443	129	2
316	129	3
481	129	1
129	550	2
130	515	1
482	130	3
130	465	1
395	130	2
299	130	3
130	455	2
567	131	3
203	132	2
132	197	2
507	132	2
246	132	3
132	291	2
372	132	1
537	132	1
278	133	2
522	133	2
381	133	1
585	133	3
133	185	2
202	134	3
142	134	1
134	598	3
279	135	1
135	226	2
135	336	3
135	469	1
197	135	2
136	352	3
136	303	3
136	574	1
486	136	3
218	136	2
136	207	3
572	137	3
138	257	3
574	138	1
204	138	3
459	139	3
285	139	2
536	139	3
139	472	2
192	140	1
140	589	2
150	140	2
140	596	2
140	203	3
365	140	1
319	140	1
140	535	3
141	251	1
361	141	1
141	253	2
170	141	1
360	141	2
346	142	2
142	427	1
142	167	1
142	559	1
567	142	1
342	142	3
143	151	3
512	143	2
143	515	2
143	205	3
472	144	2
144	397	2
144	297	1
145	543	3
145	534	1
496	145	1
294	145	1
508	145	2
234	145	1
498	145	1
145	346	3
342	146	1
326	146	3
283	146	2
431	146	1
146	592	2
288	147	3
147	284	1
147	318	2
150	147	1
148	235	2
232	148	3
155	148	2
148	277	3
148	180	3
148	455	2
148	564	2
447	148	2
563	148	2
149	421	1
424	149	1
150	244	1
150	209	3
150	462	1
457	150	3
292	150	2
150	288	3
150	172	2
567	151	3
288	151	3
508	151	2
151	496	1
152	185	2
152	508	1
152	528	2
152	534	1
293	152	2
152	579	2
361	153	1
406	153	3
153	408	1
314	154	1
154	419	1
196	155	1
452	155	3
155	238	1
599	155	1
450	157	3
582	157	3
297	157	2
157	326	1
185	158	2
172	158	1
158	186	1
227	158	1
244	158	3
312	158	2
328	159	3
159	545	1
159	529	1
483	159	3
485	159	1
500	159	3
159	341	1
160	265	2
318	160	1
392	160	3
534	161	3
161	590	1
161	444	1
162	569	3
162	503	2
162	307	1
439	162	3
162	293	3
163	454	2
497	163	2
187	163	2
438	163	3
397	164	3
258	164	3
165	589	3
165	475	3
223	165	3
420	166	2
166	382	3
431	167	1
167	196	2
322	167	1
516	167	2
168	491	2
168	174	1
168	476	1
370	169	2
169	324	1
169	454	1
169	341	3
448	169	3
174	169	1
170	210	1
593	170	1
170	314	2
171	597	1
171	317	2
171	494	3
172	491	3
172	257	2
554	172	2
172	519	1
172	593	1
173	592	2
404	173	2
173	304	1
174	582	2
174	365	1
295	174	2
583	174	2
174	433	1
420	175	3
327	175	1
351	176	3
176	255	2
176	362	3
176	240	3
177	186	1
255	177	2
206	177	3
177	558	2
177	409	2
251	177	3
177	437	1
309	177	1
177	428	2
178	517	1
178	422	1
225	178	1
179	419	2
179	549	2
267	179	3
179	197	1
542	181	1
181	495	3
181	185	2
181	248	2
288	182	1
484	182	3
182	583	2
302	183	2
417	183	2
183	446	3
516	183	1
285	184	2
413	184	1
186	256	1
495	186	1
540	186	1
387	187	1
594	187	2
188	477	1
233	188	3
188	579	3
310	189	2
190	494	3
524	190	1
463	190	1
434	191	2
220	191	3
191	248	3
570	191	1
191	496	3
192	275	2
284	192	2
419	193	2
376	193	1
193	247	1
486	193	3
193	312	3
194	577	2
403	194	1
194	485	1
194	402	3
558	194	2
360	194	3
195	434	3
579	195	3
287	195	3
195	252	1
196	522	1
591	196	3
321	196	1
236	197	2
200	197	1
197	449	1
312	197	3
591	197	1
391	198	3
198	321	1
464	199	3
199	209	1
199	523	3
240	199	1
199	499	1
199	557	1
263	199	1
199	412	1
203	200	1
473	200	3
354	200	2
444	200	1
201	402	3
548	201	2
201	323	1
202	596	1
412	202	2
425	202	3
559	202	1
325	203	1
403	203	1
203	318	3
531	203	2
203	554	1
204	287	1
339	204	3
204	343	2
536	204	2
405	204	1
204	268	1
230	204	3
255	205	2
205	323	3
268	205	3
334	205	1
205	549	2
205	297	2
262	206	3
206	260	3
324	206	2
206	271	2
206	466	1
432	207	3
276	207	2
207	227	3
207	466	2
315	207	2
443	207	1
207	212	3
207	332	2
436	207	1
338	208	3
208	477	3
349	208	1
208	302	3
431	209	3
598	209	2
229	209	2
209	526	2
210	248	3
587	210	2
543	210	1
593	211	3
211	441	2
322	211	1
263	211	3
485	212	1
212	544	2
355	212	2
212	535	2
418	212	3
213	431	2
599	213	2
213	357	2
541	214	1
214	414	3
433	214	3
553	214	3
532	214	3
520	214	3
470	214	1
594	214	3
215	570	1
215	407	2
215	571	2
215	341	2
456	215	1
415	215	1
329	216	3
324	217	2
217	464	1
551	218	3
220	505	3
546	220	3
408	220	3
244	220	2
558	220	3
482	220	1
239	221	1
221	443	2
221	340	2
290	221	3
221	279	1
222	322	3
243	222	2
524	222	2
222	343	3
222	540	1
222	256	3
561	223	1
310	223	1
578	223	3
284	223	1
463	223	3
224	507	3
224	337	1
551	224	1
224	401	2
577	224	1
225	227	2
225	317	1
592	225	2
470	226	2
522	226	2
226	398	2
568	226	2
520	226	2
226	542	3
537	227	1
530	227	1
227	311	3
288	227	3
553	227	3
227	262	3
520	227	2
482	227	3
342	227	3
227	258	1
228	418	2
243	229	2
403	229	2
241	229	2
286	230	2
230	436	2
354	230	2
231	244	1
391	231	1
232	564	1
320	232	1
233	439	1
233	504	2
233	301	3
233	350	2
354	233	1
329	233	1
234	381	1
274	234	1
296	234	3
235	289	2
235	487	3
235	477	1
405	235	1
237	235	1
565	236	2
236	551	2
471	236	1
236	363	2
305	236	3
236	469	2
499	237	1
237	496	2
237	451	2
512	238	1
238	542	1
349	239	2
239	414	2
239	305	1
395	239	3
240	551	1
407	240	2
555	240	3
583	240	1
240	422	1
426	240	2
464	240	2
240	284	1
240	430	2
240	383	3
490	241	3
249	241	3
241	295	3
241	412	2
437	242	2
242	440	2
242	256	1
242	451	2
243	418	1
243	537	3
243	543	3
244	566	1
397	244	2
245	520	2
246	451	3
246	457	2
247	384	1
440	247	2
247	260	1
247	467	2
507	248	3
248	313	3
439	249	1
249	461	1
249	376	3
249	361	2
591	251	2
252	588	2
458	252	3
252	366	2
346	252	3
378	252	2
398	253	1
253	416	3
581	253	3
580	253	2
343	253	2
523	254	1
418	254	1
254	589	2
541	255	1
327	255	1
470	255	2
256	534	2
256	548	3
315	256	2
334	256	3
256	531	2
256	277	1
418	256	1
257	337	1
522	257	3
257	494	3
258	479	1
287	258	2
258	534	3
260	518	3
261	588	3
261	595	2
347	261	2
261	263	3
354	261	1
467	261	1
262	363	1
281	262	3
410	262	2
262	368	2
327	262	3
528	263	3
263	393	3
264	362	3
264	359	1
264	446	3
265	281	2
372	265	1
271	265	2
336	266	3
266	477	3
536	266	1
267	497	1
290	267	2
302	268	3
310	268	2
268	410	1
423	268	2
269	400	1
269	551	2
269	525	2
493	269	3
269	554	2
269	329	1
270	331	2
270	505	2
454	270	1
440	270	1
271	380	3
271	355	1
439	271	2
271	554	1
272	537	3
272	558	1
523	272	1
573	273	2
273	375	3
564	273	3
273	406	3
546	274	1
275	530	1
458	275	1
308	275	2
276	302	1
276	529	2
276	506	2
276	550	1
550	277	3
370	277	1
505	277	1
277	479	2
424	280	2
397	280	3
544	281	3
494	281	1
281	327	1
286	281	1
282	584	3
562	282	2
597	283	2
568	283	3
283	529	3
283	447	2
455	283	3
285	472	1
285	512	3
285	575	2
421	285	2
449	285	1
314	285	1
586	286	3
423	287	3
287	430	3
451	287	3
577	287	1
529	287	2
287	511	2
590	287	3
567	288	2
289	464	2
289	372	2
572	290	3
310	290	1
290	381	3
291	347	2
572	291	1
470	291	3
568	291	1
347	292	2
292	334	1
570	293	2
294	324	1
434	294	3
512	294	1
502	294	3
295	399	2
295	334	1
459	296	1
599	296	2
296	317	3
458	296	1
296	333	2
304	296	3
535	297	1
447	297	3
298	461	3
436	298	2
477	299	1
299	364	2
299	380	2
376	300	2
321	300	3
300	551	3
397	301	3
301	487	2
302	474	2
515	302	3
455	302	2
353	303	1
373	303	3
390	303	3
304	468	1
370	304	1
525	304	3
579	305	3
305	464	1
306	382	2
306	461	1
306	318	3
532	307	2
412	307	3
307	429	2
307	369	1
307	487	3
578	307	2
308	360	2
308	566	3
396	308	3
308	495	1
558	309	1
390	309	3
309	459	1
397	309	2
529	309	3
310	397	1
495	310	2
344	310	3
512	311	1
469	311	3
319	311	3
311	462	1
312	503	1
405	312	3
314	313	3
372	314	3
314	322	2
498	314	1
478	314	2
314	531	2
469	315	2
501	315	1
318	316	1
316	478	3
316	367	1
317	358	2
317	346	3
318	350	3
400	318	1
510	319	1
320	366	3
320	450	1
320	488	3
350	320	2
366	321	3
321	381	1
491	321	2
591	321	1
322	386	3
322	466	3
390	322	2
392	322	3
457	323	2
345	323	3
324	537	1
505	324	1
334	324	1
325	463	1
326	339	2
327	537	3
357	327	2
327	475	2
371	327	1
327	593	1
501	328	3
453	328	2
329	328	1
328	594	1
329	359	3
370	329	3
388	329	2
330	523	2
478	330	1
331	592	1
357	331	2
529	331	3
430	331	3
332	491	3
332	425	2
332	484	3
337	333	3
390	333	1
538	334	3
562	334	3
334	429	3
334	506	3
334	491	3
352	335	2
335	510	2
425	335	3
561	335	1
335	520	1
336	534	3
433	336	2
343	336	1
467	337	1
530	337	3
504	338	3
338	557	2
339	587	2
506	339	1
465	339	3
490	339	2
339	345	1
549	339	2
477	340	2
340	590	3
477	341	3
341	360	2
427	341	2
404	342	1
342	563	3
463	343	1
389	343	1
343	403	3
344	436	2
345	422	2
596	345	2
352	345	2
396	346	2
346	443	2
548	346	2
347	595	2
347	523	3
348	385	1
562	349	1
385	349	3
459	349	1
490	349	3
371	349	1
497	350	2
507	350	1
374	350	3
350	387	3
351	439	3
357	352	1
497	352	1
594	354	2
518	354	1
552	356	2
582	356	1
356	551	1
356	496	3
356	553	1
433	356	3
356	476	2
357	388	2
495	357	1
575	357	2
460	358	2
358	539	1
358	543	3
484	358	1
511	359	2
513	359	1
574	359	2
567	359	1
372	360	2
360	592	1
526	361	3
564	361	3
361	552	3
481	362	3
568	362	2
418	362	2
397	364	3
364	583	2
596	365	2
534	365	3
365	472	2
366	419	1
493	367	3
368	563	1
369	586	1
369	544	1
540	369	1
370	441	2
372	391	3
372	432	2
499	372	1
472	372	1
372	533	3
386	372	3
372	553	3
373	573	2
587	373	2
380	374	2
583	374	2
540	377	3
420	378	2
545	378	3
421	379	3
379	575	1
380	456	1
549	380	1
381	524	2
382	589	2
545	382	3
536	382	1
493	383	1
585	383	2
550	383	2
384	408	2
489	384	2
385	546	2
483	385	3
386	456	1
386	461	1
542	386	3
387	449	2
387	495	1
437	388	3
443	388	1
564	389	3
389	562	1
390	544	1
391	547	1
482	391	1
451	392	3
392	422	1
393	528	3
394	467	2
475	394	3
395	595	1
528	395	2
599	395	3
465	396	2
396	461	1
398	396	1
551	396	1
396	588	3
507	397	1
397	544	2
398	503	2
398	449	3
460	398	3
399	586	3
502	399	2
551	400	1
501	400	1
563	400	2
400	595	3
557	400	3
478	401	2
401	469	3
402	568	3
448	402	3
529	402	1
434	402	1
497	404	1
585	405	3
405	450	3
406	439	2
407	406	2
423	406	3
407	523	1
484	407	3
505	407	2
407	507	2
495	408	3
408	457	2
488	409	3
409	429	2
550	410	3
501	410	2
411	463	1
412	577	2
507	412	3
442	412	2
529	412	3
412	455	2
519	413	1
414	473	1
519	414	3
414	510	3
559	415	1
415	546	2
522	415	2
417	440	2
578	417	1
550	417	2
479	418	3
419	475	3
419	436	1
419	423	3
537	420	3
421	485	2
580	421	2
421	500	2
596	422	3
441	422	1
458	422	3
498	423	3
426	451	1
427	579	2
427	585	2
427	528	3
567	429	3
429	529	3
449	429	3
535	429	3
545	429	2
593	429	2
429	560	2
432	585	2
432	442	1
433	443	2
595	434	2
434	531	1
471	435	2
436	479	3
567	436	3
558	437	3
438	570	3
439	512	1
510	439	2
455	440	2
535	440	2
440	566	3
440	465	2
441	565	2
475	441	3
441	588	3
548	442	1
455	442	2
567	442	1
442	519	2
443	571	3
494	443	2
444	489	3
599	444	3
444	536	2
551	445	2
518	445	3
445	479	2
445	597	2
454	446	3
447	524	1
477	448	1
464	451	3
499	451	3
473	451	3
486	452	1
483	453	3
527	455	1
455	599	1
455	525	2
455	516	1
529	456	3
552	457	3
469	457	3
458	585	1
473	458	1
541	459	2
459	594	3
488	460	2
461	472	1
462	490	2
463	527	1
564	464	2
559	464	1
464	547	2
561	464	3
467	585	2
468	551	1
471	528	2
506	472	2
473	488	1
475	588	1
475	485	3
477	566	2
478	507	1
478	484	1
498	479	1
558	479	2
488	480	2
480	498	2
481	532	2
559	481	1
482	505	1
577	482	1
486	482	1
483	542	2
483	549	3
498	486	3
565	487	3
487	593	2
487	581	2
487	575	1
577	488	1
524	490	1
490	521	1
491	552	2
494	528	1
497	510	2
553	498	1
499	521	2
592	505	2
506	532	3
546	507	3
508	570	3
521	508	1
508	514	3
516	508	1
516	510	2
550	510	1
510	540	2
520	511	3
511	593	2
551	511	1
570	514	2
515	568	1
569	515	2
516	585	3
518	579	1
518	557	1
557	520	1
574	521	2
523	540	1
525	581	2
528	599	2
530	543	2
559	535	3
551	536	1
571	538	3
596	544	2
569	546	3
548	597	2
598	553	2
572	554	1
555	556	2
565	560	3
560	592	3
562	567	1
562	597	2
594	568	3
570	576	3
583	576	1
587	576	3
577	591	1
