0	134	3
315	0	2
0	551	2
0	5	1
0	505	3
396	1	1
474	1	3
527	1	3
108	1	3
2	327	2
91	2	2
110	2	1
2	369	2
455	2	3
2	128	1
3	165	2
70	3	2
397	3	1
3	65	1
248	3	3
494	3	1
391	3	3
149	3	1
4	299	2
199	4	3
280	4	3
4	387	3
4	297	1
89	4	2
4	314	2
4	318	2
5	142	3
5	372	1
5	112	3
5	188	3
5	236	2
5	198	2
5	263	2
572	5	3
5	189	2
6	182	3
6	333	3
6	458	1
66	6	3
6	8	2
7	506	3
7	249	2
283	8	2
8	428	3
8	364	3
550	8	2
8	483	2
252	8	2
8	422	3
9	338	3
396	9	3
566	9	2
193	9	2
9	394	3
550	9	3
10	124	1
10	365	3
10	459	3
169	10	1
431	10	1
10	482	1
11	244	2
11	585	1
11	225	2
11	136	1
588	11	3
299	11	3
12	359	1
12	33	3
12	464	1
13	585	3
13	414	1
125	13	3
13	187	1
13	239	2
363	13	1
499	13	2
13	216	3
13	406	3
99	14	1
14	429	1
14	124	3
14	234	3
14	53	1
14	479	1
14	228	2
14	457	2
195	14	1
14	470	2
563	14	1
121	15	2
15	467	3
444	15	1
423	15	3
16	337	1
22	16	3
16	105	3
16	558	3
57	17	2
17	500	3
17	208	3
17	592	3
17	359	3
17	135	2
423	17	2
18	458	3
18	172	2
140	18	3
154	19	1
124	19	3
406	19	2
175	19	3
379	19	3
26	19	2
121	20	3
20	578	2
20	465	3
20	403	2
20	476	3
145	20	1
556	20	3
20	86	2
21	172	3
21	570	3
31	21	3
89	21	2
22	97	2
471	22	3
590	22	1
372	23	1
23	82	1
414	23	3
24	515	1
24	174	1
24	303	2
24	311	1
24	223	1
24	347	1
113	25	3
109	25	3
105	25	1
378	25	3
480	25	2
145	25	1
162	25	2
52	26	3
185	26	3
506	26	2
27	346	3
27	588	2
272	27	2
542	27	3
81	27	2
27	185	2
109	27	1
27	417	1
27	92	2
28	241	3
277	28	2
319	28	3
254	29	2
393	29	3
388	29	2
29	530	1
59	29	2
29	598	2
29	172	1
516	30	2
249	30	1
173	30	3
442	30	3
30	415	1
30	143	1
67	30	1
498	30	2
30	587	1
31	302	1
31	411	1
31	291	2
85	31	3
31	494	3
31	270	2
31	333	2
32	371	2
332	32	1
32	573	3
250	32	1
32	525	2
33	335	3
33	399	3
43	33	2
245	33	2
276	33	2
409	33	1
33	39	1
33	565	2
139	33	3
33	155	1
33	390	2
140	34	1
34	66	2
56	34	1
34	368	1
293	34	3
157	34	3
315	34	1
35	123	3
35	238	2
430	35	2
35	124	3
35	477	1
35	149	3
36	288	3
575	36	3
36	442	1
36	597	2
187	36	2
101	36	2
36	515	2
36	541	3
456	37	2
460	37	1
369	37	1
37	306	3
62	37	1
38	540	2
497	38	3
102	38	3
219	39	1
391	39	3
272	39	3
40	484	1
187	40	1
40	101	3
40	244	2
224	40	1
40	522	1
40	454	3
40	467	1
40	48	1
89	40	2
194	40	3
41	478	3
41	226	3
78	41	3
41	392	2
543	41	3
41	58	1
42	497	1
42	310	3
42	585	1
524	42	3
42	469	2
42	598	2
318	42	1
43	535	1
43	46	2
386	43	2
43	596	1
43	333	2
43	263	3
414	43	2
384	43	1
549	44	2
66	44	1
428	44	1
45	277	2
45	430	1
45	329	2
358	45	2
413	46	1
270	46	3
502	46	1
46	425	2
340	46	2
47	585	3
47	215	1
421	47	2
382	47	3
106	47	2
47	99	2
555	47	2
47	432	1
485	47	1
373	48	3
48	422	2
235	48	3
48	367	1
48	485	1
556	48	3
49	471	2
522	49	1
49	449	1
49	580	2
50	596	2
512	50	3
50	527	2
416	51	3
315	51	1
51	213	3
51	156	1
170	51	2
52	87	1
52	226	1
52	257	1
232	52	2
385	53	2
53	251	3
450	54	2
269	54	1
292	54	3
493	54	3
54	469	3
54	595	2
55	128	3
562	55	1
507	55	2
566	55	3
73	56	2
530	56	3
71	57	1
507	57	2
119	57	3
140	57	2
66	57	1
167	57	3
549	57	2
57	491	3
57	404	1
58	573	1
58	360	1
58	81	1
440	58	2
58	68	3
309	58	2
177	58	3
58	581	1
243	58	1
59	260	3
69	59	3
59	247	3
59	194	2
59	103	1
162	59	1
60	72	1
401	60	1
61	153	1
61	142	3
191	61	1
340	61	2
62	85	2
311	62	2
271	62	3
129	62	1
157	63	3
415	63	2
63	339	1
246	64	1
126	64	1
64	102	2
64	138	2
371	64	1
64	597	1
267	65	1
257	65	1
383	65	2
422	65	3
65	520	1
121	65	2
65	481	1
66	551	2
66	579	2
66	421	3
217	66	1
66	233	3
239	66	2
66	265	1
317	67	2
67	215	2
440	67	1
67	93	1
68	150	1
68	467	3
68	296	2
69	586	3
441	69	1
262	69	1
69	505	2
142	69	3
213	70	1
412	70	1
70	312	2
417	71	3
348	71	2
203	71	3
362	71	2
293	71	1
381	72	3
336	73	3
102	73	3
73	492	3
73	101	2
522	74	1
74	585	1
320	75	2
552	75	1
76	247	3
76	385	1
453	76	1
76	489	2
375	76	1
493	76	3
175	77	3
253	77	2
78	221	2
78	140	1
297	78	3
78	360	2
311	78	2
158	78	1
213	79	1
416	79	3
79	343	2
526	80	2
342	80	1
195	80	1
81	117	1
212	81	2
598	81	2
166	81	2
82	153	2
599	82	2
82	444	2
430	82	2
82	402	1
83	557	1
83	560	2
437	84	1
84	502	2
84	152	3
266	84	1
84	171	1
467	84	2
454	85	2
297	85	3
85	133	1
85	264	1
85	343	1
452	85	2
85	445	3
86	149	1
86	456	2
86	492	1
92	86	1
214	87	3
141	87	3
87	439	2
579	88	2
313	88	3
383	88	1
501	88	2
507	88	3
89	597	1
492	89	2
256	89	2
89	583	1
89	137	2
89	576	3
90	342	1
90	439	3
581	90	2
91	552	2
282	91	2
91	515	2
91	145	3
92	541	1
92	365	1
209	92	3
92	520	1
92	123	3
326	92	1
93	166	3
93	415	3
316	93	2
318	93	3
93	164	1
93	462	3
404	93	1
94	447	3
94	156	1
94	367	2
326	94	3
95	586	3
95	164	2
95	138	2
95	299	2
583	95	1
291	96	1
411	96	1
96	245	3
96	531	2
96	489	1
96	318	2
96	174	1
97	329	1
97	586	1
343	97	1
97	511	1
431	97	1
98	108	3
99	150	2
99	156	1
451	99	2
99	281	2
472	99	3
241	99	3
100	169	2
100	454	2
408	100	2
597	100	1
491	101	1
329	101	1
493	101	3
296	101	3
102	240	2
228	102	1
206	102	1
107	102	2
103	462	2
103	244	2
523	103	1
125	103	3
463	103	2
148	104	2
510	104	2
129	105	2
105	547	3
105	269	1
106	293	3
183	106	1
106	201	2
117	107	2
214	107	2
343	107	3
107	465	2
107	302	1
201	107	3
362	107	3
107	358	2
108	358	3
529	108	2
507	108	2
380	108	3
108	501	1
109	322	3
149	109	2
109	429	3
109	583	1
109	174	2
267	109	3
109	126	1
170	109	3
110	214	2
309	111	3
175	111	1
300	111	2
305	111	1
270	111	1
545	111	3
112	519	1
112	238	3
112	294	3
414	112	1
516	112	3
279	112	2
362	112	2
542	112	2
241	113	1
114	113	1
523	113	2
383	113	1
114	529	1
115	114	1
114	412	1
114	193	3
114	418	1
195	114	3
114	456	1
115	517	2
158	115	1
445	116	1
441	116	2
190	116	1
374	117	3
288	117	3
446	117	1
596	117	3
321	117	1
117	296	2
506	117	2
118	145	1
442	118	3
118	174	2
118	566	1
480	118	3
119	509	2
555	119	1
119	378	3
119	269	3
478	119	2
173	120	1
569	120	2
436	120	3
120	402	1
519	120	2
585	120	2
590	120	1
120	159	1
121	318	2
121	409	3
389	121	1
470	121	3
121	173	2
121	478	3
121	222	3
121	143	1
122	159	1
182	122	3
500	122	2
122	169	3
123	473	2
322	123	3
277	123	1
339	123	2
123	183	3
419	123	3
242	124	3
124	170	1
124	176	1
124	532	1
467	125	1
125	526	3
126	203	3
126	364	3
126	224	2
127	353	2
535	127	3
127	303	2
128	414	1
128	277	2
471	128	3
585	128	1
411	128	1
451	128	2
387	129	2
129	429	2
490	129	3
332	129	3
289	129	3
424	130	2
168	130	3
130	361	2
130	288	3
249	130	2
193	131	2
131	310	1
526	131	1
131	578	1
511	131	1
592	131	1
351	132	1
132	311	1
452	133	1
192	133	1
528	133	1
330	133	2
315	133	1
258	133	3
133	414	3
365	133	2
134	564	1
517	134	1
134	363	2
426	134	1
135	528	3
599	135	2
231	135	2
269	135	1
180	135	3
540	136	2
136	388	3
181	136	2
566	136	3
136	479	3
255	136	3
137	160	1
482	137	3
540	137	3
274	137	3
137	369	2
137	235	2
138	405	1
554	138	1
138	431	3
575	138	1
139	536	2
261	139	3
139	515	2
346	139	1
241	141	1
153	141	2
141	304	2
197	141	3
141	368	3
141	266	3
141	264	1
142	382	2
142	519	1
142	205	1
396	143	2
143	550	2
184	143	2
531	144	3
144	490	2
144	514	3
271	144	1
144	444	2
395	144	3
144	496	2
144	513	3
145	427	3
145	558	3
145	215	1
577	145	3
377	145	2
448	145	3
146	363	2
367	146	3
147	564	2
354	147	1
291	147	2
489	147	1
338	147	3
212	147	3
540	148	1
379	148	1
431	148	2
267	148	3
149	347	3
416	149	2
367	149	1
388	149	2
161	149	1
399	150	2
409	150	1
150	540	1
365	150	1
150	200	3
151	218	1
280	151	3
151	323	3
151	512	2
151	285	1
587	151	3
216	152	1
152	541	3
472	152	1
153	268	1
240	153	1
573	153	3
564	153	1
378	153	2
416	153	2
341	153	3
288	154	3
292	154	2
319	154	2
154	318	1
154	548	2
155	393	1
156	596	2
238	156	1
156	569	1
233	157	1
414	157	1
223	157	1
271	157	2
157	209	1
237	157	3
478	157	3
452	158	1
401	158	1
159	515	1
548	159	1
159	283	2
289	160	2
160	245	1
211	160	1
526	160	2
160	431	3
160	316	2
554	161	3
221	161	1
387	161	3
506	161	2
161	188	3
161	361	2
161	560	2
162	217	2
162	462	3
163	302	3
163	318	1
498	163	1
166	163	3
443	164	2
487	164	1
390	164	2
274	164	3
328	164	3
556	164	3
164	448	1
164	583	3
468	164	3
164	359	2
222	164	1
164	184	3
412	164	2
165	508	2
296	165	2
165	269	1
184	165	3
165	496	3
165	415	1
165	411	1
169	166	1
167	233	2
167	466	1
262	167	2
333	167	2
168	514	1
480	168	1
263	168	3
203	168	1
459	168	1
596	168	3
475	169	1
345	169	1
306	169	3
170	227	3
170	279	2
171	448	1
171	298	3
269	171	3
199	171	1
468	172	1
172	513	1
172	414	2
172	374	3
528	172	3
532	172	2
333	173	2
173	575	3
173	247	3
173	362	1
173	272	1
173	437	1
207	173	3
174	180	2
313	174	1
174	255	1
174	431	2
174	292	3
174	366	3
174	295	1
392	175	2
175	221	3
175	406	1
361	176	3
230	176	1
233	176	2
176	589	2
551	177	1
361	177	2
177	349	1
178	397	3
178	310	1
180	354	3
241	180	2
529	180	3
181	349	2
250	181	3
435	181	1
554	181	2
182	408	2
494	182	1
182	293	1
182	568	3
391	182	3
227	183	3
183	494	1
183	291	2
208	183	3
183	235	1
183	188	3
275	183	1
184	300	2
499	184	3
343	184	3
450	184	1
184	471	2
425	185	3
277	185	2
185	448	3
345	185	1
185	347	1
229	186	1
186	297	1
186	521	2
582	186	3
319	186	2
499	187	1
262	187	2
561	187	1
559	187	2
188	334	3
188	569	2
580	189	1
507	189	2
470	189	3
189	478	1
505	189	1
190	400	2
190	557	3
465	190	1
202	190	3
190	488	1
229	190	1
258	190	2
279	191	1
337	191	1
191	536	2
191	426	3
191	360	1
308	191	1
485	191	1
478	191	3
192	249	2
448	192	3
339	192	2
515	192	2
329	192	1
192	398	3
192	232	3
406	193	1
330	193	2
489	194	3
366	194	1
417	194	1
242	194	2
335	194	2
195	388	2
444	195	3
195	575	1
437	196	2
396	196	2
196	594	2
196	398	1
519	196	1
196	439	3
583	197	2
337	197	2
594	197	1
215	197	3
197	557	2
405	197	3
197	329	1
456	197	3
229	197	2
551	198	1
441	198	2
226	198	1
351	198	1
198	373	2
198	420	1
198	296	3
235	199	3
199	439	1
199	549	1
199	503	2
527	200	3
200	287	1
582	200	1
201	307	3
460	202	2
202	509	1
202	396	3
202	533	3
202	571	1
203	300	2
222	203	3
579	203	2
204	376	1
494	204	3
204	480	2
359	204	2
222	205	1
205	580	1
438	205	3
205	352	1
205	478	2
463	205	3
205	523	3
251	206	2
457	206	2
206	301	2
268	206	2
207	482	1
207	503	1
509	207	3
207	343	1
207	250	3
207	412	1
237	208	1
508	208	2
208	510	1
302	209	2
209	272	1
209	485	1
210	382	2
402	210	1
210	287	1
598	210	1
344	210	3
210	520	2
210	292	2
316	210	1
468	210	1
211	511	1
550	211	1
211	575	3
211	464	2
219	211	3
363	212	1
349	212	3
431	212	2
463	212	3
212	458	1
468	213	1
496	213	1
213	287	3
485	213	1
335	214	3
330	214	3
328	214	1
215	483	1
215	242	3
216	590	3
216	392	1
320	216	3
216	352	2
216	502	2
216	273	3
217	571	1
217	405	1
217	313	1
217	227	1
217	219	3
217	380	3
218	370	2
218	440	1
218	248	3
593	218	3
344	219	3
468	219	1
321	219	3
220	507	2
220	545	2
282	220	2
442	220	1
221	252	2
280	221	3
221	454	2
221	223	1
221	331	3
313	221	1
250	222	3
222	335	1
265	222	1
487	222	3
419	222	3
223	499	2
536	223	2
515	223	3
297	224	1
329	224	3
224	580	1
260	224	3
225	553	3
225	579	2
226	407	3
449	226	1
596	226	2
226	282	3
226	312	3
330	227	1
534	227	1
227	584	2
227	398	2
420	228	3
467	228	1
228	593	1
228	328	3
228	547	3
228	449	2
377	228	3
347	229	1
230	294	1
230	303	1
230	543	3
272	230	3
230	502	1
452	230	3
259	230	3
450	230	3
231	460	1
231	259	3
537	231	2
232	436	1
321	232	1
281	232	2
232	581	1
457	233	2
475	233	1
411	233	1
577	233	2
393	233	3
318	233	3
233	482	3
233	580	1
553	234	1
240	234	2
234	345	3
234	321	2
234	355	3
234	482	3
251	235	1
397	235	2
235	356	1
567	236	1
361	236	1
594	236	2
236	391	1
236	563	3
237	448	1
423	237	3
344	237	1
278	237	3
237	366	2
237	508	3
273	237	2
578	237	1
387	237	1
371	237	1
238	438	1
238	570	2
502	238	3
239	403	3
534	239	3
239	352	1
557	239	1
252	240	2
240	476	1
240	537	1
240	378	3
436	240	3
370	241	2
241	464	3
241	367	1
241	552	1
497	243	3
243	293	3
243	525	2
243	322	2
244	561	2
244	423	1
378	244	2
386	245	3
401	245	3
414	245	3
302	245	3
302	246	2
246	277	2
247	399	1
410	247	2
262	248	3
579	248	3
337	248	3
521	248	3
452	249	3
249	260	2
249	316	3
249	457	3
249	545	1
250	302	1
317	250	3
492	250	1
590	251	3
565	251	1
297	251	1
253	251	3
252	345	2
315	253	2
253	263	3
430	253	1
300	253	2
338	255	1
366	255	2
290	256	3
397	256	3
280	257	1
258	549	3
258	265	1
259	433	3
259	435	1
545	259	2
259	271	1
373	259	1
259	276	1
542	260	3
260	518	2
261	459	1
340	261	1
261	508	1
262	393	3
296	262	2
577	263	1
263	327	2
415	263	3
263	385	1
264	336	2
264	278	3
399	264	3
264	506	2
438	264	3
265	277	1
338	265	3
442	265	1
265	306	2
265	523	3
413	265	2
360	266	2
266	520	2
266	351	3
266	273	3
266	493	2
266	316	3
266	545	1
298	266	3
544	266	2
267	551	1
361	268	2
268	427	2
400	268	1
268	541	3
269	568	3
269	346	1
269	337	3
368	269	1
477	269	3
353	269	3
269	338	1
496	270	1
272	511	3
272	333	1
273	370	3
516	273	2
374	274	2
529	274	1
392	274	2
275	480	3
458	275	1
392	275	3
522	275	1
276	353	1
276	525	1
276	338	3
598	276	2
276	425	1
550	277	3
476	277	1
526	277	1
504	277	3
295	278	1
278	552	1
575	278	3
278	364	3
279	406	3
358	279	3
280	292	1
281	355	3
453	281	2
537	281	3
281	517	2
515	281	2
550	281	3
281	367	1
560	282	1
474	282	1
394	282	2
463	282	2
470	282	1
282	435	1
389	282	1
576	283	2
283	400	2
283	285	2
398	283	3
444	283	2
284	597	1
284	352	1
581	284	3
494	284	2
439	284	3
422	285	2
316	285	1
536	285	1
347	285	1
285	472	2
406	285	3
285	471	2
371	286	2
505	286	1
301	286	3
524	286	3
460	286	2
528	286	2
287	416	3
324	287	3
574	287	1
575	287	1
288	566	2
512	289	3
289	352	3
289	511	1
588	290	3
290	439	3
290	293	2
290	476	2
588	291	1
458	291	2
292	407	1
292	385	3
292	560	3
292	361	1
293	353	3
293	329	2
574	294	3
294	448	3
357	294	3
294	465	2
295	367	1
383	296	3
296	385	2
511	297	2
548	297	2
297	598	3
297	361	3
298	458	2
520	298	1
564	298	2
389	298	1
298	352	2
299	408	1
299	464	1
582	299	1
299	396	2
300	595	1
429	300	3
300	304	1
301	343	2
301	477	2
301	365	2
457	302	2
475	302	3
302	331	3
419	302	3
302	580	3
303	333	2
422	303	2
457	304	2
304	414	3
362	305	1
305	473	3
306	351	1
306	481	3
326	307	1
461	307	3
308	503	2
593	308	2
308	414	1
578	308	3
309	545	2
310	427	2
491	310	3
311	390	3
324	311	3
471	311	1
523	311	3
562	311	3
435	311	2
360	311	2
312	420	1
313	442	1
313	427	2
352	313	1
490	313	3
314	335	3
314	529	2
315	528	3
316	364	3
317	582	2
317	531	3
513	317	1
317	489	3
520	318	3
318	426	3
408	319	3
522	320	2
321	580	2
322	453	3
509	322	2
323	378	2
323	582	1
356	324	1
522	325	2
325	584	2
325	549	1
521	326	2
326	410	2
326	358	1
390	326	2
397	326	3
539	326	1
502	327	1
377	327	3
360	327	3
546	327	1
329	328	2
328	509	3
595	328	3
357	329	1
370	329	2
578	330	1
553	330	3
440	330	2
403	331	1
543	331	3
385	332	1
337	332	3
530	333	3
333	421	1
333	412	3
334	366	3
334	374	3
334	536	2
334	430	2
494	334	2
334	356	1
507	335	3
335	531	1
335	368	1
335	501	2
336	434	1
399	336	3
336	386	2
336	448	3
491	337	3
511	337	2
337	343	3
361	338	3
338	341	2
375	338	1
339	596	3
381	339	1
509	340	2
340	409	3
340	421	2
340	542	3
581	340	1
341	574	1
342	465	1
342	424	3
381	343	3
347	344	3
580	345	1
346	440	2
418	346	1
346	543	2
473	347	1
372	347	3
415	347	1
412	347	3
496	348	1
348	413	3
597	348	2
349	559	1
350	392	2
445	350	2
350	565	3
581	351	1
356	352	3
352	539	3
353	386	3
419	353	2
354	469	2
473	355	2
391	355	3
355	492	3
377	355	1
554	356	2
356	509	1
448	357	2
545	358	3
358	419	1
358	362	2
359	599	1
438	359	3
359	361	2
417	359	2
360	392	1
360	580	2
540	360	3
557	360	3
360	521	2
370	360	2
361	485	3
361	587	2
525	361	1
411	363	2
497	363	1
413	363	3
363	572	3
527	363	3
509	363	1
509	365	1
415	365	1
365	499	3
423	365	2
389	365	3
497	365	1
365	442	1
366	489	1
367	539	1
463	367	1
367	555	2
547	368	2
368	452	1
369	410	3
562	371	2
522	372	3
535	373	3
376	528	3
576	376	3
490	376	3
576	377	3
377	424	3
377	385	2
466	377	2
383	378	2
464	378	1
459	378	1
555	379	3
576	379	2
379	558	2
379	439	2
545	380	1
542	382	2
382	412	3
550	382	1
421	382	3
489	382	1
584	382	2
383	493	1
383	394	3
500	383	2
510	383	3
426	383	1
559	383	2
432	383	3
383	572	2
390	384	2
597	385	2
386	531	3
591	386	1
410	387	3
388	400	2
388	464	1
389	461	1
467	390	1
571	390	3
391	547	3
532	391	2
583	392	2
577	392	3
392	420	1
392	586	1
434	393	2
404	394	3
394	511	1
563	395	1
589	396	2
397	569	2
397	591	1
511	398	1
568	399	1
493	399	1
463	399	2
400	461	1
444	400	2
583	401	2
403	437	3
533	403	1
413	404	1
404	477	2
456	405	2
518	405	3
575	406	1
537	408	3
485	408	1
408	468	1
516	409	1
470	409	3
478	409	3
503	410	1
411	578	1
452	412	1
413	458	2
415	555	2
415	567	1
577	415	2
416	472	1
416	448	3
592	416	1
417	513	1
563	417	1
418	455	3
566	418	3
418	485	3
418	423	3
419	550	2
419	514	2
543	420	1
437	420	3
421	447	3
421	558	3
423	461	3
554	423	3
569	424	2
424	469	2
424	446	1
531	424	1
456	424	2
508	424	2
425	539	1
520	425	3
425	515	2
425	570	3
458	425	1
426	436	1
426	485	1
521	426	3
487	427	2
570	429	3
597	429	3
484	430	1
430	442	2
559	430	1
518	431	1
470	431	2
589	431	3
577	431	2
432	451	3
432	499	3
433	585	3
437	500	1
551	439	3
439	516	3
502	439	1
566	439	2
439	597	1
502	440	1
479	442	2
442	461	1
442	489	3
442	462	1
443	485	2
444	512	3
559	444	2
444	541	2
444	564	2
495	446	1
447	483	3
450	506	2
450	488	3
452	582	3
527	453	1
453	560	1
454	594	1
455	538	2
456	462	3
514	456	1
458	497	2
502	459	2
529	459	3
546	459	2
491	463	2
465	464	2
582	466	1
467	577	2
467	507	3
568	468	3
504	468	2
471	473	3
547	471	3
553	473	1
534	474	1
474	547	2
575	475	1
507	476	3
481	478	3
561	479	2
567	480	1
481	594	3
483	598	3
483	522	1
484	503	2
507	485	1
485	514	1
486	599	1
486	560	1
486	574	1
487	540	3
488	560	1
539	490	1
491	503	2
491	543	3
493	564	2
493	556	1
577	494	2
495	569	3
495	540	3
580	497	1
497	511	2
497	541	1
504	498	3
525	498	3
537	498	2
499	580	3
502	569	2
540	503	3
554	504	3
504	533	1
514	504	3
505	598	2
522	509	2
523	510	2
511	595	2
512	586	1
512	561	3
516	515	2
517	535	3
519	555	2
520	524	1
522	599	2
565	523	1
523	542	2
526	538	3
569	529	3
534	587	2
534	586	2
536	542	2
539	558	1
559	539	2
589	540	1
587	541	2
572	543	1
556	546	3
562	555	1
590	556	1
563	576	1
597	563	3
575	567	3
574	581	1
574	579	3
576	584	2
