0	391	2
0	32	3
516	0	2
0	413	3
1	378	3
1	247	2
1	560	1
1	11	2
55	2	1
2	361	1
394	2	1
2	135	2
2	449	1
2	302	3
271	2	3
264	3	3
312	3	2
230	4	1
6	4	1
298	4	3
214	4	3
239	4	1
4	443	3
5	595	3
475	5	1
160	5	3
5	368	1
5	426	2
253	5	1
141	5	3
6	342	3
267	6	3
365	6	3
6	482	2
162	6	3
241	6	3
7	121	2
513	7	3
7	14	1
225	7	3
7	540	2
7	537	3
274	7	3
8	576	1
501	8	3
214	8	1
68	8	1
8	26	1
234	8	3
9	403	1
139	9	3
9	48	3
10	122	1
10	256	1
121	10	2
479	10	1
11	393	2
11	291	3
591	11	2
593	11	1
253	11	3
11	23	2
395	11	1
325	11	2
11	149	3
11	259	1
11	490	1
12	374	1
12	556	1
501	13	2
13	462	2
13	599	2
13	283	1
14	381	3
247	14	3
14	586	2
494	14	1
466	15	1
107	15	2
15	166	2
15	132	3
481	16	1
197	16	1
203	16	3
16	398	1
429	16	3
553	17	3
241	17	3
17	240	1
89	17	2
17	153	2
17	75	3
117	17	2
62	18	1
18	294	3
575	19	1
20	588	2
182	20	1
21	170	2
21	29	3
21	530	2
23	22	2
516	22	2
48	22	1
22	185	3
137	22	3
22	249	2
401	23	1
23	188	1
356	23	3
23	564	2
23	462	1
495	24	1
24	399	2
166	24	1
24	175	3
167	25	3
516	25	3
25	429	3
270	25	3
109	25	2
73	25	2
25	454	1
26	316	2
132	26	2
26	220	1
26	121	1
27	378	3
578	27	3
558	27	2
27	282	2
27	121	2
67	27	2
245	27	3
328	27	3
99	28	2
283	28	2
28	35	1
29	418	2
352	29	3
29	490	3
86	29	2
29	143	2
29	508	1
30	453	3
574	30	1
30	151	1
30	321	3
30	82	1
30	274	2
31	262	1
598	31	1
31	305	3
302	31	3
31	147	3
551	31	2
151	31	3
31	60	3
31	519	1
254	31	1
61	31	3
287	32	2
32	484	1
439	32	2
104	32	2
465	32	1
32	356	3
143	32	3
33	164	1
277	33	3
80	33	3
221	33	2
33	70	3
393	33	3
33	349	1
528	33	1
34	536	2
369	35	3
35	196	3
35	376	2
35	494	2
35	508	1
571	35	1
207	36	2
36	203	3
36	524	2
36	586	2
279	36	2
583	36	1
396	36	1
36	593	1
36	113	2
36	580	3
37	432	1
37	544	1
37	224	3
484	37	3
367	37	3
457	38	2
38	149	3
38	411	1
40	241	2
100	40	2
40	193	1
317	40	1
40	465	2
40	208	1
41	243	3
141	41	2
41	552	3
507	41	3
597	41	2
41	312	3
426	42	1
487	42	2
42	134	3
43	164	3
43	215	3
381	43	3
566	43	2
43	315	3
220	43	3
274	44	2
44	548	1
44	597	2
44	466	3
52	44	2
44	433	1
44	416	3
565	44	2
44	107	3
330	44	1
45	557	1
45	580	2
45	534	1
45	71	2
45	147	1
544	45	1
45	522	3
401	46	3
46	394	1
46	421	1
116	46	3
138	46	1
137	46	2
262	46	2
47	320	3
47	161	1
48	369	1
48	175	2
534	48	1
483	48	1
429	48	1
186	48	3
54	48	1
160	48	2
436	48	2
49	214	3
49	479	3
49	197	2
117	49	1
50	495	1
435	50	1
574	50	3
102	50	2
388	51	2
51	320	3
264	52	2
315	52	2
52	298	3
52	232	2
263	52	1
220	53	1
53	523	1
53	522	3
53	506	1
349	53	1
573	53	3
53	445	3
54	298	3
370	54	1
486	54	3
181	54	3
54	426	3
164	54	1
54	87	1
328	54	1
253	54	2
518	54	2
54	342	1
55	385	1
157	55	3
539	55	2
56	55	1
55	443	1
304	55	3
475	56	3
56	317	1
111	56	1
384	57	3
313	57	3
57	448	2
578	57	1
219	58	1
58	450	3
58	309	1
321	58	1
58	538	3
575	58	1
296	58	1
59	255	3
304	59	2
352	59	2
59	226	2
59	95	3
436	59	1
83	59	3
59	268	2
257	60	3
60	545	2
308	60	1
60	246	1
312	61	3
61	285	2
61	467	2
278	61	2
62	292	2
519	62	1
107	62	1
471	62	2
500	62	2
286	62	3
223	62	3
590	63	2
263	63	3
63	154	1
63	287	1
63	101	1
564	63	3
63	532	3
63	289	1
506	64	3
484	64	3
64	260	1
64	451	1
64	505	3
554	65	3
65	429	2
423	66	1
273	66	1
66	591	2
431	66	2
280	66	2
66	311	3
67	371	2
305	67	1
67	83	3
67	249	2
67	578	2
575	67	2
251	67	1
67	538	1
554	68	1
68	291	1
213	68	2
182	68	3
68	367	1
68	509	3
536	68	2
68	516	1
69	597	1
69	102	3
265	69	3
69	203	3
69	88	2
69	480	2
544	69	2
225	69	3
590	70	1
70	314	2
207	70	2
70	177	2
70	494	2
339	70	3
70	447	3
70	155	2
571	71	1
107	71	3
71	269	2
72	421	1
72	162	1
73	508	3
73	150	1
73	82	2
73	177	1
74	308	3
74	540	2
74	188	1
74	135	3
74	259	1
217	74	3
145	75	3
75	349	2
92	76	3
377	76	2
76	267	3
591	76	2
76	478	1
76	495	2
321	76	3
277	76	3
76	289	1
166	76	1
77	153	2
189	77	2
405	77	2
77	245	2
366	78	2
439	78	1
78	518	1
299	78	2
78	110	3
531	78	1
182	78	1
78	93	3
252	79	3
79	342	2
499	79	1
373	79	1
394	80	1
541	80	2
80	470	3
80	338	2
80	590	3
81	214	2
81	558	1
479	81	1
81	385	3
81	525	3
81	113	3
522	82	2
82	300	2
82	203	2
301	82	1
82	314	1
309	82	2
82	486	1
448	83	2
83	173	3
83	440	3
83	273	2
83	266	3
110	83	1
83	471	1
83	356	1
429	83	1
84	308	3
84	491	2
84	473	1
460	84	1
84	304	3
574	85	3
85	537	2
105	85	1
316	85	1
85	209	3
422	85	1
86	532	3
86	298	1
577	86	3
579	86	3
86	186	1
554	87	3
87	313	2
104	87	1
290	87	2
245	87	3
87	218	3
87	128	3
88	181	1
88	214	3
88	217	2
318	88	1
88	585	1
89	360	1
89	109	1
89	120	2
89	485	3
89	591	3
573	89	2
352	89	1
452	90	2
495	90	3
443	91	3
91	350	3
91	306	3
91	92	3
91	564	2
395	91	1
91	292	1
91	117	1
92	419	3
586	92	2
92	93	2
305	92	1
93	119	2
93	443	2
93	574	2
93	464	1
524	94	3
94	179	2
94	237	1
94	328	3
94	377	1
402	95	2
229	95	1
598	95	2
95	184	1
151	95	2
330	95	1
95	335	1
391	95	3
354	95	2
96	247	3
581	96	1
97	314	3
97	258	2
97	549	3
97	386	2
209	97	1
97	398	2
122	97	1
568	97	3
521	97	3
480	97	2
471	98	3
180	98	1
269	98	2
334	98	2
99	440	1
99	438	3
100	287	2
100	273	2
100	310	3
101	574	3
101	473	1
343	101	3
101	474	2
101	364	2
101	407	3
102	433	1
195	102	3
587	102	1
281	102	2
413	102	2
443	102	1
102	597	3
102	469	1
389	102	3
300	103	1
596	103	1
103	180	3
103	386	2
120	103	1
103	213	3
560	103	3
568	103	3
265	104	3
104	249	1
104	320	3
477	104	3
104	504	1
309	105	3
132	105	2
196	105	2
105	240	1
106	535	2
106	591	2
106	499	2
176	106	3
533	106	1
106	319	2
106	407	2
106	188	2
440	106	3
107	119	3
383	107	2
107	371	3
498	107	3
107	178	3
107	151	1
486	107	1
541	108	1
108	192	1
108	305	1
510	108	1
203	108	3
108	462	3
586	109	1
109	446	2
109	163	1
341	110	1
590	110	2
110	326	2
172	110	1
519	111	1
111	132	2
215	111	1
333	111	2
111	204	2
212	112	1
342	112	3
112	560	3
418	113	3
113	389	2
452	113	1
113	291	2
148	113	1
399	114	2
114	325	1
114	290	1
137	115	3
115	403	1
115	222	3
115	587	2
558	115	1
116	589	3
116	562	2
116	436	1
162	116	2
117	444	1
355	117	3
577	117	1
117	409	1
471	117	1
117	199	3
117	576	2
118	404	1
526	118	2
119	248	1
119	533	1
119	192	1
284	119	1
264	119	1
119	204	3
120	357	1
120	301	2
120	269	1
120	271	2
120	193	3
419	120	1
120	248	2
539	120	3
391	120	1
120	307	3
121	448	1
386	121	2
121	264	2
154	121	3
220	121	1
397	121	2
575	121	3
122	296	2
310	123	3
123	387	3
256	123	1
123	245	1
578	124	1
477	124	1
372	124	2
158	124	2
199	124	2
124	343	3
124	136	1
125	409	1
125	569	2
125	529	2
235	125	1
126	143	3
126	476	1
503	126	3
572	126	1
126	158	3
434	126	1
126	596	1
126	353	3
126	579	3
476	127	3
127	180	2
127	311	3
127	158	1
128	521	3
212	128	1
393	128	2
128	457	1
128	285	3
128	184	3
245	129	1
138	129	1
201	129	1
129	556	2
129	417	1
136	130	3
130	182	1
130	328	3
259	130	1
215	130	3
194	130	3
130	590	2
516	131	2
154	131	3
131	463	1
499	131	1
472	131	3
131	248	1
430	131	3
489	132	1
380	132	3
317	132	2
392	132	3
153	133	1
197	133	1
547	133	2
133	425	1
380	134	3
541	134	2
134	448	2
560	135	2
135	377	1
135	268	3
135	254	1
136	439	3
351	136	1
538	136	2
228	136	2
136	173	3
335	136	3
353	137	1
137	171	2
137	533	1
137	357	1
346	138	1
548	138	1
281	138	1
342	139	2
139	178	3
140	364	3
573	140	3
302	140	3
141	215	1
555	141	2
141	277	1
141	470	1
141	543	2
328	141	1
141	525	3
194	142	3
142	241	1
142	502	1
366	142	3
562	142	2
330	143	2
143	299	2
552	143	3
343	143	1
573	143	2
545	143	1
316	144	1
244	144	2
373	144	3
159	144	2
307	144	1
144	445	2
358	144	1
145	192	2
145	347	3
145	190	3
369	145	2
145	150	1
373	145	2
146	289	1
496	146	3
594	146	3
195	147	1
147	474	2
147	555	1
224	147	1
312	147	3
260	147	3
170	147	3
147	585	2
148	508	3
587	148	3
525	148	1
149	228	2
587	149	2
425	149	3
410	149	2
149	250	3
494	150	2
211	150	2
560	150	3
196	150	3
303	150	2
150	346	1
151	503	2
235	151	3
373	151	3
151	322	2
541	151	2
151	251	2
151	158	3
151	187	2
152	235	3
459	152	2
424	152	3
167	152	1
152	337	3
157	152	2
195	152	2
288	153	1
153	351	1
153	168	2
360	153	3
595	153	3
222	154	2
154	531	1
154	521	3
154	392	1
155	533	2
155	179	3
155	424	1
155	521	1
155	594	2
176	155	3
156	289	3
450	156	2
552	156	2
473	156	1
156	172	3
180	156	2
227	157	3
462	158	1
395	158	3
158	267	1
158	537	1
240	158	2
357	158	3
430	158	3
159	538	3
159	354	3
159	495	3
239	159	3
159	311	1
160	284	3
256	160	3
520	160	3
467	161	3
161	288	2
185	161	2
442	161	1
162	377	3
162	179	3
162	252	3
409	163	2
163	517	2
163	584	1
163	204	1
163	382	2
224	163	2
164	512	3
397	164	3
200	164	2
164	478	3
164	447	1
431	165	3
165	231	2
165	348	1
324	166	1
166	257	3
567	166	3
166	471	2
166	393	2
499	167	3
574	168	2
389	168	1
169	267	3
169	248	1
240	169	1
170	594	1
227	170	2
456	170	2
430	170	1
490	170	1
483	170	2
171	177	3
503	171	1
478	171	1
171	502	1
464	171	3
575	171	1
172	195	2
570	172	1
172	306	3
487	172	2
224	172	3
172	494	2
173	361	3
173	335	3
388	173	1
390	174	2
201	174	1
174	261	3
174	296	1
174	511	3
563	175	1
178	175	2
272	175	3
176	594	1
568	176	2
289	176	2
490	177	2
192	177	3
226	177	3
177	241	2
384	178	3
379	178	2
369	178	1
178	214	2
309	178	1
178	420	3
335	179	2
501	179	3
529	180	3
180	538	2
388	180	2
180	192	3
399	181	2
182	397	1
182	236	2
361	182	3
183	491	2
183	496	3
377	185	3
431	185	2
395	185	3
375	186	1
186	258	2
508	186	3
186	573	2
202	186	1
187	458	3
349	187	3
187	313	2
187	525	1
187	288	3
187	252	3
567	188	2
546	188	1
188	195	3
464	188	3
312	189	2
436	189	3
189	423	3
189	268	3
230	189	2
190	242	3
399	190	2
190	342	2
190	217	3
190	335	3
190	416	2
191	227	3
191	344	2
192	342	3
403	192	3
192	266	3
575	193	3
428	193	2
439	194	2
194	467	3
195	242	2
586	195	1
419	195	1
195	288	1
326	195	3
316	196	3
196	480	1
496	196	3
196	482	1
266	196	2
196	554	3
215	197	2
488	197	3
280	197	3
426	198	1
198	543	2
199	315	2
199	432	3
199	262	2
420	199	3
200	353	2
587	200	1
518	200	3
228	200	1
200	545	3
475	200	2
282	201	2
275	201	1
201	380	2
201	456	3
584	202	3
202	551	2
202	399	3
202	295	1
203	223	3
203	533	1
203	336	3
440	203	1
203	333	3
535	204	1
580	204	2
279	204	1
584	204	1
204	407	3
292	204	3
205	204	2
431	204	3
497	205	1
205	365	2
372	206	2
530	206	3
286	206	3
538	206	3
216	206	3
252	206	1
409	206	1
234	207	1
207	293	1
207	412	1
208	491	2
208	286	3
208	366	2
213	208	2
208	415	3
208	494	2
272	209	3
216	209	2
209	319	3
209	567	1
395	209	2
394	210	3
363	210	3
447	210	2
210	563	1
254	211	1
459	211	1
292	211	1
211	578	1
211	378	3
212	593	2
212	554	2
212	454	3
212	219	3
213	572	1
343	213	1
214	315	2
224	214	1
214	342	1
568	214	2
569	214	3
563	215	2
460	215	3
233	216	2
279	216	3
216	458	2
216	562	3
401	217	3
281	217	1
218	307	2
218	318	3
557	219	3
219	307	1
219	445	2
239	219	2
219	357	3
575	219	2
219	293	2
380	220	2
232	220	2
492	220	3
220	529	2
461	220	1
221	547	2
408	221	1
590	221	2
221	283	3
234	222	1
222	585	3
327	223	1
223	559	3
404	223	2
314	223	2
224	531	3
339	225	1
225	277	1
443	225	2
225	404	1
225	504	2
513	225	1
387	226	3
421	226	1
355	227	2
407	227	3
493	227	1
415	228	3
228	531	1
463	229	2
252	230	2
230	367	1
268	231	3
379	232	1
578	232	2
516	232	3
233	563	2
488	233	2
235	322	3
235	529	1
477	235	1
513	236	2
290	236	2
236	487	3
236	298	2
236	419	2
430	236	3
509	237	3
566	237	1
238	288	3
238	459	1
239	349	2
530	239	1
239	561	3
239	305	2
239	534	2
419	240	2
240	357	3
240	481	1
262	240	3
240	328	2
240	463	2
241	285	2
338	241	3
354	241	1
241	421	2
242	280	3
242	258	2
342	242	1
484	242	1
470	242	2
300	244	2
244	502	1
417	244	1
245	572	1
245	526	1
246	470	2
248	246	2
246	451	3
246	442	3
538	247	3
473	247	2
378	247	2
247	252	1
392	247	3
269	247	1
247	321	1
248	548	2
248	407	1
593	248	1
264	249	2
249	584	2
342	249	1
334	250	3
563	250	1
488	250	3
250	353	3
250	434	1
390	250	1
251	445	1
413	252	2
515	252	2
252	431	1
252	456	2
252	433	2
252	574	1
254	307	2
431	254	3
254	573	1
430	254	2
255	512	2
335	255	3
255	598	3
255	392	2
255	464	3
514	255	3
286	255	1
318	256	3
321	256	3
494	256	1
257	307	2
272	257	2
296	257	1
420	257	2
577	257	2
507	257	3
439	257	3
302	258	2
572	258	3
319	259	3
260	270	2
326	260	3
261	483	2
508	262	2
557	263	1
263	397	1
303	263	3
264	333	2
436	264	3
419	265	1
557	265	1
265	363	2
333	265	1
472	266	1
266	298	1
411	266	3
266	302	1
266	499	3
510	266	1
267	372	2
365	267	3
267	596	2
509	267	2
587	268	2
525	268	2
514	268	3
269	436	2
269	435	3
269	566	2
439	269	1
270	380	1
270	525	3
540	271	3
404	271	1
271	579	3
272	293	2
272	275	1
272	572	1
272	326	1
273	529	1
273	471	1
530	273	2
273	598	2
274	384	2
274	545	3
535	274	3
276	337	3
326	276	1
277	548	1
292	277	1
277	439	2
593	278	3
368	278	2
340	278	1
278	561	2
321	278	3
278	563	1
534	278	3
278	424	3
523	279	2
317	279	1
307	279	3
279	413	3
280	369	2
307	280	2
343	280	3
580	280	2
593	281	1
344	282	3
447	282	1
437	282	1
294	282	2
566	282	1
282	299	2
283	458	1
455	283	1
485	283	2
411	284	2
285	574	3
493	285	3
448	286	1
286	491	1
307	286	3
512	286	1
287	286	2
287	317	1
491	287	2
412	287	2
341	287	2
287	373	1
287	413	3
287	595	1
288	548	1
288	569	2
288	510	1
468	289	3
289	355	3
302	289	3
508	290	3
396	291	1
292	294	2
407	292	2
292	418	1
293	464	1
293	567	3
388	293	2
581	295	3
527	295	3
544	296	2
311	297	1
539	297	1
342	297	3
534	298	1
298	590	3
531	299	3
299	431	2
299	499	3
390	300	2
494	300	2
300	428	2
300	562	3
301	459	2
451	301	2
301	386	2
505	301	2
508	302	1
515	302	3
594	302	1
597	302	2
303	551	3
303	329	1
335	303	3
430	303	1
548	304	1
304	469	2
304	323	2
305	503	2
305	311	2
305	572	2
324	305	3
387	305	1
423	306	2
537	306	2
306	334	2
496	307	3
465	307	1
511	307	2
307	584	1
307	555	1
487	308	3
308	485	3
590	309	1
554	310	2
310	315	2
569	311	3
463	311	3
311	336	3
422	311	1
311	494	1
556	312	3
312	424	1
520	312	3
322	312	1
531	313	1
504	313	3
313	515	3
526	314	2
315	582	3
315	423	2
362	316	2
322	316	2
395	316	3
317	546	3
317	528	1
320	317	1
528	318	3
329	319	3
319	383	2
319	400	1
374	319	2
466	320	2
508	320	3
344	320	2
320	507	1
365	321	2
354	321	3
378	321	2
321	405	1
322	368	3
322	444	3
487	322	2
347	322	2
381	323	1
323	571	2
452	323	3
492	323	2
323	434	3
323	484	1
537	324	2
472	324	1
325	416	2
325	351	2
325	584	3
325	388	1
434	325	3
495	325	3
404	325	2
343	328	3
497	328	1
555	328	3
559	328	2
328	581	1
328	544	2
329	373	3
574	329	3
329	413	1
583	330	2
330	487	2
382	330	1
400	330	3
331	365	1
474	332	1
333	559	1
333	373	2
405	334	2
479	335	3
335	426	3
336	547	1
336	590	1
336	455	1
337	411	1
507	337	2
337	394	1
497	337	3
338	354	3
528	338	3
473	338	1
338	383	2
339	351	2
597	339	1
442	339	2
340	510	1
340	437	3
341	378	3
341	361	3
342	413	1
457	342	1
342	422	2
343	562	2
343	551	1
343	485	1
485	344	2
344	506	3
344	529	2
344	546	2
345	563	1
491	345	3
345	524	1
345	445	3
501	345	1
346	522	1
526	346	3
486	347	1
494	348	1
348	413	1
349	516	2
539	349	2
552	350	2
388	351	2
477	353	2
354	497	1
354	486	3
595	354	1
356	415	3
375	356	3
362	356	2
357	580	3
357	492	3
477	358	1
358	364	1
358	372	1
359	368	3
360	431	1
499	361	3
578	361	2
362	562	2
364	396	3
584	364	3
587	365	1
365	569	3
383	365	3
365	435	3
367	488	2
367	580	3
367	392	3
550	368	2
373	368	2
473	368	1
589	368	3
594	368	2
368	400	1
596	368	2
369	380	2
379	369	2
564	371	3
401	371	3
371	528	3
372	423	1
504	372	1
373	449	1
373	472	1
374	501	2
486	374	1
591	375	1
375	553	2
507	376	2
484	376	1
376	594	3
377	407	3
382	377	1
493	377	3
453	379	1
379	517	1
507	381	3
382	419	2
408	382	1
591	383	3
383	426	2
383	570	3
383	559	3
429	384	3
384	407	3
406	386	3
386	445	3
416	387	3
457	387	3
388	480	2
388	396	1
554	388	3
582	388	2
573	388	1
389	551	2
525	389	2
400	390	1
465	391	2
511	391	1
594	391	1
391	590	3
392	598	3
527	393	3
394	453	2
395	577	1
469	395	3
519	395	3
485	395	2
555	397	3
397	532	2
397	487	2
466	397	3
398	555	2
534	398	1
398	468	3
398	440	3
404	398	2
398	405	1
475	398	2
544	399	2
565	399	3
400	570	1
400	441	3
457	401	3
594	401	1
450	402	2
478	403	2
438	403	3
425	404	1
405	588	3
406	423	2
522	406	3
407	563	2
462	407	2
501	408	1
447	408	3
545	409	3
589	409	3
472	409	2
457	410	1
469	410	1
519	410	1
561	410	2
410	418	2
586	411	3
412	435	1
412	548	3
496	412	1
418	413	2
484	413	1
414	488	3
553	414	1
415	547	2
515	415	2
415	539	3
415	447	2
580	416	3
566	416	2
417	488	3
417	453	2
513	417	3
500	418	2
519	418	1
419	567	3
425	420	2
587	422	2
422	464	1
422	530	1
422	523	3
449	423	1
423	506	1
487	423	3
426	597	2
464	426	1
427	540	2
551	427	2
428	448	1
429	527	2
429	519	1
509	430	1
431	544	1
432	588	3
432	455	2
434	456	3
513	434	2
551	434	1
435	598	1
436	590	1
436	517	3
559	437	2
513	437	2
437	509	1
437	452	3
438	541	1
439	532	1
499	439	3
441	563	1
441	552	1
441	458	1
575	441	2
441	559	3
442	459	1
456	442	1
598	443	2
443	555	3
444	530	2
515	444	2
506	445	2
567	445	1
446	518	2
446	569	1
447	490	3
473	447	3
560	447	1
574	448	3
448	486	3
448	478	1
449	551	3
450	513	3
568	450	2
585	450	1
452	524	3
452	553	1
465	452	1
482	452	2
453	454	2
454	538	1
515	454	2
454	562	3
454	574	1
455	487	2
536	455	2
537	455	3
549	460	2
493	461	3
523	461	1
554	461	1
461	578	1
502	463	1
577	463	2
479	463	1
512	464	2
464	574	2
465	518	3
548	466	3
466	513	2
586	469	3
494	470	1
594	470	2
572	471	2
472	491	3
488	472	2
527	473	2
474	563	3
581	475	1
476	594	1
479	529	2
557	480	2
542	480	2
492	481	2
527	481	1
484	593	2
485	490	1
485	594	2
486	527	3
556	486	1
487	537	2
534	488	1
488	569	2
490	527	3
491	495	2
492	547	2
493	525	2
567	493	3
508	494	2
495	599	2
553	496	3
496	497	3
498	517	1
499	591	3
499	563	3
501	531	1
566	503	1
556	504	3
507	561	1
520	508	1
509	523	3
510	582	1
510	592	2
572	512	1
514	524	1
545	515	3
515	582	3
543	518	2
521	523	1
523	586	2
597	523	2
524	549	3
524	570	2
551	527	2
528	591	1
580	529	2
597	530	3
559	532	2
538	532	3
534	589	2
549	536	3
537	552	3
551	537	1
538	570	3
582	539	3
542	589	1
544	575	3
545	591	1
565	549	1
593	549	3
549	557	1
550	555	2
551	583	3
552	599	1
580	553	1
553	579	2
564	556	1
557	564	1
559	584	1
585	560	1
562	589	3
595	564	3
581	565	3
593	566	1
595	568	1
588	572	1
578	593	1
591	581	1
598	589	2
