519	0	1
0	396	1
169	0	3
535	0	1
557	0	3
89	0	2
0	362	3
551	0	3
363	0	2
562	1	1
190	1	3
135	1	2
1	393	1
1	5	3
420	2	2
2	225	1
2	491	3
197	2	1
2	26	3
124	2	2
313	2	1
147	2	3
544	2	2
3	178	1
3	458	1
3	245	2
207	3	1
3	411	3
3	312	2
284	3	1
4	480	2
4	200	1
87	4	1
4	558	2
532	4	2
4	575	3
4	543	2
5	316	3
197	5	2
5	218	2
214	5	1
5	485	3
5	390	2
5	347	3
5	96	1
460	5	2
6	525	3
549	6	1
6	10	3
6	419	1
530	6	2
6	499	2
6	508	2
11	6	2
62	6	1
185	7	2
7	377	3
7	371	1
7	527	3
289	7	2
244	7	2
8	226	3
526	8	1
216	8	1
382	8	2
8	116	2
8	509	2
443	8	1
285	9	2
33	9	3
9	522	1
588	9	3
10	287	3
10	270	3
10	522	1
586	10	1
393	10	2
10	495	1
345	10	3
269	10	2
508	10	2
572	11	2
11	470	2
210	11	2
11	183	2
12	378	2
12	14	3
149	12	2
583	13	3
13	159	1
479	13	2
13	496	1
13	135	1
13	145	3
353	13	3
354	13	3
14	198	2
411	14	2
14	591	1
14	75	1
15	230	3
15	167	3
15	43	3
15	398	2
251	16	3
16	213	2
265	16	1
16	508	3
184	17	3
17	562	1
17	201	3
260	18	2
18	60	2
217	18	3
18	329	3
233	18	2
18	323	1
284	18	2
21	19	1
19	344	2
561	19	2
19	55	2
19	353	1
379	19	3
521	20	1
406	20	1
533	20	1
20	256	1
115	20	1
20	62	3
204	20	3
169	20	1
419	20	3
346	21	3
21	489	1
21	400	3
21	452	3
21	278	3
288	22	2
22	234	3
22	231	3
551	22	2
23	223	3
23	26	3
23	197	2
23	113	1
538	24	3
300	24	2
139	24	1
402	24	2
24	211	1
368	25	1
25	417	3
25	196	3
188	26	1
26	365	1
26	329	1
166	26	2
234	26	2
26	528	1
55	26	2
401	26	1
177	27	1
81	27	3
344	27	2
28	320	1
28	189	2
271	28	2
367	28	3
28	304	3
409	28	3
29	342	2
29	138	2
520	29	1
253	29	1
215	29	2
71	29	1
30	560	1
30	368	1
30	523	2
465	30	1
31	299	2
31	300	3
497	31	3
31	53	1
584	31	3
42	31	1
31	290	1
81	31	3
31	37	2
31	326	3
47	32	3
32	597	3
32	400	1
551	32	2
272	32	3
435	32	1
32	140	2
545	33	2
33	449	2
118	33	2
325	33	2
556	33	2
202	33	3
33	270	2
33	168	1
34	323	1
34	407	1
437	34	1
135	35	3
467	35	1
432	35	2
35	127	1
570	35	2
39	35	3
443	35	2
387	35	1
38	36	3
81	36	1
530	36	1
37	378	2
459	37	1
37	555	2
37	501	3
569	37	2
38	476	2
175	38	3
38	305	3
38	326	3
38	198	3
200	38	3
39	343	3
290	39	3
486	39	1
563	39	2
39	138	2
40	226	1
40	101	2
128	40	3
40	588	1
208	40	1
118	40	2
385	41	2
41	155	1
41	390	1
41	121	3
43	41	3
493	41	2
131	41	1
41	112	1
130	41	1
41	186	3
42	571	3
555	42	2
42	79	2
494	42	2
526	42	3
42	543	2
43	545	1
455	43	3
43	293	3
43	76	1
595	44	3
328	44	3
112	44	2
44	533	2
79	44	3
44	154	1
481	44	1
495	44	2
238	45	2
45	107	2
427	45	2
320	46	3
46	527	2
313	46	3
47	395	2
536	47	3
479	47	3
344	47	2
47	72	3
47	374	2
47	178	1
48	253	3
48	598	2
398	48	3
295	48	1
48	159	3
342	49	3
49	312	2
79	49	1
49	272	3
587	50	1
50	289	1
499	50	2
50	130	2
370	50	2
50	549	2
50	375	1
235	50	2
50	573	2
138	50	1
581	51	1
51	315	3
51	357	1
51	62	1
51	166	1
51	146	3
52	471	1
547	52	2
184	52	3
52	288	3
52	116	2
53	418	3
53	362	1
53	522	3
54	402	3
314	54	3
262	54	1
84	54	1
338	54	1
212	54	3
54	585	1
589	54	1
54	202	2
171	54	3
54	325	1
55	62	2
55	490	2
55	500	1
55	146	2
55	348	1
56	302	1
325	56	2
57	72	1
57	347	3
57	168	1
201	58	1
130	58	1
550	58	2
407	58	2
60	291	2
512	60	1
60	453	3
483	60	3
60	121	1
60	569	3
321	60	1
546	60	3
497	60	2
367	61	1
61	588	2
534	61	1
492	61	2
61	595	1
61	425	2
61	190	1
357	62	3
62	146	3
73	62	1
62	411	2
63	377	3
63	335	1
63	71	2
63	376	3
319	63	3
64	595	1
490	64	3
232	64	2
401	64	2
383	65	3
65	217	2
484	65	3
65	347	3
66	379	3
66	456	1
66	461	2
66	71	3
244	66	3
410	66	1
66	127	3
189	67	2
67	441	2
269	67	2
190	67	3
68	568	2
518	68	3
237	68	1
68	74	1
105	68	3
69	533	2
131	69	2
69	587	2
69	431	2
69	313	2
435	69	2
70	126	1
464	70	1
70	305	2
70	426	3
70	307	1
71	137	2
285	71	3
478	72	3
72	275	1
72	323	2
72	101	1
72	119	1
73	523	3
390	73	1
215	73	2
407	73	3
73	333	2
73	173	3
73	113	3
429	73	2
521	73	3
74	350	3
74	221	3
74	250	2
74	570	1
74	455	1
179	75	3
75	469	3
343	75	1
75	214	1
180	75	1
451	76	3
76	545	2
76	149	1
76	344	2
76	279	2
406	77	1
457	77	2
498	77	3
77	565	3
382	77	1
77	490	1
78	317	3
288	78	2
85	78	2
78	419	2
78	587	1
78	422	1
79	484	3
262	79	1
79	111	3
79	338	2
285	79	1
79	209	1
175	79	3
80	569	1
350	80	1
559	80	2
425	80	2
449	80	1
81	141	2
250	81	2
389	81	3
81	586	3
81	498	3
81	94	3
125	81	3
82	352	3
155	82	1
217	82	3
82	338	3
240	82	2
298	83	3
83	130	3
83	595	3
83	151	2
83	302	1
278	83	1
83	588	1
84	570	1
548	84	3
84	199	1
84	256	1
496	84	3
84	436	3
85	376	3
85	447	3
418	85	2
85	523	2
456	85	1
217	85	3
86	439	2
264	86	1
236	86	2
86	369	1
217	87	2
87	349	2
87	210	1
365	87	2
266	87	3
487	87	3
276	88	2
165	88	2
88	271	1
88	355	1
360	88	1
89	518	1
145	89	1
89	202	3
89	341	1
141	89	1
89	263	1
90	112	3
467	90	2
90	111	1
527	90	1
90	539	3
90	381	2
90	138	3
91	321	1
594	91	2
91	182	3
386	91	3
269	91	3
379	92	1
322	92	3
456	92	1
107	92	2
490	92	3
92	438	1
378	93	3
537	93	1
93	430	1
93	415	1
94	405	1
94	106	2
94	494	3
529	95	1
527	95	2
441	96	1
96	527	1
96	568	2
96	107	1
373	96	2
447	96	2
141	96	1
96	272	2
97	125	3
271	98	2
335	98	1
560	98	2
98	259	1
98	536	3
156	98	3
98	577	3
467	99	2
433	99	1
529	99	2
167	99	3
246	99	1
198	99	1
430	100	1
100	588	2
317	100	2
100	394	2
100	338	2
101	309	1
101	532	3
570	101	3
101	347	1
429	101	1
101	115	1
102	296	3
102	165	2
153	102	2
103	420	1
259	103	2
544	104	1
104	447	2
596	104	2
374	104	3
128	104	1
342	104	3
444	104	1
377	104	2
105	291	3
510	105	2
105	454	3
567	105	2
106	185	1
345	106	1
438	106	2
106	456	3
106	575	1
311	106	3
216	106	2
106	261	3
106	180	1
106	598	1
198	107	3
107	228	2
107	355	3
223	108	1
374	108	3
108	450	1
247	108	2
109	139	3
109	150	1
128	109	3
490	109	1
109	366	1
468	109	1
109	556	1
110	139	2
110	226	1
110	439	3
406	110	3
110	156	3
110	597	3
110	342	2
363	111	3
111	276	3
111	393	3
111	207	3
112	371	2
112	536	2
112	284	3
112	409	2
527	112	1
259	112	3
113	295	1
247	113	1
431	114	2
114	310	3
527	114	2
182	114	3
411	114	2
115	433	2
115	278	1
115	444	2
115	328	2
417	115	3
115	158	3
116	228	1
116	128	1
458	116	1
305	116	1
278	116	3
117	279	2
147	117	1
121	117	2
117	536	3
117	472	2
253	117	1
118	451	1
118	300	2
339	118	1
589	118	1
119	177	2
119	242	3
248	119	2
321	120	3
120	471	3
120	441	1
278	121	2
121	517	1
312	121	2
425	121	2
328	121	2
122	568	2
212	122	2
253	122	1
425	122	1
435	122	1
597	122	1
122	423	3
238	123	1
169	123	2
253	123	1
539	124	1
124	182	3
218	124	3
125	410	1
126	539	3
265	126	3
126	285	1
268	126	1
126	247	1
126	375	3
126	249	2
373	126	1
127	544	3
364	127	3
328	127	3
185	127	2
476	128	3
391	128	2
202	128	1
128	143	3
128	170	1
128	394	1
128	386	1
496	129	2
130	362	3
130	167	1
165	130	2
274	130	2
368	130	1
212	131	3
131	356	1
131	492	1
131	380	2
399	132	2
327	132	3
132	395	2
132	405	3
448	133	2
133	273	1
390	133	1
133	555	2
133	281	1
133	234	3
596	133	2
307	134	1
134	176	1
484	134	3
135	469	2
164	135	1
172	136	1
362	136	2
410	136	1
474	136	3
436	136	3
166	136	3
136	137	3
548	136	1
262	137	3
435	137	1
459	137	2
366	137	3
521	137	2
488	137	3
484	138	3
138	540	1
216	138	2
138	299	2
412	139	1
218	139	2
491	139	2
315	139	3
139	170	2
353	139	2
139	547	3
139	346	2
503	140	2
140	391	2
542	141	2
216	141	2
342	141	2
141	360	1
471	143	3
250	143	3
512	143	1
249	143	3
143	548	1
144	592	1
484	144	3
520	144	1
145	541	2
145	274	1
215	145	3
581	145	2
145	478	1
146	454	3
146	259	3
159	147	1
233	147	3
151	148	1
148	567	1
441	148	1
507	148	1
148	301	1
574	148	2
149	555	2
149	575	2
149	294	3
419	149	3
420	150	3
540	150	1
347	150	1
150	476	1
385	151	3
202	151	2
151	243	3
585	152	1
412	152	2
152	157	2
153	191	2
153	503	3
360	153	1
237	153	1
179	153	1
153	561	1
419	154	3
154	494	2
154	339	3
154	426	3
521	155	2
494	155	2
155	294	1
155	221	2
212	155	2
568	156	3
525	157	2
157	234	2
489	157	2
157	399	2
157	327	1
520	158	1
158	498	2
267	158	3
158	279	1
158	301	1
158	372	1
445	159	2
159	417	3
260	159	2
363	159	1
355	159	1
159	169	1
199	159	3
492	159	3
387	159	3
213	159	3
299	159	1
349	159	1
488	159	2
160	506	1
485	160	2
160	291	2
180	160	2
161	353	2
183	161	1
161	385	1
595	162	1
162	195	1
162	369	3
168	162	3
162	309	3
162	183	2
162	465	3
163	459	2
388	163	1
163	518	1
528	164	1
228	164	3
587	164	3
383	164	1
264	165	1
165	479	2
166	249	1
205	166	3
166	496	2
166	307	1
351	167	2
219	167	1
462	167	1
412	168	3
168	526	3
284	168	1
168	479	1
169	420	2
169	191	3
359	169	1
378	169	3
169	341	3
492	169	2
169	316	1
389	169	3
170	401	3
289	170	3
170	487	3
170	258	3
171	599	1
556	171	2
187	171	3
171	464	2
171	368	2
460	171	1
172	294	2
588	172	3
172	597	3
190	172	3
490	172	1
428	173	2
173	318	3
287	173	1
308	173	3
490	173	2
173	417	2
309	173	2
173	543	3
366	174	1
342	174	1
174	215	2
303	174	3
486	175	1
175	272	1
175	489	2
339	175	3
175	596	1
476	175	3
175	375	2
443	176	3
176	377	3
176	438	3
243	176	1
274	177	2
177	268	3
185	177	2
495	177	1
177	203	3
195	178	1
200	178	3
178	243	3
593	178	3
234	178	3
179	205	3
279	179	2
308	179	1
179	289	3
536	179	1
179	280	3
231	180	1
180	262	1
180	273	3
181	191	2
181	489	3
521	181	2
412	181	2
428	181	1
243	182	2
533	182	1
209	182	3
577	182	3
368	182	3
183	430	1
184	310	3
360	184	3
441	185	3
566	185	3
475	186	1
216	186	3
244	186	2
186	299	1
186	350	3
187	501	2
187	544	2
350	188	2
211	188	1
201	188	1
188	520	1
434	188	2
189	413	3
483	189	3
189	259	3
189	561	2
469	189	3
406	189	1
189	578	3
518	190	1
409	190	2
190	533	1
191	364	3
244	191	2
510	191	1
496	191	2
385	191	2
499	191	2
223	191	2
367	191	3
191	456	2
532	192	2
196	192	2
463	192	3
192	599	1
232	192	1
414	192	3
385	193	2
321	193	2
193	302	2
193	355	2
362	193	1
563	193	2
193	510	3
267	193	2
194	317	3
194	518	2
384	194	1
194	361	2
308	194	3
194	579	3
195	566	2
539	195	3
476	195	3
244	195	1
319	195	3
196	240	2
445	196	3
197	349	3
197	358	3
248	197	2
197	460	3
476	197	2
198	464	1
335	198	1
198	442	2
533	198	3
198	300	1
382	199	2
596	199	2
199	252	3
199	202	1
256	199	2
316	199	2
335	199	2
199	453	1
200	402	2
330	200	3
517	200	1
582	200	1
451	200	1
450	200	3
360	200	1
200	225	1
401	200	2
423	201	3
201	477	2
405	201	1
516	202	2
203	591	1
203	300	3
294	203	2
399	203	3
204	553	3
530	204	1
544	205	1
496	205	2
205	478	2
343	206	1
206	275	2
591	206	1
206	462	3
595	206	2
510	206	2
587	207	1
337	207	2
207	557	1
208	579	2
208	469	3
504	208	1
208	315	1
208	519	2
509	209	2
379	210	1
211	320	3
280	211	1
568	211	2
552	211	1
212	456	2
212	440	2
212	364	1
212	460	3
213	464	2
213	290	2
213	216	2
213	555	2
400	213	2
213	397	2
337	214	3
397	214	1
214	474	1
554	214	1
214	599	2
226	215	2
507	215	2
313	215	3
538	215	1
439	215	3
332	216	3
216	548	1
216	344	3
372	217	3
217	289	1
218	398	3
380	218	2
218	332	1
219	485	3
219	232	2
219	318	3
490	220	1
289	220	2
276	220	3
460	221	1
328	221	3
221	421	1
222	458	3
429	222	1
222	578	2
510	222	1
458	223	1
223	460	3
555	223	1
426	223	2
224	482	2
463	224	2
226	239	1
231	226	3
226	363	3
272	226	3
336	227	1
516	227	1
492	228	1
569	228	2
229	284	3
420	229	2
229	293	2
229	244	1
364	230	1
230	406	1
419	230	3
231	406	3
282	231	1
232	487	2
547	232	1
233	561	2
287	233	2
233	382	3
234	322	3
234	296	1
234	452	1
234	241	1
294	234	2
234	408	2
235	335	2
235	430	1
414	235	2
451	235	3
342	235	3
429	235	2
235	377	3
235	526	2
517	236	3
513	236	3
237	316	1
238	281	3
259	238	2
239	460	1
239	411	3
239	597	3
448	240	2
385	240	2
265	240	1
538	240	2
359	241	3
366	241	3
241	373	3
531	241	2
402	241	1
464	241	3
544	241	3
241	255	1
242	299	2
303	242	2
242	332	1
242	253	3
243	332	2
244	335	1
244	464	2
244	334	1
244	389	3
244	253	3
244	391	1
245	582	2
245	422	1
245	555	1
469	245	3
246	334	3
433	246	2
246	273	3
257	246	2
576	246	1
247	522	3
590	247	1
261	247	2
540	247	2
248	571	2
248	331	1
248	328	2
256	248	2
249	407	2
351	249	2
249	444	2
249	512	2
250	594	2
250	292	1
366	250	2
250	300	2
250	566	2
250	582	2
404	250	2
251	599	3
251	547	2
251	329	1
511	251	2
252	432	1
460	252	3
447	252	3
253	301	1
253	395	1
535	253	1
254	269	3
298	254	2
444	254	2
254	487	3
255	439	2
255	364	3
545	255	3
256	497	2
485	256	2
256	466	1
256	538	3
427	257	2
587	257	1
258	267	1
258	560	3
520	259	2
259	528	2
260	449	2
260	511	2
521	260	2
310	260	1
575	260	1
260	591	2
572	261	2
261	523	3
261	595	3
417	261	3
487	262	3
585	262	3
580	262	2
570	262	3
390	263	3
492	264	2
264	516	1
265	359	1
265	409	3
481	265	2
265	316	2
511	265	1
266	454	1
266	532	2
266	514	3
266	420	1
267	283	2
267	515	3
267	296	3
468	268	1
376	268	2
268	360	3
318	268	2
594	269	1
449	269	2
269	490	2
283	269	3
368	270	2
567	270	2
270	463	2
270	347	3
563	270	2
271	437	1
458	271	1
272	360	2
272	447	2
541	272	2
521	272	2
509	272	1
471	272	2
580	273	1
282	273	3
273	428	3
336	274	1
275	565	3
356	275	3
563	275	1
315	276	3
276	523	3
473	277	2
450	277	1
277	314	2
277	289	3
277	590	3
578	277	2
445	278	2
278	442	1
297	278	3
297	279	1
279	563	2
474	279	3
279	317	1
279	282	1
577	280	3
280	326	3
280	295	3
280	392	2
283	319	1
284	525	1
284	432	1
297	284	3
288	285	3
302	285	2
306	285	1
286	525	3
348	286	2
476	287	3
287	448	1
579	287	3
288	329	3
289	424	1
317	289	1
289	578	3
290	551	3
536	290	3
308	290	1
290	442	2
327	290	1
320	291	2
499	291	3
451	291	3
402	292	1
485	292	1
293	565	1
294	315	3
294	314	1
456	294	1
323	294	2
294	599	3
510	294	2
295	474	2
295	369	3
336	295	1
295	535	2
295	302	2
388	296	1
361	296	2
371	296	3
441	296	2
467	297	2
297	586	3
452	298	1
301	298	3
298	334	1
299	522	2
299	333	1
549	299	1
485	300	2
300	429	1
312	300	1
536	301	2
302	545	1
302	562	3
302	458	3
561	303	2
442	303	2
388	303	1
304	427	1
404	305	1
595	305	3
306	439	1
306	473	2
306	489	1
578	307	3
389	307	2
307	436	3
308	585	2
329	308	3
512	308	3
308	417	3
556	309	1
597	309	3
309	544	2
546	310	2
452	310	3
327	311	2
381	311	3
312	346	1
313	455	3
314	569	1
315	409	2
350	315	3
584	315	3
316	416	2
453	316	1
414	316	3
583	317	1
317	518	3
317	474	2
354	318	2
329	319	2
319	516	1
577	319	3
320	536	2
320	575	1
510	320	1
498	320	3
321	459	2
576	321	2
321	550	3
540	321	3
322	430	1
322	586	1
332	323	3
580	323	1
497	323	3
324	385	2
324	528	2
452	324	1
436	325	3
325	500	3
336	326	2
573	327	2
372	328	2
330	328	1
383	329	2
414	329	3
329	355	1
329	576	3
331	399	3
573	332	1
486	332	3
358	332	2
571	333	1
333	370	2
335	482	2
520	335	1
336	516	2
422	336	2
336	416	3
547	337	3
448	337	2
337	477	1
343	337	3
338	592	1
338	545	2
339	388	2
584	340	2
340	342	3
340	383	1
340	458	1
599	342	2
342	466	2
353	342	3
342	502	3
503	343	2
492	343	2
344	582	3
545	344	1
344	390	2
344	464	3
345	361	2
345	452	2
346	390	3
346	507	3
347	548	3
348	378	2
349	497	2
356	349	1
565	350	3
350	531	1
350	584	2
350	358	3
351	590	3
540	352	3
517	353	1
353	465	2
353	411	2
475	353	1
424	353	2
354	446	2
514	354	3
373	354	3
433	356	2
356	385	2
506	357	1
382	358	2
358	561	2
487	358	1
368	359	3
401	359	3
521	359	3
360	557	1
414	361	2
361	519	3
422	361	3
362	484	2
559	362	1
579	363	1
363	463	3
363	380	1
498	363	3
364	501	3
364	450	2
480	364	3
563	365	1
449	365	3
396	365	2
490	366	2
528	366	3
366	499	1
368	449	3
591	369	2
500	370	2
370	589	3
527	371	2
371	450	3
371	576	3
372	535	3
372	422	1
482	372	3
373	412	3
554	373	3
373	515	2
599	374	3
424	374	3
375	423	3
375	433	3
376	450	1
376	465	3
518	376	3
376	487	1
378	402	3
475	379	2
380	595	3
380	478	2
381	533	1
381	516	1
382	534	1
382	475	2
533	383	1
383	551	1
383	477	2
384	401	3
439	385	2
386	460	2
386	408	2
387	503	3
387	520	3
387	461	2
387	490	2
388	442	1
389	394	3
439	389	2
478	389	1
570	390	3
412	390	3
391	432	1
573	391	3
598	391	2
391	399	1
524	391	2
458	392	3
472	393	2
590	393	1
393	457	2
446	393	2
400	394	2
395	467	1
559	395	2
395	483	3
395	420	3
396	500	2
396	483	2
396	591	3
396	407	2
397	496	3
400	397	1
397	425	1
585	397	1
397	570	3
397	572	1
574	398	1
399	457	1
399	549	1
546	399	3
405	399	3
570	400	3
401	420	1
401	468	2
462	402	2
402	510	2
403	421	3
571	403	3
459	403	1
404	511	3
516	405	3
422	405	3
513	405	2
405	532	1
530	406	1
475	406	3
407	492	2
407	417	1
407	447	3
407	539	2
408	515	3
408	562	2
598	409	1
431	410	2
544	411	2
411	564	2
412	510	1
553	412	1
413	436	3
512	413	2
414	520	3
478	415	1
564	416	3
417	539	1
417	561	1
543	417	3
418	515	3
418	468	2
501	419	2
434	419	2
509	419	1
419	523	3
519	420	1
421	578	3
421	544	1
422	432	1
423	544	1
496	424	3
424	531	1
425	589	3
428	425	2
526	426	1
426	430	3
426	524	1
506	427	2
428	566	3
447	428	2
598	428	3
429	583	3
501	429	1
526	430	3
430	551	2
481	430	3
431	595	3
432	576	1
433	511	2
434	449	2
434	517	2
503	434	2
435	438	3
436	479	2
470	436	3
436	594	1
512	437	3
506	437	1
437	445	1
437	510	3
438	484	2
566	438	2
482	439	2
439	579	3
440	448	1
594	440	3
441	522	2
441	574	1
441	477	3
442	502	1
442	499	1
591	442	1
500	443	2
443	466	2
443	488	3
443	454	2
444	519	1
445	523	2
445	467	1
502	446	2
513	447	1
448	540	1
448	500	3
450	494	3
546	450	2
515	452	2
452	529	1
452	533	3
555	453	2
455	598	3
461	455	1
458	530	1
549	458	3
459	590	2
460	598	1
460	514	3
583	461	1
482	461	1
463	591	1
480	466	3
466	533	1
597	466	3
519	466	1
467	476	2
467	576	3
468	494	1
556	468	2
499	468	1
483	468	1
469	582	2
470	594	2
471	519	1
472	505	2
532	474	3
497	474	3
475	557	1
586	476	2
588	476	1
477	584	1
479	581	1
479	518	2
489	481	3
481	537	1
565	481	2
539	481	1
482	588	1
482	557	2
485	551	1
485	589	3
528	486	3
486	539	3
593	487	1
535	487	3
542	488	3
489	511	1
532	490	2
504	491	2
491	503	1
491	592	3
492	545	3
494	526	1
544	495	1
585	495	3
553	495	1
495	540	1
498	510	2
500	584	3
503	501	3
501	597	1
501	546	2
504	582	2
520	507	3
510	592	2
510	555	3
583	511	3
568	513	1
514	588	2
559	515	2
582	516	3
518	555	2
523	535	3
595	525	2
560	527	3
527	556	1
528	563	3
529	596	1
574	529	3
574	532	1
532	534	2
554	533	1
553	533	1
542	554	2
551	545	2
547	595	2
548	582	1
558	548	2
548	586	1
579	548	2
562	549	2
593	549	1
575	550	2
552	596	2
557	587	3
569	558	3
573	562	1
563	568	1
584	563	3
570	588	3
571	598	3
584	580	3
582	590	2
598	585	1
589	592	3
