0	388	3
588	0	2
447	0	3
0	181	2
411	0	3
0	189	3
408	0	3
0	238	2
1	211	1
323	1	3
158	1	3
1	86	3
1	152	1
209	2	2
2	123	2
2	223	2
2	181	3
123	3	3
3	336	1
3	287	1
3	463	1
322	4	2
4	597	2
81	4	1
202	4	2
5	13	2
5	565	1
5	541	2
5	288	1
344	5	3
5	546	1
5	289	1
6	247	3
8	6	3
313	6	1
49	6	2
6	172	3
230	6	1
88	7	2
417	7	3
214	7	1
206	7	2
7	412	2
8	259	2
8	250	2
8	513	1
8	84	3
8	40	2
8	27	1
8	549	1
8	466	2
9	337	3
9	198	1
284	9	2
201	9	2
9	400	1
9	90	3
57	9	3
10	69	1
128	10	2
10	300	2
10	363	2
423	10	1
381	11	1
190	11	3
570	11	3
322	11	1
15	11	1
155	11	3
152	11	1
11	129	2
457	12	2
12	425	2
13	515	2
79	13	3
13	140	1
82	13	2
13	504	1
309	13	1
186	13	1
386	14	1
342	14	3
14	591	1
206	14	3
14	307	1
359	14	1
14	34	3
400	15	3
161	15	2
15	87	1
15	588	3
15	493	1
28	15	3
393	15	3
562	15	1
200	15	1
398	15	3
16	143	2
16	124	2
16	67	2
17	96	1
17	310	1
439	17	1
258	17	1
221	17	2
410	17	3
429	17	1
18	484	1
215	18	3
18	94	3
18	204	3
18	358	3
100	18	2
19	159	3
80	19	2
19	285	1
140	19	2
20	110	1
20	119	3
203	20	2
509	20	3
21	285	3
21	148	2
178	21	1
565	21	2
469	22	1
22	537	1
22	322	3
22	176	3
22	286	3
327	22	1
505	23	1
185	23	1
470	23	1
23	183	2
467	24	1
477	24	2
24	548	3
237	24	1
24	187	2
24	336	1
484	25	1
377	25	2
453	25	1
25	204	2
25	257	3
25	184	1
194	25	3
128	25	3
25	135	2
40	25	3
82	25	1
26	359	1
26	365	2
79	26	2
26	507	3
26	523	1
26	398	3
26	145	2
46	26	3
556	26	3
409	26	2
27	591	2
27	559	3
294	27	3
27	115	3
28	547	3
60	28	1
28	453	3
28	477	1
398	28	2
29	198	1
407	29	1
220	29	1
52	30	1
30	464	1
30	154	3
30	361	2
259	30	1
30	509	3
31	189	3
31	406	3
92	31	2
373	31	3
568	32	3
32	462	2
547	32	2
32	46	1
32	109	3
33	497	3
33	510	1
33	108	3
567	33	1
33	116	3
262	33	2
407	33	2
68	33	3
33	456	3
33	507	2
305	34	3
329	34	1
35	395	3
35	101	1
36	198	1
36	587	2
160	37	3
513	37	3
37	420	3
240	37	3
37	539	2
461	37	1
37	199	3
428	38	3
38	512	2
39	120	3
188	39	3
85	39	3
40	67	2
383	40	3
40	449	1
40	112	2
242	40	3
40	562	1
40	330	1
40	431	2
342	41	3
68	41	1
490	41	2
41	357	2
41	324	3
433	41	3
41	231	2
253	41	1
598	41	2
41	257	1
42	242	3
42	123	3
43	144	1
479	43	1
580	43	2
423	43	3
44	309	3
44	208	1
457	44	1
44	278	3
44	157	3
45	525	1
180	45	2
45	145	3
45	502	1
45	208	1
45	377	1
443	45	1
453	46	2
71	46	1
243	46	3
123	46	2
231	46	3
46	153	2
46	50	2
110	46	1
462	46	3
328	46	3
159	46	2
47	97	2
159	47	3
47	297	1
533	47	2
47	299	2
47	104	2
47	596	3
47	59	2
49	47	2
48	242	2
245	48	2
408	49	2
556	49	1
102	49	3
49	515	2
438	50	1
416	50	2
50	316	1
168	51	3
51	252	1
207	51	1
477	51	2
51	229	2
52	525	3
301	53	3
292	53	2
410	53	3
54	134	2
358	54	3
75	54	1
165	54	2
54	159	2
502	55	3
352	55	1
407	55	3
475	55	1
55	400	1
276	55	2
56	93	1
561	56	3
352	56	2
56	569	2
56	530	3
56	402	2
537	57	1
57	87	2
57	481	1
235	57	2
57	242	1
59	57	3
57	372	1
173	58	2
58	539	3
58	398	1
58	360	1
59	205	1
368	59	3
146	59	3
59	480	3
594	60	2
72	60	3
562	60	1
60	517	3
60	500	3
571	60	3
60	368	2
215	60	2
60	249	1
60	423	2
228	60	1
60	269	1
520	61	1
377	61	2
580	61	2
284	61	2
61	131	3
424	62	3
370	62	2
62	65	3
62	457	3
62	63	2
62	504	2
62	499	1
62	598	3
543	62	1
360	62	1
570	63	2
63	205	2
64	116	3
64	211	3
149	64	2
64	387	1
64	303	3
64	596	1
88	64	2
181	64	2
521	64	1
364	65	2
65	232	2
538	65	2
65	80	3
66	91	3
66	341	1
355	66	2
452	66	1
66	279	3
82	66	3
66	68	3
67	591	1
400	67	2
67	505	3
67	452	3
421	67	1
283	67	1
592	67	3
104	67	3
67	265	1
67	313	2
67	244	2
68	410	2
314	68	1
257	68	2
68	485	1
217	68	1
68	252	2
515	69	2
69	309	3
69	95	2
69	175	2
504	69	3
492	70	1
515	70	2
508	70	2
70	101	1
70	156	3
70	397	1
70	520	1
90	71	3
71	178	3
263	71	2
71	466	2
261	71	2
72	585	2
182	72	3
106	72	1
389	72	2
72	334	2
575	73	1
417	73	3
467	73	3
379	73	2
73	263	1
73	316	3
590	74	2
74	323	1
74	457	1
411	74	2
74	91	3
74	425	3
389	74	1
95	75	3
75	330	2
278	75	2
75	437	1
75	347	2
75	352	1
75	537	1
76	228	3
481	76	1
76	158	2
76	513	2
77	306	3
94	77	2
257	77	1
365	77	2
444	78	2
78	454	3
473	78	1
457	78	2
78	207	2
78	349	1
78	453	3
78	174	1
571	79	3
564	79	1
222	79	2
441	79	2
189	79	2
80	330	2
80	372	3
80	335	3
80	160	1
81	239	3
81	492	1
213	81	1
210	82	2
82	281	1
82	399	3
82	523	2
82	506	2
82	507	2
271	83	3
492	83	3
428	83	1
83	386	2
351	83	3
84	350	2
84	521	1
84	478	1
84	415	1
468	85	3
85	384	3
85	135	1
386	85	3
548	85	1
86	237	1
86	124	2
86	476	1
86	391	3
86	418	1
86	131	3
245	86	1
345	86	2
86	578	2
87	465	2
162	87	3
348	87	2
87	116	3
203	87	2
87	462	2
88	558	1
88	249	1
89	93	2
89	454	1
549	89	1
89	405	1
89	356	2
89	100	1
319	89	1
456	89	1
419	89	3
494	90	3
90	140	2
286	90	3
286	91	1
91	268	1
91	513	1
91	130	2
91	445	2
276	92	3
347	92	1
434	92	1
364	92	3
93	92	3
297	92	2
96	92	3
485	93	1
553	93	3
93	494	1
94	233	2
136	94	3
279	94	1
428	94	3
368	94	3
237	94	3
290	94	1
113	95	1
322	95	1
215	95	1
386	96	1
310	96	1
241	96	1
96	255	3
112	96	3
97	319	1
97	250	2
97	243	3
98	597	3
390	98	3
98	263	1
98	214	3
538	98	1
175	98	3
99	431	2
316	100	3
241	100	3
103	100	2
100	282	1
328	100	3
563	100	1
100	411	2
101	307	1
101	527	3
101	142	3
101	535	2
102	207	2
102	103	2
456	102	3
228	102	2
102	548	1
367	102	1
170	102	2
530	103	1
221	103	3
260	104	3
559	104	2
376	104	3
241	104	2
317	104	3
529	104	2
104	598	3
104	501	3
105	177	2
105	310	2
105	434	2
461	105	2
106	188	1
551	106	1
440	106	2
106	168	3
107	473	1
107	236	3
107	454	1
553	107	1
315	107	2
328	107	3
329	107	3
397	107	3
108	322	1
108	558	1
108	175	2
108	511	3
596	109	3
109	270	3
339	109	2
110	503	2
110	517	2
110	278	2
110	527	3
406	110	3
297	111	1
253	111	3
450	111	2
282	112	3
112	550	3
407	112	3
553	113	3
336	113	2
594	113	3
113	171	3
113	137	1
211	114	1
313	114	1
535	114	3
399	115	1
115	288	1
115	136	1
115	589	1
115	433	1
115	243	2
287	115	2
115	235	3
115	198	3
115	484	2
254	116	3
299	116	1
116	249	2
116	398	2
116	362	2
116	561	3
116	246	2
116	173	2
117	485	1
384	117	3
117	198	3
117	148	3
117	364	2
192	117	1
491	117	2
440	118	3
118	491	3
308	118	3
119	411	1
171	119	1
379	119	1
124	119	1
120	150	3
120	522	3
437	120	3
121	403	2
121	413	3
121	248	1
122	266	3
122	292	2
417	122	2
162	122	3
122	131	1
122	212	3
316	122	3
316	123	2
123	144	1
366	123	3
123	596	1
123	298	3
125	317	1
421	125	2
482	125	2
496	126	2
479	126	2
237	126	2
273	126	2
127	497	3
156	127	3
355	127	3
233	128	3
128	558	2
270	128	2
573	128	1
128	136	2
363	128	1
129	547	1
387	129	3
310	129	3
129	508	2
129	213	2
595	129	3
130	205	2
353	130	3
130	332	2
130	530	2
280	130	1
130	209	2
331	130	1
330	131	3
131	163	3
131	183	3
131	152	3
131	513	2
572	132	3
238	132	1
267	132	3
212	132	1
132	273	2
133	447	2
503	133	3
265	133	2
133	467	3
153	134	3
251	134	2
134	509	2
278	134	2
424	135	2
179	135	1
418	135	1
135	156	3
135	502	2
136	168	3
136	148	1
136	138	3
319	136	1
136	464	3
136	141	2
409	136	1
137	572	2
284	137	3
137	147	2
137	448	2
137	318	3
138	234	3
138	256	1
307	138	3
388	139	3
139	440	3
154	139	1
274	139	3
139	448	2
569	140	2
140	330	3
140	253	2
439	140	2
141	369	3
141	395	2
251	141	3
244	141	3
141	158	3
141	443	2
141	557	1
142	561	1
142	499	3
227	142	3
237	143	1
143	402	1
144	299	3
388	144	2
456	144	2
538	144	3
144	334	2
144	434	3
144	470	2
214	146	3
250	146	1
146	184	3
180	146	2
342	146	1
359	146	3
147	394	1
147	393	2
148	161	3
223	148	2
148	373	3
592	148	1
198	148	2
148	352	2
280	149	3
456	149	1
297	149	1
177	149	2
576	149	2
368	150	2
150	320	2
150	560	1
150	436	2
150	486	3
199	151	2
583	151	1
151	329	2
151	152	3
151	168	1
565	152	2
152	472	2
545	152	1
152	499	2
217	153	3
306	153	1
153	571	1
299	153	1
384	154	3
154	567	1
154	191	3
154	554	3
155	471	2
155	361	1
155	304	2
412	155	2
155	216	1
373	155	3
155	157	1
503	156	3
156	191	3
381	156	3
313	156	2
294	156	2
157	347	2
593	157	3
460	158	1
555	158	3
159	379	1
172	159	1
459	159	2
159	275	1
160	303	3
160	179	1
384	160	3
161	425	1
161	295	2
559	162	1
162	516	1
199	162	1
162	354	1
162	168	1
163	530	1
576	163	1
360	164	3
164	590	2
218	165	1
251	165	2
490	165	3
165	371	2
571	165	1
165	280	2
165	195	2
165	219	2
166	368	1
166	577	1
199	167	3
480	167	2
167	227	2
327	167	2
167	168	3
355	168	2
199	168	1
171	168	1
313	168	3
168	380	1
168	225	1
431	168	1
168	378	1
326	169	1
191	169	3
596	169	2
237	170	3
170	180	1
170	521	1
435	170	3
498	170	3
170	306	1
202	170	3
203	171	1
392	171	3
171	178	3
186	171	3
171	385	1
171	193	2
172	576	2
172	258	2
172	378	3
173	461	1
173	439	1
520	173	1
173	555	1
283	173	1
388	173	1
552	173	3
174	542	1
174	286	2
271	174	3
550	174	3
258	174	3
175	411	1
301	175	3
219	176	1
241	176	3
243	176	2
176	258	1
516	176	2
503	176	2
504	177	2
179	177	3
177	394	2
177	587	1
280	177	3
487	177	3
523	178	2
185	178	3
179	326	2
568	179	3
506	179	3
180	259	1
180	389	1
207	180	1
180	563	2
349	180	3
181	561	1
398	181	2
588	181	1
181	298	1
181	194	1
316	181	1
356	181	1
265	182	3
557	182	3
182	229	2
306	182	2
182	508	2
439	183	1
183	323	1
183	336	2
184	196	2
184	417	2
292	185	3
337	185	1
219	186	3
186	279	2
404	186	1
567	187	2
509	187	2
298	187	2
187	241	3
299	187	1
571	187	2
187	452	3
188	308	2
500	188	2
311	189	1
394	189	3
189	383	3
286	189	3
427	189	2
189	539	1
559	190	2
190	294	1
190	433	3
190	245	2
191	240	2
192	496	3
281	192	1
192	447	2
312	192	2
193	352	3
193	197	3
286	193	1
193	454	1
193	316	2
383	194	1
194	585	1
194	410	1
584	194	3
329	195	3
195	323	3
555	195	1
309	196	2
518	196	2
196	545	1
196	560	1
196	359	1
481	197	2
197	434	2
270	197	2
545	197	1
197	422	2
197	226	1
346	198	1
542	198	2
295	198	1
198	328	1
217	199	3
199	237	2
421	199	2
199	502	2
199	355	2
343	199	3
459	200	2
200	292	1
200	441	1
289	200	2
264	200	2
331	201	2
201	350	2
570	201	1
201	440	1
201	324	3
244	201	1
201	215	2
201	236	2
202	318	2
216	202	3
202	482	3
202	508	2
489	203	2
357	203	3
203	445	2
204	300	3
204	377	3
204	397	2
539	204	3
525	205	1
479	205	3
205	361	2
285	206	2
206	410	2
206	227	2
207	436	2
207	462	2
360	207	2
207	393	3
208	434	3
208	478	3
208	413	2
208	590	3
209	552	3
209	375	1
347	209	2
510	209	3
373	209	2
489	209	3
210	460	2
210	558	3
530	211	1
211	342	2
279	212	2
282	213	3
289	213	2
520	214	1
219	214	1
214	521	1
214	274	1
214	415	1
214	447	1
214	515	3
592	214	3
214	500	2
214	252	1
214	267	2
215	347	3
215	479	1
215	401	1
589	216	3
216	534	3
217	314	2
217	445	3
217	418	2
424	218	3
463	219	3
219	378	1
265	219	2
349	220	2
220	280	2
220	511	1
220	457	3
220	269	1
221	446	1
237	221	1
221	391	2
223	469	2
434	223	2
224	232	2
444	224	2
485	224	2
433	224	1
224	350	1
348	224	1
224	484	3
560	225	2
411	225	3
247	225	1
225	262	2
225	310	1
225	325	1
225	379	2
329	226	1
343	226	1
226	482	1
227	323	2
227	404	1
227	415	2
227	549	1
298	227	1
228	385	2
449	228	3
228	473	1
228	415	3
228	565	1
229	507	2
229	267	1
269	230	1
524	230	1
251	230	2
230	311	1
518	230	2
230	461	1
231	536	3
263	231	2
231	543	3
231	297	2
582	232	2
232	459	3
232	415	2
285	232	1
232	506	2
470	232	2
232	273	1
549	233	1
484	233	3
233	470	2
233	341	2
455	233	2
464	234	2
234	490	3
234	495	3
378	234	1
371	235	3
235	290	2
235	423	3
241	235	2
236	360	3
236	332	2
588	236	1
261	236	2
236	372	3
236	256	2
236	366	1
400	237	1
237	405	1
344	237	2
237	561	3
452	238	2
238	398	2
338	238	1
239	551	1
476	240	3
240	291	2
543	240	3
240	509	2
240	432	1
240	393	2
241	256	3
241	339	3
343	241	1
241	394	3
436	242	1
242	585	1
242	288	2
243	551	3
274	243	2
542	243	3
244	532	1
244	543	1
313	244	1
244	592	3
244	573	1
380	244	2
244	344	3
288	245	2
457	245	2
245	480	3
245	286	1
360	246	2
421	246	2
304	246	1
246	267	1
541	247	1
267	247	1
580	247	1
248	479	3
248	574	2
248	350	3
414	249	3
249	357	2
506	250	2
480	250	3
250	414	3
251	458	1
539	252	1
252	274	3
252	385	2
252	273	3
253	331	3
555	253	2
253	570	2
253	409	3
254	313	3
300	254	2
254	497	3
255	392	3
313	255	3
255	327	1
255	545	3
447	255	1
558	256	3
256	423	2
306	257	2
515	257	1
475	257	3
257	553	1
258	318	1
300	258	2
258	370	2
299	259	1
259	476	3
259	527	1
259	272	2
259	489	1
437	259	2
259	572	2
260	519	1
260	303	1
569	260	3
260	571	2
260	414	1
260	585	2
399	260	1
260	321	1
261	429	1
261	332	1
358	261	3
261	415	2
321	261	1
563	262	3
270	262	2
380	262	2
262	268	3
585	262	3
262	330	3
263	466	3
532	264	2
264	471	1
357	265	3
265	346	1
316	265	3
265	585	2
473	265	2
266	563	3
266	397	2
266	279	1
565	266	3
266	295	2
571	266	3
266	551	2
406	266	2
267	305	1
267	586	3
267	473	1
267	524	2
424	267	3
268	421	1
515	268	2
268	387	3
469	268	1
268	401	1
269	482	2
269	593	3
515	269	1
567	270	1
353	271	2
422	271	1
271	392	1
271	380	2
333	271	3
271	531	2
518	271	1
489	272	2
272	362	2
272	522	3
412	273	1
541	273	3
273	286	3
438	273	1
273	399	3
354	274	3
274	491	1
449	274	2
274	376	3
274	346	1
413	275	3
275	492	2
275	495	3
351	275	3
276	502	2
276	316	2
277	319	2
277	317	1
284	278	3
283	278	1
519	279	3
279	295	2
401	279	2
279	348	3
539	280	3
280	495	1
280	593	2
281	329	2
282	585	3
464	282	2
491	283	2
376	283	2
283	445	1
284	532	3
284	334	1
285	365	2
561	286	2
398	286	2
368	286	1
491	286	2
425	287	3
287	385	3
288	321	1
288	575	1
288	388	1
289	587	1
290	599	3
338	290	3
290	591	2
494	290	1
375	290	2
291	368	3
465	291	1
312	291	3
441	292	2
372	292	1
292	423	2
526	292	2
293	497	1
294	587	3
294	338	3
294	568	2
295	498	3
522	295	3
296	505	1
456	296	3
391	297	1
297	368	2
297	328	3
298	466	3
449	298	3
298	356	2
566	298	2
416	299	3
299	369	3
299	579	3
299	418	1
411	300	1
417	301	1
302	501	1
496	302	2
317	302	2
302	463	3
330	303	2
304	532	3
304	414	1
304	440	3
504	305	1
456	305	3
306	542	2
307	539	1
307	531	3
307	523	2
308	467	3
308	310	1
308	341	2
308	332	3
308	496	1
309	391	1
309	372	2
309	520	1
311	499	3
464	311	1
311	398	1
312	483	1
312	430	3
320	312	3
404	313	2
416	313	3
577	314	1
315	590	1
516	315	2
434	315	1
336	316	1
411	316	3
316	339	1
317	432	2
317	435	1
317	576	2
317	350	3
318	421	2
440	318	2
319	575	2
390	319	3
379	320	2
320	339	1
321	544	3
321	505	2
527	321	3
533	321	3
321	328	2
370	322	3
403	322	3
322	486	3
459	322	1
573	322	2
418	323	2
542	323	3
323	352	2
343	323	3
323	496	1
559	323	1
530	324	1
385	324	2
324	556	1
531	325	3
476	325	3
325	496	2
325	454	1
567	326	2
502	326	1
326	418	1
327	524	3
371	327	3
328	590	1
456	328	3
542	328	3
328	568	1
329	491	3
426	329	1
329	556	2
329	435	2
407	330	2
331	349	1
331	393	2
332	341	3
387	332	1
435	333	1
333	408	3
333	375	3
334	560	2
336	352	3
336	443	3
336	545	1
530	337	1
532	338	2
338	547	1
339	577	1
403	340	2
340	585	1
340	569	3
368	340	2
539	341	2
507	341	1
472	341	3
556	341	2
342	450	1
552	343	1
343	577	2
343	462	1
426	344	2
518	344	3
460	345	3
345	544	2
524	345	2
402	346	1
346	546	2
514	347	2
347	564	3
400	347	3
347	465	1
348	362	1
349	566	2
541	349	3
356	349	3
349	439	3
408	349	2
461	350	2
572	350	2
351	451	3
435	351	2
518	352	2
352	548	1
553	353	2
354	411	1
453	355	1
355	513	3
355	359	1
356	503	2
453	357	3
357	476	1
357	425	1
443	357	1
357	555	3
578	358	1
583	358	2
358	519	1
359	507	2
359	428	2
503	359	1
359	429	1
466	360	2
513	362	3
551	363	1
388	364	2
364	559	3
416	365	1
365	470	1
365	478	3
365	539	2
366	433	2
366	486	3
366	483	2
367	404	3
492	367	3
367	567	2
367	385	2
368	530	1
591	368	3
587	369	1
494	369	3
529	369	2
469	370	3
468	370	3
371	500	3
541	371	3
372	591	1
490	372	2
404	372	1
495	372	3
372	475	3
372	557	3
373	497	3
373	528	1
384	374	3
497	374	1
491	374	2
375	406	2
494	375	2
406	376	1
398	376	1
376	575	2
377	544	1
377	408	1
377	456	2
447	378	1
533	379	1
497	379	2
466	379	3
379	427	2
380	518	2
526	381	1
381	570	2
522	382	2
578	382	1
588	382	1
382	401	2
383	504	2
383	558	2
388	383	1
384	565	3
384	513	2
553	384	1
384	404	2
487	384	1
400	385	2
386	449	3
420	386	2
387	392	2
387	506	3
496	387	3
387	394	3
387	406	1
475	387	1
542	388	3
417	388	3
586	388	2
389	429	2
532	389	1
583	390	1
419	391	1
489	391	2
392	460	3
392	525	1
418	393	1
536	393	2
551	393	1
522	394	3
394	579	3
394	402	1
521	394	2
395	463	1
395	580	3
395	414	3
440	396	3
582	396	1
527	397	1
410	398	3
549	399	3
479	399	1
464	400	2
400	402	1
400	596	2
400	576	3
563	401	2
490	402	3
402	559	1
402	528	2
499	403	3
471	403	2
530	403	2
404	487	3
405	424	2
405	426	2
406	436	2
542	407	2
407	568	1
407	519	2
408	536	2
432	409	1
409	586	3
422	409	3
563	410	2
410	571	1
556	411	2
411	443	2
413	494	3
540	415	2
475	415	2
495	418	1
513	419	3
591	420	1
420	432	2
577	421	2
421	566	2
597	422	1
547	422	2
515	422	3
527	423	1
520	423	1
424	554	2
424	442	1
424	477	2
496	425	1
580	425	1
425	575	3
426	465	1
426	532	1
427	458	1
427	505	2
428	465	2
526	428	2
429	430	2
429	515	2
534	429	2
496	429	3
430	574	1
430	593	3
563	431	1
441	431	1
432	505	3
433	520	1
433	506	3
434	466	2
434	526	1
435	553	2
501	436	1
436	559	1
446	437	3
568	437	2
493	438	1
525	439	3
500	439	2
439	555	2
466	440	2
443	517	2
445	484	2
445	451	3
514	445	3
558	446	2
446	530	3
596	446	1
569	447	1
552	448	2
450	511	3
451	473	1
452	573	3
454	523	3
512	455	2
455	534	3
457	586	1
458	490	2
458	582	1
494	459	3
553	459	1
557	459	3
585	461	3
488	462	1
462	534	3
463	516	1
464	537	3
535	465	2
467	506	3
469	467	1
501	467	2
550	468	1
469	497	1
470	581	1
577	471	1
471	566	2
473	542	1
473	490	3
473	524	2
475	598	2
476	524	3
476	564	2
477	588	2
478	505	3
522	478	1
530	479	1
489	479	1
481	570	3
483	574	2
483	529	2
483	593	1
483	595	3
484	522	3
486	528	2
558	486	3
526	486	2
488	528	2
553	488	1
488	577	1
493	489	1
511	489	2
587	489	1
548	489	1
494	489	2
491	561	2
540	491	3
496	593	1
540	497	2
507	497	1
541	497	3
548	499	1
533	501	1
505	523	2
545	506	1
507	534	1
508	598	3
561	508	1
596	514	3
552	514	3
580	515	2
516	566	2
516	543	3
568	519	3
555	521	3
564	525	2
584	525	2
527	572	3
546	527	2
530	532	1
532	546	2
532	535	3
533	578	2
545	559	1
586	547	1
567	547	1
570	550	1
551	555	2
551	566	2
552	569	3
554	572	1
565	555	2
582	557	3
574	559	1
594	563	2
590	564	3
566	585	3
581	584	3
590	589	2
594	599	1
