0	1	1
2	0	1
3	0	3
0	4	1
7	0	3
0	8	3
30	0	3
33	0	3
0	43	2
47	0	3
0	54	2
0	57	2
62	0	1
0	64	2
65	0	1
0	67	3
87	0	1
88	0	1
0	110	1
0	121	3
0	133	1
0	166	1
0	197	2
224	0	1
0	235	1
0	255	1
0	258	2
265	0	1
273	0	3
282	0	1
0	336	3
0	339	3
346	0	1
364	0	2
0	368	1
0	369	2
0	370	3
391	0	3
1	2	1
3	1	3
4	1	1
1	6	1
20	1	2
1	28	2
1	29	3
1	38	1
48	1	1
1	60	3
92	1	2
104	1	2
120	1	1
128	1	2
1	139	3
1	146	2
154	1	3
1	169	2
1	177	3
216	1	1
238	1	2
269	1	2
1	347	1
371	1	3
382	1	1
394	1	1
2	3	2
5	2	2
2	9	3
10	2	3
2	12	1
2	13	3
35	2	3
2	44	2
2	49	2
2	51	3
2	60	3
2	73	1
81	2	2
86	2	2
97	2	3
127	2	2
139	2	2
2	156	2
2	174	2
194	2	3
228	2	1
2	257	2
265	2	1
278	2	3
326	2	3
337	2	3
341	2	1
4	3	3
5	3	2
6	3	1
3	16	1
21	3	1
28	3	2
36	3	3
55	3	1
121	3	1
129	3	3
132	3	3
142	3	2
147	3	2
149	3	3
153	3	2
3	180	1
187	3	3
3	206	2
3	207	2
212	3	2
216	3	1
3	218	3
232	3	1
3	236	2
240	3	2
248	3	3
271	3	2
274	3	3
3	291	3
3	305	3
3	326	3
3	336	2
3	357	2
364	3	2
372	3	2
3	374	3
4	5	3
7	4	3
8	4	3
4	17	3
4	18	2
4	21	1
4	24	1
33	4	2
40	4	2
49	4	3
4	50	2
58	4	1
62	4	2
4	70	2
4	77	1
4	94	1
123	4	1
129	4	2
131	4	1
146	4	1
4	152	1
165	4	3
170	4	3
4	173	2
181	4	1
4	184	3
190	4	2
4	196	2
4	229	2
4	231	1
4	238	2
243	4	3
260	4	3
282	4	2
288	4	2
299	4	2
4	315	2
4	322	1
4	326	2
330	4	2
4	340	3
4	344	2
4	351	2
4	362	3
365	4	2
379	4	2
4	391	3
4	399	2
6	5	2
5	7	2
9	5	1
5	10	1
5	11	2
12	5	2
15	5	2
19	5	3
5	21	2
22	5	1
30	5	2
41	5	1
44	5	1
5	59	2
5	63	1
66	5	2
5	79	3
82	5	2
105	5	1
109	5	3
5	113	2
127	5	2
138	5	3
143	5	1
176	5	3
187	5	3
195	5	1
200	5	3
211	5	3
5	235	1
5	243	2
5	261	3
279	5	2
296	5	2
5	317	3
353	5	2
5	355	1
5	363	2
5	378	1
9	6	2
6	29	2
31	6	3
6	38	3
66	6	1
84	6	3
6	95	2
6	98	1
6	102	2
6	114	2
124	6	2
151	6	1
157	6	3
174	6	3
6	197	2
6	308	3
375	6	1
7	8	1
7	45	2
100	7	2
7	101	3
219	7	1
266	7	3
333	7	1
7	351	1
7	361	2
8	10	2
11	8	3
12	8	3
13	8	3
14	8	1
16	8	3
17	8	3
25	8	1
27	8	2
33	8	2
45	8	1
47	8	1
8	53	3
8	65	3
88	8	3
91	8	1
92	8	2
8	93	2
8	95	2
8	102	2
103	8	2
8	116	3
8	133	2
145	8	1
149	8	3
8	162	1
8	203	1
210	8	1
220	8	1
8	239	2
242	8	1
8	260	1
274	8	2
283	8	1
8	295	2
301	8	1
306	8	2
307	8	3
314	8	2
8	318	2
8	331	1
339	8	1
8	352	3
8	355	3
8	358	3
362	8	1
367	8	1
368	8	2
382	8	1
385	8	2
399	8	3
9	25	1
9	63	2
9	132	2
9	140	3
175	9	1
9	198	1
9	267	1
298	9	1
9	305	3
383	9	1
11	10	3
18	10	3
10	20	1
22	10	1
10	23	1
10	36	3
50	10	3
57	10	1
10	62	1
71	10	3
74	10	3
75	10	2
78	10	1
89	10	2
10	91	3
98	10	1
10	106	3
10	107	2
10	126	2
10	134	2
10	148	1
150	10	1
159	10	3
177	10	1
10	184	1
186	10	2
218	10	1
231	10	1
10	234	1
237	10	3
10	238	2
271	10	1
287	10	2
290	10	1
293	10	3
316	10	2
11	15	3
11	18	3
11	47	3
56	11	1
64	11	2
80	11	3
11	97	3
98	11	3
104	11	2
11	114	2
118	11	2
125	11	3
131	11	2
11	136	2
144	11	3
11	162	2
217	11	3
232	11	1
11	244	3
11	261	3
11	294	3
299	11	2
302	11	1
11	335	1
11	349	2
373	11	1
384	11	1
13	12	3
14	12	3
12	20	3
12	23	3
12	24	2
31	12	3
32	12	3
34	12	3
12	37	1
39	12	2
12	42	2
51	12	2
12	61	1
12	71	1
12	83	1
91	12	2
12	94	1
12	99	2
112	12	1
119	12	1
141	12	1
188	12	2
12	204	2
12	208	2
12	210	2
230	12	2
12	234	2
12	237	3
12	239	3
246	12	3
12	249	2
251	12	1
12	252	3
12	295	1
296	12	3
302	12	1
12	392	2
14	13	1
16	13	3
13	26	2
28	13	3
13	52	2
13	72	2
76	13	2
158	13	3
172	13	2
230	13	3
249	13	1
13	266	1
13	300	1
322	13	3
13	332	3
13	364	2
13	382	1
13	385	2
14	15	1
17	14	1
14	23	2
24	14	3
14	25	2
34	14	1
52	14	3
76	14	3
14	83	2
104	14	3
14	175	1
14	186	3
294	14	2
328	14	3
14	380	3
15	26	1
30	15	3
39	15	2
15	53	1
105	15	3
240	15	2
22	16	2
81	16	2
16	95	2
16	145	1
156	16	1
19	17	1
26	17	2
17	51	1
17	85	1
147	17	3
17	161	2
223	17	1
17	263	3
19	18	1
34	18	1
18	38	2
18	65	2
70	18	2
18	71	1
73	18	1
18	82	3
83	18	2
88	18	3
110	18	1
111	18	2
129	18	3
130	18	2
18	150	3
176	18	2
219	18	1
18	227	2
268	18	1
18	271	1
18	286	1
312	18	2
323	18	2
328	18	1
346	18	1
361	18	1
372	18	1
390	18	3
19	27	3
19	32	2
46	19	2
84	19	2
19	93	2
19	143	2
19	176	3
19	203	1
257	19	2
292	19	2
19	319	1
354	19	1
19	386	2
19	389	3
20	78	1
20	85	1
20	207	1
21	43	3
21	204	1
22	37	3
43	22	2
55	22	1
58	22	3
22	80	1
22	109	3
22	139	3
22	211	1
254	22	3
22	330	2
346	22	3
22	357	2
23	335	2
27	24	1
24	29	2
24	56	2
24	77	1
81	24	2
24	115	2
24	124	1
24	126	2
165	24	1
168	24	2
24	280	2
24	290	3
24	360	1
24	375	1
385	24	1
388	24	2
24	396	1
25	46	2
25	48	2
25	155	1
25	202	1
25	233	2
42	26	1
99	26	2
26	103	3
137	26	2
221	26	1
253	26	1
31	27	2
27	44	3
27	61	3
27	108	1
27	164	2
27	182	2
209	27	1
221	27	2
241	27	1
27	272	3
27	334	1
35	28	3
28	36	1
41	28	2
28	45	3
28	70	3
28	101	2
105	28	3
137	28	2
28	206	2
28	214	3
28	340	1
344	28	2
394	28	1
29	157	3
165	29	3
30	32	2
42	30	2
30	46	2
54	30	1
30	99	1
114	30	2
132	30	1
200	30	3
30	292	3
324	30	2
31	37	3
31	343	1
32	35	2
153	32	1
173	32	2
32	213	3
215	32	1
258	32	1
32	259	1
265	32	3
32	270	2
285	32	3
32	334	2
33	57	3
69	33	1
33	74	1
33	84	2
33	147	2
158	33	2
171	33	3
199	33	1
211	33	3
217	33	2
268	33	2
327	33	1
348	33	3
33	388	3
55	34	2
35	179	1
36	40	1
36	41	2
36	59	1
36	75	2
36	89	3
36	100	1
36	111	2
178	36	3
36	184	2
305	36	3
36	309	1
311	36	1
36	335	3
373	36	3
58	37	2
66	37	2
37	102	1
134	37	2
37	151	1
159	37	2
37	245	3
252	37	1
37	389	1
39	38	1
38	67	1
69	38	1
93	38	1
96	38	3
130	38	2
203	38	2
232	38	2
38	254	3
38	276	2
304	38	2
313	38	2
359	38	2
39	40	3
39	72	1
39	116	3
39	141	2
39	148	2
39	179	1
39	185	2
40	52	3
56	40	2
67	40	3
40	79	2
40	96	1
40	135	1
40	168	2
40	236	3
40	257	3
40	264	2
306	40	1
317	40	1
40	345	2
41	133	2
41	276	1
374	41	2
48	42	2
42	50	3
74	42	1
42	92	1
42	182	3
42	191	3
42	220	2
42	242	1
42	249	2
42	255	1
279	42	3
42	345	2
42	368	2
42	378	3
394	42	2
43	54	3
43	63	3
43	64	1
68	43	3
43	119	2
152	43	3
171	43	1
43	185	2
43	192	1
201	43	2
43	269	1
296	43	3
43	300	1
324	43	3
49	44	1
53	45	1
120	45	2
159	45	3
288	45	3
307	45	2
45	339	3
46	136	3
47	185	3
263	47	2
112	48	2
225	48	1
348	48	2
48	377	1
59	49	2
49	61	3
72	49	1
97	49	2
49	119	1
215	49	2
230	49	3
49	247	1
49	256	2
278	49	1
49	348	2
50	145	3
51	226	3
51	292	2
51	295	1
52	122	3
52	126	2
52	396	3
79	53	3
53	86	1
53	116	2
161	53	2
189	53	1
54	85	1
54	94	2
173	54	2
54	189	3
190	54	2
227	54	3
244	54	1
264	54	3
55	68	1
78	55	2
107	55	1
55	167	2
200	55	2
55	212	3
219	55	3
387	55	1
397	55	3
56	90	2
148	56	2
56	167	3
56	275	3
284	56	2
57	60	1
118	57	3
57	128	3
158	57	2
57	169	1
57	198	1
58	75	3
80	58	3
100	58	2
115	58	2
121	58	3
58	155	2
58	160	2
58	204	2
58	246	2
256	58	1
58	301	1
58	302	1
350	58	2
393	58	1
199	59	1
59	227	3
354	59	2
90	60	1
60	150	2
60	152	1
245	60	1
337	60	2
61	103	2
61	153	2
61	196	2
61	280	2
61	322	3
76	62	1
62	77	3
62	107	1
134	62	3
62	172	2
250	62	2
62	273	3
62	286	3
62	338	3
399	62	2
63	123	2
154	63	3
64	128	1
64	155	1
267	64	1
64	316	3
64	345	2
65	68	2
65	69	2
65	108	1
65	109	1
113	65	3
65	115	1
65	143	1
65	156	3
157	65	3
65	199	3
65	224	1
233	65	3
360	65	2
90	66	1
101	66	3
353	66	3
366	66	2
67	252	3
390	67	1
111	68	1
122	68	1
205	68	3
68	208	3
68	212	2
68	251	2
287	68	3
270	69	1
69	311	2
69	359	2
381	69	3
70	86	3
113	70	3
117	70	3
70	202	2
70	213	2
71	144	2
214	71	2
71	281	3
72	73	3
72	123	1
72	170	3
72	180	1
72	195	2
242	72	3
259	72	3
301	72	2
372	72	2
72	389	3
174	73	3
168	74	2
74	188	2
74	278	1
281	74	2
320	74	1
74	334	3
74	384	3
135	75	1
235	76	2
76	253	2
106	77	1
77	141	3
161	78	2
78	291	3
80	118	3
80	289	1
80	365	3
80	366	2
82	81	2
140	81	1
81	178	1
183	81	3
195	81	1
81	297	2
81	341	3
392	81	3
110	82	2
306	82	3
89	84	1
84	163	1
84	275	2
85	87	3
96	85	1
85	181	1
85	304	1
308	85	2
86	87	2
86	151	3
86	178	2
86	187	3
86	189	3
283	86	1
87	279	3
88	120	1
88	181	2
89	144	3
117	90	2
163	91	3
215	91	3
228	91	3
91	241	3
291	92	1
92	395	3
214	93	1
93	222	1
93	313	1
366	93	2
106	94	1
108	94	3
94	191	3
381	94	1
396	94	1
95	357	2
376	95	2
96	125	1
96	338	1
98	117	2
98	124	3
207	98	2
98	226	2
98	261	1
262	98	1
287	98	1
125	99	1
237	99	1
100	193	2
205	100	3
196	101	2
341	101	2
101	347	3
112	102	3
127	103	1
103	356	3
395	103	1
344	104	2
246	105	1
131	106	2
106	266	2
106	330	2
234	107	2
190	108	3
245	108	1
329	108	3
170	110	3
110	209	2
122	111	3
111	146	3
201	111	3
205	111	3
328	111	2
111	329	2
112	251	1
209	113	3
113	233	1
113	293	3
138	114	2
140	114	1
114	225	2
260	114	2
115	320	3
116	179	3
193	116	1
135	117	1
154	117	3
117	213	1
223	117	1
117	240	2
117	298	2
117	329	3
375	117	2
142	118	1
272	120	3
120	358	3
121	327	2
121	369	1
122	149	1
347	122	3
355	122	1
124	130	2
124	175	1
166	125	1
250	125	1
270	125	1
125	309	1
126	283	2
128	172	2
128	201	3
128	226	3
324	128	1
129	253	2
290	129	3
137	130	2
160	130	3
130	383	3
131	160	3
131	223	2
303	131	3
312	131	1
132	191	2
282	133	2
133	351	2
386	133	2
134	136	1
134	142	3
135	167	1
135	236	1
319	135	3
135	323	2
135	336	2
177	136	2
315	136	3
333	136	3
138	137	3
164	137	1
137	376	1
138	298	3
139	197	3
269	139	2
166	140	1
356	141	3
349	142	2
143	397	2
144	164	3
144	267	3
144	390	2
259	145	2
367	145	3
325	146	2
148	248	3
149	163	1
220	149	1
321	150	1
151	224	2
151	239	2
152	162	1
154	169	1
194	154	3
194	155	3
254	155	2
284	155	1
155	289	1
155	314	1
327	155	1
155	376	1
183	156	3
250	156	1
171	158	3
331	160	1
262	161	3
161	323	2
350	161	2
161	360	3
163	183	1
308	163	2
164	206	1
277	164	3
165	293	2
264	168	1
168	314	1
343	168	1
208	170	1
171	202	3
217	171	1
171	228	1
381	171	2
172	349	1
172	361	1
198	173	2
363	173	3
180	175	1
182	175	1
225	175	2
229	175	2
175	243	3
176	247	3
303	176	2
284	177	2
178	373	2
380	178	3
179	192	1
221	180	2
181	317	3
181	395	2
182	186	2
188	182	1
183	192	3
193	183	3
277	183	1
380	183	2
185	319	3
185	343	2
356	185	3
187	275	2
188	288	2
188	358	1
189	244	1
222	191	2
316	191	3
309	192	3
193	297	3
196	280	3
255	197	3
299	197	1
202	218	3
222	202	3
272	202	2
377	202	1
391	202	1
203	210	2
203	379	2
281	206	2
206	312	3
207	268	1
208	384	2
209	231	3
229	210	1
212	216	3
212	248	1
297	212	1
367	214	1
216	320	1
310	218	1
220	398	2
221	369	1
311	225	1
256	226	3
363	227	3
273	229	3
229	362	1
325	230	1
318	233	3
307	234	2
354	235	3
342	237	3
241	239	1
240	247	1
286	242	2
338	242	3
243	300	3
263	246	1
262	247	3
294	247	1
247	304	1
251	310	3
251	325	1
253	303	2
333	254	2
256	258	1
258	321	1
274	259	2
259	289	3
260	277	1
313	261	2
370	262	2
265	276	2
266	285	1
266	386	1
266	393	2
387	268	3
315	272	2
387	274	2
331	275	3
276	321	1
278	352	3
285	279	3
310	281	1
340	281	1
282	318	3
284	342	3
337	285	3
290	350	3
292	365	1
299	370	1
309	352	2
310	332	2
313	359	3
378	315	3
398	315	3
392	317	1
332	323	2
323	371	1
342	325	2
353	327	1
335	374	2
338	383	3
340	379	1
393	343	3
388	349	3
354	397	3
398	355	1
377	361	2
363	371	3
