1	0	3
2	0	1
3	0	3
0	4	2
0	7	1
8	0	2
0	13	3
16	0	2
0	19	1
0	26	1
0	30	2
32	0	2
0	35	1
39	0	1
0	48	1
0	50	3
0	51	1
0	55	3
58	0	1
0	60	1
69	0	1
0	76	1
0	80	1
0	81	3
0	83	3
0	87	2
91	0	2
0	95	2
100	0	2
0	103	2
0	115	3
125	0	3
133	0	3
0	156	2
167	0	3
0	177	1
0	186	2
194	0	2
0	196	2
197	0	3
0	206	1
0	216	3
0	218	3
221	0	3
0	222	3
251	0	1
263	0	3
265	0	1
0	270	1
274	0	2
0	275	1
0	330	1
332	0	3
361	0	2
369	0	3
386	0	3
388	0	1
1	2	3
3	1	2
1	4	3
5	1	3
8	1	2
1	10	1
11	1	2
13	1	3
14	1	3
28	1	2
29	1	1
1	35	1
36	1	1
38	1	2
1	42	3
1	45	1
1	54	3
61	1	2
68	1	3
1	75	3
1	79	1
93	1	2
1	113	3
118	1	1
130	1	3
141	1	3
144	1	3
1	150	1
1	159	1
168	1	2
1	170	1
176	1	1
1	179	3
1	182	1
185	1	1
192	1	3
1	200	1
212	1	2
1	223	2
224	1	1
225	1	1
229	1	2
1	231	3
1	240	3
1	242	1
1	246	3
1	253	1
278	1	3
1	322	3
326	1	3
341	1	2
375	1	1
1	377	1
3	2	3
2	9	2
2	10	3
11	2	1
14	2	1
21	2	3
24	2	1
32	2	1
2	33	2
34	2	2
2	40	2
2	42	3
46	2	2
49	2	1
50	2	3
64	2	2
75	2	2
92	2	1
101	2	1
2	105	1
2	128	3
2	133	1
136	2	3
2	141	3
2	148	1
158	2	3
2	162	2
2	180	2
2	186	2
188	2	2
198	2	1
2	221	2
256	2	1
2	272	1
2	273	3
323	2	3
2	328	1
335	2	2
2	349	1
2	370	1
375	2	2
382	2	3
2	391	3
394	2	1
3	4	3
5	3	1
3	6	1
7	3	2
9	3	3
10	3	1
12	3	3
3	15	2
17	3	3
19	3	1
25	3	3
26	3	1
30	3	3
3	36	3
38	3	3
3	53	3
57	3	1
60	3	3
3	84	2
3	99	3
3	103	2
105	3	2
3	112	3
116	3	2
118	3	3
3	119	2
3	129	1
138	3	1
139	3	2
3	145	3
3	146	3
3	157	1
3	166	1
210	3	2
214	3	3
3	215	2
229	3	1
3	252	3
282	3	1
297	3	1
3	300	1
3	307	3
3	334	1
346	3	3
3	351	3
361	3	3
367	3	1
5	4	1
6	4	2
4	7	1
4	20	2
43	4	2
4	55	1
4	56	1
62	4	3
66	4	2
100	4	1
4	117	3
4	118	3
131	4	1
132	4	3
140	4	2
160	4	3
4	161	3
4	173	2
182	4	2
4	185	1
4	191	1
201	4	2
4	221	2
235	4	2
4	301	3
325	4	3
4	359	3
4	383	1
392	4	2
5	6	2
5	13	2
5	14	1
17	5	1
5	18	2
20	5	3
22	5	1
24	5	3
41	5	3
5	43	3
47	5	2
5	48	3
54	5	1
61	5	1
5	73	3
79	5	2
86	5	1
5	89	1
109	5	2
113	5	3
131	5	2
175	5	3
5	179	1
5	207	2
208	5	3
5	224	1
230	5	3
5	248	2
254	5	2
5	290	2
5	291	3
303	5	3
306	5	1
5	322	3
5	327	1
5	350	1
5	354	2
5	359	3
6	41	1
6	44	1
6	72	1
6	82	3
6	181	2
6	198	1
245	6	3
6	273	3
8	7	1
25	7	2
7	32	1
7	52	3
58	7	1
74	7	3
79	7	1
7	101	2
128	7	3
7	138	2
7	160	2
7	326	2
8	9	1
8	11	3
8	16	3
8	17	3
23	8	1
8	44	2
8	88	3
8	117	3
132	8	1
8	135	3
8	155	2
8	161	3
8	175	2
184	8	1
188	8	1
203	8	3
272	8	2
8	296	1
8	308	1
8	312	2
8	318	3
349	8	1
8	352	2
381	8	3
8	388	1
12	9	3
9	16	2
27	9	1
9	29	2
30	9	3
9	37	2
9	52	3
9	68	3
73	9	3
78	9	3
9	103	2
9	106	3
9	111	2
9	123	1
9	124	2
127	9	3
143	9	3
146	9	1
9	151	2
165	9	1
9	192	3
9	230	1
241	9	3
245	9	3
9	274	2
9	307	3
9	318	2
345	9	2
356	9	1
9	380	3
384	9	2
23	10	2
10	27	2
10	28	2
10	39	1
66	10	3
10	80	3
10	86	1
90	10	2
93	10	3
121	10	3
10	152	2
218	10	2
10	265	1
10	337	2
10	338	3
348	10	1
11	12	3
11	15	3
21	11	2
11	22	3
47	11	3
51	11	1
60	11	2
11	72	3
82	11	1
11	85	2
11	88	3
11	91	1
11	92	1
95	11	3
115	11	3
125	11	3
130	11	3
145	11	1
161	11	3
171	11	3
11	176	1
11	180	3
11	187	3
11	189	1
204	11	3
215	11	3
11	239	1
248	11	3
290	11	2
11	295	2
308	11	1
309	11	3
11	315	2
11	321	1
331	11	3
11	348	2
11	351	1
378	11	2
12	23	2
33	12	1
12	93	1
139	12	3
159	12	3
12	196	2
200	12	3
12	250	1
12	259	1
285	12	2
12	349	1
12	395	1
84	13	2
13	376	3
15	14	1
14	18	3
14	20	2
14	26	3
34	14	2
14	35	1
14	38	2
14	63	3
14	108	1
14	109	3
154	14	2
183	14	1
14	216	1
14	279	3
14	285	2
368	14	2
15	143	1
15	151	1
15	189	3
15	213	2
15	239	3
15	259	1
40	16	3
16	112	2
174	16	2
219	16	1
16	254	3
17	18	1
19	17	3
17	21	3
17	22	1
24	17	3
28	17	2
33	17	1
17	71	1
17	126	2
17	137	2
183	17	2
205	17	3
17	236	3
17	296	2
298	17	3
316	17	3
325	17	1
17	362	3
368	17	2
18	27	3
36	18	2
49	18	1
52	18	2
18	53	1
67	18	2
119	18	3
166	18	2
172	18	2
230	18	2
232	18	2
18	294	2
389	18	3
19	25	3
31	19	1
19	39	2
19	44	2
50	19	3
19	58	2
211	19	3
310	19	2
43	20	2
20	80	3
20	115	3
20	243	3
31	21	2
70	21	3
162	21	2
207	21	2
320	21	1
21	360	3
41	22	2
22	42	1
57	22	2
22	59	1
62	22	2
22	78	1
22	149	2
22	153	3
22	156	2
170	22	2
22	179	3
305	22	3
22	327	1
329	22	2
22	353	3
22	399	1
23	46	2
23	61	3
73	23	3
102	23	3
23	150	1
169	23	1
23	171	2
196	23	2
23	300	2
379	23	3
24	47	3
86	24	3
24	104	1
24	114	2
24	143	3
228	24	2
276	24	3
310	24	2
24	312	2
336	24	3
24	357	2
84	25	2
25	126	1
145	25	2
25	153	3
194	25	1
25	195	2
286	25	2
290	25	3
315	25	2
26	29	3
31	26	2
56	26	1
26	65	1
96	26	2
108	26	1
26	162	3
26	175	3
26	177	1
26	209	3
212	26	1
235	26	1
252	26	1
260	26	2
26	284	2
319	26	1
26	341	2
26	396	3
26	397	2
46	27	2
27	56	1
59	27	3
64	27	1
99	27	2
171	27	3
180	27	3
27	198	1
27	266	2
291	27	1
27	308	2
27	352	1
27	363	3
27	392	2
28	34	1
53	28	2
28	83	1
104	28	2
28	220	1
226	28	1
28	234	2
237	28	3
255	28	2
267	28	3
28	346	1
378	28	2
385	28	3
29	37	3
29	64	3
330	29	3
45	30	3
30	49	2
30	91	3
30	199	3
213	30	3
223	30	2
30	256	1
31	37	2
31	40	1
48	31	3
59	31	2
70	31	3
31	94	3
31	111	3
31	129	2
134	31	1
191	31	1
31	280	1
293	31	1
295	31	3
31	298	2
339	31	2
384	31	2
390	31	1
32	65	2
160	32	1
32	242	3
32	267	2
32	316	3
32	344	1
136	33	1
264	33	1
83	34	2
34	203	2
294	34	2
338	35	2
57	36	3
36	62	3
36	63	1
100	36	1
107	36	3
36	282	2
36	399	1
51	37	3
37	78	3
81	37	3
169	37	1
250	37	3
340	37	3
342	37	3
380	37	3
63	38	1
38	97	3
38	122	2
38	151	2
38	257	3
258	38	3
261	38	2
55	39	3
39	67	3
177	39	1
186	39	1
39	237	3
39	244	3
39	341	3
203	40	3
173	41	3
45	42	3
42	70	2
42	82	3
42	132	2
42	144	1
42	147	2
194	42	2
208	42	2
42	219	2
220	42	2
42	226	1
42	243	1
42	289	1
314	42	1
42	323	3
42	371	3
42	399	2
120	43	3
187	43	1
222	43	2
43	288	1
89	44	2
273	44	2
114	45	2
45	165	3
45	172	2
331	45	1
45	388	3
46	69	3
201	46	2
46	256	2
46	266	3
46	382	1
116	47	1
47	190	3
193	47	1
47	343	2
48	98	3
233	48	1
48	393	3
49	76	3
77	49	3
85	49	1
49	96	3
122	49	3
167	49	1
181	49	2
249	49	1
346	49	1
107	51	1
112	51	2
137	51	1
188	51	1
51	202	2
52	71	2
99	52	1
52	121	2
52	130	2
52	133	2
262	52	3
281	52	1
286	52	2
364	52	3
53	54	2
53	66	1
74	53	1
111	53	2
127	53	1
131	53	2
144	53	3
184	53	1
53	247	2
53	253	2
255	53	1
268	53	2
53	281	3
332	53	2
77	54	1
54	113	3
139	54	2
266	54	1
54	299	1
54	324	2
54	352	3
353	54	3
55	72	3
76	55	1
87	55	2
109	55	2
55	110	3
55	127	2
55	149	3
166	55	1
55	225	1
55	239	1
55	303	1
55	312	3
55	348	1
87	56	2
56	262	2
56	288	1
328	56	3
56	371	2
56	390	1
65	57	2
90	57	2
159	57	1
57	335	3
336	57	1
69	58	3
58	134	1
386	58	2
59	120	2
59	185	1
253	59	3
77	60	2
60	81	1
88	60	2
60	140	2
206	60	3
238	60	2
60	257	1
386	60	2
67	61	2
68	61	2
90	61	3
204	61	1
211	61	3
61	278	3
61	347	1
199	62	1
62	261	1
63	110	3
117	63	1
138	63	2
173	63	1
63	269	3
64	287	3
398	64	2
65	71	2
182	65	3
248	65	1
282	65	1
66	85	1
152	66	3
207	66	3
120	67	1
67	310	3
102	68	1
68	146	3
68	178	3
330	68	1
69	95	3
69	123	2
69	124	2
69	157	1
69	205	2
209	69	2
69	285	3
329	69	3
69	369	3
75	71	1
119	71	2
141	71	2
71	215	2
271	71	2
71	340	1
74	72	1
72	94	3
72	101	1
105	72	2
72	106	2
129	72	1
72	288	2
323	72	3
72	369	2
265	73	3
303	73	1
74	255	2
392	74	3
76	89	2
104	76	1
76	147	3
76	187	2
76	326	1
339	77	1
344	77	2
78	134	2
78	293	3
78	339	1
78	360	3
98	79	3
79	128	1
142	79	2
79	204	2
79	229	3
80	102	1
268	80	2
80	354	1
81	244	1
82	110	3
82	178	2
258	82	1
205	83	1
98	84	2
222	84	3
364	84	1
214	85	3
366	85	1
202	86	1
301	86	1
359	86	1
150	87	2
87	167	1
87	251	3
87	260	3
309	87	1
87	356	2
87	374	1
88	97	3
122	88	2
88	135	1
88	147	1
88	156	3
223	88	1
231	88	2
238	88	3
264	88	3
89	94	3
107	89	3
289	89	1
89	336	2
154	90	3
90	383	3
91	92	1
91	116	1
136	91	2
91	178	1
381	91	1
92	114	1
152	92	3
155	92	2
92	174	2
227	92	2
316	92	1
319	92	3
324	92	1
93	96	1
93	324	1
197	94	3
201	94	3
241	94	3
149	95	3
95	172	1
193	95	2
95	232	2
95	317	1
96	97	1
148	96	2
96	236	3
249	96	2
96	272	1
96	280	2
97	106	3
97	123	3
163	97	1
97	193	1
197	97	1
97	322	1
97	332	3
355	97	1
390	99	1
100	254	2
269	100	2
108	101	2
164	101	3
283	101	1
101	292	3
217	102	2
103	158	2
104	142	2
104	279	3
104	362	2
168	106	1
260	106	3
107	375	2
109	195	1
317	109	2
110	154	1
142	111	3
111	234	3
292	113	2
189	114	3
115	200	1
117	246	1
118	228	3
118	297	1
118	372	3
118	382	2
119	140	2
157	119	1
243	119	3
247	119	3
304	119	2
119	358	3
121	120	1
120	137	2
120	163	2
314	121	1
126	122	3
217	122	1
122	227	1
363	122	3
124	123	3
202	123	2
124	125	1
124	183	1
125	176	3
125	190	3
380	125	2
126	263	3
128	192	3
135	129	1
158	129	3
130	365	3
216	131	3
169	132	2
132	304	1
132	368	2
133	155	1
133	365	3
133	387	1
135	219	2
345	137	2
138	199	1
138	343	2
139	164	2
139	191	2
245	139	1
300	139	1
140	163	2
141	258	1
142	208	3
306	143	2
143	321	1
144	353	1
389	144	3
145	148	1
235	145	3
311	145	2
145	347	2
145	360	1
145	374	2
145	378	3
385	145	1
146	210	2
146	251	1
209	147	3
170	148	1
195	148	1
148	302	1
351	148	2
366	148	2
149	340	2
374	149	1
150	181	3
150	240	1
305	150	3
314	150	3
168	151	1
270	151	1
152	153	3
153	364	3
154	206	2
299	154	2
155	234	3
157	164	1
157	190	1
157	232	2
157	338	3
159	233	1
376	159	3
160	313	2
161	218	3
161	363	1
165	162	1
162	279	3
302	162	3
162	313	3
163	259	1
269	163	1
174	166	1
184	167	3
281	167	1
168	213	1
287	169	1
337	170	1
170	384	2
358	171	3
172	297	3
172	376	2
211	174	2
174	224	1
268	174	1
333	174	3
174	394	2
236	175	2
177	396	3
214	179	3
238	179	1
179	261	2
342	181	2
311	185	3
331	185	2
185	354	2
185	372	1
187	294	1
188	210	1
327	189	2
226	190	3
335	190	3
191	227	3
192	277	1
280	192	2
192	342	2
195	250	2
263	195	2
329	195	2
197	305	2
197	347	2
270	198	2
198	276	1
199	212	2
199	231	3
199	252	3
275	199	2
295	199	2
201	358	1
344	203	1
370	203	2
321	204	2
206	217	1
383	206	3
207	276	2
207	365	2
208	220	1
393	212	2
213	225	3
217	228	3
217	333	1
219	246	1
247	219	2
219	277	2
219	306	2
350	219	1
274	221	2
277	221	1
221	304	1
317	222	3
233	223	2
224	242	2
262	224	1
224	371	3
225	249	3
225	293	1
227	313	1
228	240	3
264	228	2
320	228	3
237	231	3
244	231	1
231	391	2
283	232	2
361	232	1
362	233	1
257	234	2
234	389	1
237	287	1
241	239	2
292	239	2
291	240	2
309	242	2
242	379	1
244	278	1
244	284	2
244	296	1
387	244	1
302	245	2
249	319	3
249	328	2
325	253	2
255	298	2
257	284	2
355	257	1
286	259	2
367	259	1
267	260	2
260	271	3
315	263	1
263	337	3
263	372	1
263	385	1
264	318	2
395	264	1
264	398	2
271	265	3
275	265	2
283	265	2
299	267	1
269	289	2
367	269	2
377	276	3
333	285	1
393	285	2
307	286	3
301	287	1
288	334	3
288	350	3
294	334	1
296	311	2
298	357	1
377	302	2
306	395	3
310	357	3
311	396	1
397	311	3
312	320	2
312	397	1
343	320	3
391	323	3
326	373	1
327	394	1
356	332	1
379	336	2
341	370	1
344	345	2
344	373	3
366	350	3
352	355	1
381	361	1
373	365	2
380	387	3
398	396	1
