0	1	2
0	2	3
0	3	1
4	0	3
0	6	1
0	7	2
0	8	2
0	9	3
0	10	1
12	0	1
0	13	1
0	16	2
17	0	3
19	0	2
21	0	2
22	0	3
27	0	1
0	36	2
42	0	1
0	44	2
45	0	2
47	0	3
0	48	2
0	57	3
59	0	2
62	0	3
63	0	2
64	0	3
0	65	2
67	0	1
70	0	3
0	72	3
87	0	3
91	0	2
95	0	2
0	99	2
0	121	1
124	0	2
0	141	2
148	0	1
157	0	3
0	159	2
162	0	3
172	0	3
178	0	3
193	0	1
0	198	3
200	0	1
201	0	2
0	219	2
0	220	3
224	0	3
0	235	1
0	244	1
0	245	3
0	247	1
0	248	1
268	0	2
0	272	3
277	0	3
0	285	3
313	0	3
315	0	2
0	328	3
342	0	2
356	0	1
0	358	2
0	365	3
366	0	1
387	0	1
0	388	2
398	0	1
1	2	3
1	3	1
5	1	3
12	1	1
15	1	1
1	19	1
27	1	2
1	28	2
29	1	3
39	1	2
44	1	1
1	56	1
58	1	3
65	1	1
1	71	1
1	76	1
1	81	2
1	96	2
1	127	2
132	1	1
175	1	3
231	1	3
242	1	2
252	1	3
261	1	1
266	1	2
1	295	3
1	349	2
361	1	2
1	379	1
2	3	3
4	2	3
5	2	2
2	14	1
2	18	3
19	2	2
2	35	3
41	2	2
50	2	3
2	58	2
2	67	2
76	2	2
2	86	3
89	2	3
2	106	1
111	2	1
135	2	2
176	2	2
2	182	2
190	2	1
211	2	1
248	2	1
2	313	3
2	316	1
317	2	3
4	3	2
3	5	2
7	3	3
3	8	1
3	9	3
10	3	2
11	3	2
3	15	2
3	17	1
3	20	1
28	3	1
3	30	1
3	31	3
40	3	2
3	43	2
3	44	2
50	3	1
52	3	3
3	53	1
55	3	2
73	3	1
3	77	3
3	80	3
3	97	1
101	3	2
107	3	1
108	3	1
115	3	3
3	116	3
120	3	2
3	121	3
122	3	3
130	3	2
3	133	3
3	166	3
3	188	2
3	195	3
3	203	1
206	3	2
3	212	3
220	3	2
3	221	2
228	3	2
241	3	3
3	249	1
3	264	2
3	267	2
3	288	1
3	353	2
364	3	2
367	3	2
373	3	1
3	388	1
4	6	1
7	4	2
4	20	2
23	4	3
33	4	3
37	4	2
50	4	3
4	51	1
4	58	3
4	109	2
4	117	2
4	119	3
4	123	1
4	147	1
4	159	2
4	311	3
5	6	2
5	8	2
5	9	1
5	10	3
5	12	3
14	5	3
5	18	3
26	5	3
5	38	3
43	5	1
5	75	2
5	85	1
86	5	3
5	90	2
96	5	3
5	97	1
5	100	1
5	107	2
152	5	3
5	164	3
5	171	3
206	5	3
287	5	1
5	345	2
362	5	1
5	393	2
6	11	2
16	6	3
6	21	3
6	25	2
30	6	3
6	56	1
78	6	3
82	6	1
6	125	1
136	6	1
6	152	2
185	6	2
6	209	1
6	219	1
244	6	2
249	6	1
6	275	2
277	6	3
332	6	3
6	342	2
6	363	3
6	370	2
15	7	3
7	18	2
38	7	2
7	39	3
52	7	1
7	84	2
92	7	1
7	121	2
7	126	2
7	226	2
7	345	2
33	8	2
8	46	2
8	48	1
57	8	3
88	8	2
8	94	1
101	8	3
115	8	3
166	8	3
174	8	3
215	8	1
8	263	2
288	8	3
8	293	2
351	8	3
9	13	2
9	14	1
22	9	3
23	9	3
9	30	1
9	51	1
9	93	1
215	9	2
234	9	1
255	9	1
265	9	2
353	9	1
356	9	1
361	9	2
9	368	1
395	9	3
10	11	1
10	13	2
16	10	2
10	22	2
25	10	1
10	27	1
10	29	1
39	10	3
10	42	2
10	49	1
67	10	3
10	81	1
134	10	2
10	167	3
168	10	1
207	10	2
212	10	3
217	10	2
278	10	1
10	324	2
336	10	3
376	10	2
10	378	2
397	10	3
11	49	2
89	11	2
11	128	1
11	191	3
194	11	2
11	208	3
214	11	3
248	11	3
11	360	1
11	376	1
20	12	3
31	12	3
36	12	3
12	113	3
12	142	3
12	143	3
144	12	3
171	12	3
12	209	1
217	12	2
12	338	3
394	12	1
13	32	3
40	13	1
82	13	3
165	13	2
216	13	2
234	13	1
247	13	3
326	13	2
355	13	2
360	13	2
14	46	1
53	14	1
80	14	1
14	105	1
108	14	3
134	14	3
152	14	1
14	232	2
14	239	1
14	251	2
268	14	2
273	14	1
285	14	2
345	14	2
15	17	3
15	25	1
15	28	1
32	15	2
15	49	3
63	15	1
15	183	3
236	15	3
254	15	1
15	263	2
15	279	2
336	15	1
370	15	3
399	15	3
16	24	3
16	89	3
98	16	3
105	16	2
108	16	3
114	16	1
16	155	1
16	160	1
16	162	2
170	16	3
16	172	1
16	184	1
16	207	1
16	228	2
282	16	3
16	284	1
21	17	3
17	26	2
31	17	2
32	17	2
47	17	2
64	17	2
69	17	1
17	149	3
17	156	2
182	17	3
243	17	3
17	246	3
260	17	3
275	17	3
319	17	1
17	320	2
17	322	2
343	17	3
17	399	2
24	18	2
18	33	2
18	47	2
79	18	1
117	18	3
125	18	3
212	18	1
256	18	3
327	18	1
18	334	3
18	366	1
19	23	2
26	19	1
19	34	3
38	19	3
19	54	3
63	19	3
83	19	2
19	113	2
131	19	1
139	19	3
208	19	3
35	20	2
20	311	1
21	74	2
116	21	2
21	147	2
21	169	2
199	21	3
259	21	1
390	21	3
34	22	2
37	22	2
61	22	1
22	66	3
128	22	2
22	285	2
22	293	1
22	295	1
331	22	3
23	24	2
23	62	3
23	85	2
96	23	2
23	131	2
23	169	3
195	23	3
23	221	3
232	23	2
23	264	2
23	286	1
322	23	2
364	23	2
388	23	1
29	24	1
35	24	1
24	92	3
95	24	3
24	132	3
24	137	3
24	184	1
242	24	2
259	24	3
24	360	2
36	25	1
60	25	1
65	25	2
78	25	3
25	87	2
25	94	2
119	25	2
25	122	1
270	25	1
25	358	3
26	90	1
128	26	2
238	26	1
26	250	2
260	26	3
368	26	2
27	41	1
99	27	3
131	27	1
223	27	2
27	318	3
28	100	3
141	28	3
28	205	3
278	28	3
28	324	3
332	28	1
34	29	2
29	53	3
29	68	2
29	81	1
29	109	2
29	133	1
180	29	2
198	29	3
29	211	2
29	229	1
29	239	3
29	389	2
30	69	3
31	46	1
31	54	1
57	31	3
31	100	1
31	150	3
163	31	1
31	192	3
31	213	3
31	258	1
31	262	2
31	292	3
297	31	1
309	31	3
31	333	3
31	335	2
31	340	2
353	31	1
31	356	3
32	37	3
41	32	3
32	69	3
75	32	1
32	76	2
78	32	2
32	82	3
83	32	3
110	32	2
32	124	2
126	32	3
132	32	2
32	144	3
32	209	1
257	32	1
32	283	3
290	32	2
32	291	2
300	32	2
376	32	2
33	48	3
33	79	3
84	33	2
33	173	3
33	252	1
33	377	2
34	61	2
86	34	2
93	34	1
97	34	3
155	34	3
34	169	2
174	34	3
34	190	3
34	214	2
34	251	1
34	271	2
312	34	1
34	396	3
42	35	3
35	56	1
111	35	2
114	35	1
137	35	2
35	309	2
348	35	3
35	357	2
64	36	3
73	36	2
36	189	1
36	227	2
36	364	1
37	52	3
37	75	1
37	164	2
269	37	3
37	303	3
308	37	1
366	37	1
38	54	1
38	83	3
216	38	3
278	38	1
279	38	3
39	40	2
43	39	2
39	60	1
74	39	2
39	80	3
93	39	1
110	39	1
39	254	2
274	39	3
342	39	3
40	55	2
40	184	1
41	59	2
72	41	2
41	98	3
41	106	2
41	109	2
120	41	1
41	138	1
41	167	1
280	41	3
45	42	1
42	55	3
42	61	2
62	42	2
70	42	2
164	42	3
42	173	2
42	202	2
42	283	1
42	301	1
305	42	1
43	45	2
43	91	3
243	43	2
43	339	1
44	88	1
145	44	3
179	44	2
44	240	2
44	246	1
275	44	2
44	277	1
293	44	2
289	45	1
45	300	2
339	45	2
45	397	2
46	59	3
179	46	3
46	208	3
46	385	3
110	47	1
47	187	1
47	211	3
251	47	2
66	48	2
48	68	2
48	87	1
48	103	3
48	115	2
116	48	3
129	48	3
48	158	3
191	48	3
197	48	3
271	48	1
333	48	1
49	79	2
49	84	2
49	106	1
49	119	3
49	141	3
49	153	2
49	161	3
288	49	1
292	49	2
49	301	2
49	304	3
51	50	3
50	68	2
50	71	3
50	99	1
50	111	3
50	114	1
123	50	2
179	50	3
186	50	1
213	50	2
50	222	2
74	51	3
135	51	2
276	51	2
332	51	1
341	51	2
158	52	1
291	52	1
53	85	2
98	53	1
53	112	2
140	53	1
53	223	3
53	296	1
53	330	3
355	53	2
53	375	1
53	384	2
174	54	2
54	178	3
54	181	2
54	218	1
222	54	2
226	54	2
370	54	3
55	238	1
290	55	1
374	55	1
56	66	2
56	70	3
181	56	2
56	185	2
56	188	2
56	197	1
56	304	1
352	56	1
57	71	3
118	57	2
57	168	3
57	297	2
60	58	3
77	58	3
58	102	3
165	58	3
58	172	3
180	58	2
58	344	1
58	372	2
72	59	1
59	90	1
104	59	1
59	117	3
59	142	1
196	60	3
202	60	2
60	373	1
103	61	2
120	61	2
61	150	3
177	61	2
217	61	1
61	219	1
61	289	3
61	296	1
61	348	2
136	62	2
62	138	1
145	62	2
62	323	1
63	77	3
113	64	3
64	182	3
64	306	3
65	326	2
66	73	1
66	92	3
104	66	1
66	125	2
166	66	3
306	66	1
66	321	2
344	66	2
67	95	3
67	139	1
67	177	3
237	67	3
335	67	3
367	67	3
68	153	1
68	158	3
68	160	1
163	68	1
68	235	2
68	329	1
343	68	2
68	389	2
118	69	3
130	69	1
171	69	1
69	177	2
186	69	2
232	69	3
325	69	1
70	144	1
205	70	3
371	70	3
385	70	1
71	118	2
136	71	2
225	71	1
228	71	3
323	71	2
382	71	3
72	104	3
72	123	2
149	72	1
73	88	2
186	73	3
73	231	2
73	379	3
74	135	1
143	74	3
374	74	1
74	375	3
74	392	2
130	75	1
75	193	3
112	76	2
127	76	2
76	225	2
307	76	3
77	201	1
78	129	2
213	78	2
328	78	3
78	359	3
79	187	2
234	79	3
334	79	2
200	80	2
236	80	1
375	80	2
81	192	2
94	82	3
101	82	1
126	82	1
82	161	3
346	82	2
371	82	1
82	381	3
91	83	3
139	83	1
83	146	1
83	147	3
161	83	2
194	83	2
83	237	2
252	83	1
262	83	2
142	84	2
150	84	1
84	167	1
84	201	1
393	84	1
85	134	3
146	85	1
85	176	2
85	239	1
250	85	1
397	85	1
86	102	1
127	86	1
86	140	1
156	86	2
215	86	2
86	273	3
331	86	2
336	86	3
88	103	1
281	88	3
306	89	3
90	200	1
90	204	1
246	91	2
102	92	2
133	92	3
180	92	1
92	274	1
92	302	2
347	92	2
398	92	3
137	93	1
93	140	3
93	338	1
382	93	3
250	94	3
94	378	1
95	107	1
95	298	3
95	307	1
146	96	3
96	192	1
257	96	3
97	154	3
97	352	1
143	98	2
98	310	2
105	99	2
124	99	1
183	100	2
291	100	3
317	100	1
100	365	1
102	270	2
255	106	1
122	107	1
168	107	1
107	225	1
107	311	1
170	108	1
203	108	3
265	108	3
273	108	3
108	294	2
108	377	3
391	108	2
109	153	1
299	109	1
313	109	3
109	396	3
112	110	3
110	163	2
110	214	3
110	233	3
241	110	1
299	110	2
110	321	2
110	322	1
110	349	1
110	357	3
178	112	3
199	112	2
113	155	3
162	114	3
194	114	1
114	218	2
160	115	1
188	116	2
253	116	1
170	117	3
230	117	3
117	258	1
316	117	3
381	117	2
231	118	2
362	119	3
120	315	1
120	367	2
122	312	1
157	123	1
222	123	2
236	123	1
394	123	1
181	124	1
240	124	2
253	124	3
125	197	3
276	125	1
289	125	3
391	125	2
129	126	1
341	126	3
346	126	2
127	151	1
235	127	1
337	127	1
395	127	1
128	138	3
128	204	1
224	128	1
128	300	3
308	128	1
329	128	3
128	386	1
145	129	1
130	149	1
272	131	2
132	157	1
132	206	1
220	132	3
132	282	2
132	310	2
327	132	2
352	132	2
132	354	2
133	185	3
133	292	1
133	298	1
362	133	1
134	148	2
134	189	3
254	134	2
271	134	1
135	330	3
333	135	1
135	381	1
136	230	2
137	151	2
165	137	2
207	137	1
299	137	2
137	314	3
191	138	2
138	316	2
151	139	1
139	175	1
324	139	2
140	264	1
267	140	3
297	140	3
140	365	1
390	140	2
141	204	3
148	142	3
142	281	2
143	283	1
196	144	3
240	144	1
257	144	2
144	294	3
144	308	2
340	144	2
361	145	3
363	145	2
202	146	1
156	147	3
147	176	3
286	147	1
148	154	2
148	314	1
149	154	1
149	276	3
149	396	2
241	150	2
150	243	3
379	150	3
152	173	3
153	205	3
154	159	2
238	154	3
154	343	1
350	154	1
229	156	1
226	157	2
230	157	3
158	302	3
190	159	2
160	237	1
267	160	2
347	160	1
253	161	1
319	161	1
193	162	2
162	265	3
310	163	2
165	227	1
165	244	2
166	210	3
282	167	3
339	167	3
210	169	1
170	351	3
274	171	2
171	294	2
196	172	2
183	173	2
173	187	3
173	198	1
173	287	3
363	173	2
173	387	2
175	174	1
323	176	2
369	176	2
392	176	2
195	177	2
203	178	2
180	266	3
309	181	3
182	189	1
249	182	3
269	183	3
183	319	3
184	298	3
233	185	1
302	185	2
315	185	3
185	329	1
338	188	3
189	245	1
190	218	1
216	192	3
192	314	1
195	210	3
199	198	2
198	224	3
199	245	2
202	312	1
260	204	1
373	204	1
221	206	1
207	328	1
208	227	1
210	229	2
210	270	1
284	210	1
211	256	1
266	211	1
325	211	3
213	223	1
213	359	3
383	215	1
216	261	2
304	216	2
326	217	2
255	219	3
279	219	1
220	233	1
220	272	3
221	268	3
221	281	1
305	221	1
221	354	1
222	247	2
222	395	3
378	223	3
256	224	2
224	290	3
225	258	3
225	261	1
358	225	3
225	384	1
337	227	2
377	229	1
236	286	2
242	239	2
320	240	2
384	240	3
245	280	1
383	245	3
259	246	2
340	249	3
390	249	2
250	296	2
331	252	1
287	253	3
254	348	3
255	263	1
284	255	1
256	349	3
257	318	2
257	327	3
257	351	3
259	262	3
263	374	1
280	264	3
265	269	1
303	267	3
267	318	2
337	267	2
268	301	1
268	386	1
380	270	2
274	341	2
275	307	2
295	276	1
276	305	2
277	335	1
279	303	1
282	386	1
282	387	2
320	286	1
286	382	2
350	287	2
371	287	1
287	394	2
288	317	1
389	293	3
380	294	3
359	295	3
391	296	2
297	354	2
297	355	1
372	297	3
298	369	2
385	303	1
347	306	1
308	346	3
334	312	1
330	313	2
368	316	1
317	398	1
357	318	2
319	321	3
383	321	3
325	324	2
329	369	2
336	344	2
342	372	3
346	350	1
346	380	3
358	393	1
365	399	1
387	392	3
