1	0	2
0	2	1
0	3	3
0	4	2
5	0	1
0	6	3
7	0	3
0	14	2
15	0	2
16	0	1
18	0	3
22	0	3
0	23	2
0	24	1
31	0	3
33	0	1
37	0	3
39	0	3
0	41	2
42	0	3
45	0	2
0	46	3
0	48	3
49	0	3
56	0	2
0	57	3
65	0	2
66	0	1
67	0	2
68	0	1
0	69	3
72	0	2
87	0	1
109	0	2
0	112	1
118	0	3
0	121	3
0	173	1
180	0	2
0	182	1
0	192	2
193	0	2
196	0	2
206	0	1
229	0	2
0	231	2
233	0	3
234	0	3
236	0	1
0	258	3
260	0	1
265	0	2
0	268	3
288	0	2
291	0	1
0	295	3
0	317	1
330	0	1
0	336	2
352	0	2
0	376	2
387	0	3
391	0	3
2	1	1
1	3	2
1	4	2
1	6	3
8	1	1
9	1	2
10	1	1
11	1	2
15	1	1
17	1	3
1	20	1
24	1	3
1	28	3
29	1	1
1	35	2
1	42	1
1	51	1
1	55	2
56	1	3
1	60	1
1	68	2
73	1	1
75	1	2
1	78	2
1	85	2
1	86	1
94	1	2
1	97	3
100	1	1
103	1	1
1	104	3
1	112	1
116	1	3
1	119	3
125	1	3
155	1	3
1	157	1
1	179	1
207	1	1
216	1	2
1	221	1
239	1	2
242	1	1
1	246	2
1	255	1
1	261	2
289	1	1
291	1	2
292	1	2
1	294	1
1	354	3
1	370	2
395	1	1
2	3	3
2	4	3
5	2	3
10	2	2
2	11	3
2	12	1
2	49	1
62	2	1
67	2	1
2	79	1
2	80	3
2	82	1
2	83	1
90	2	3
2	98	1
2	116	3
137	2	1
2	146	2
2	152	1
175	2	2
196	2	1
216	2	3
246	2	3
248	2	1
2	312	2
2	314	1
354	2	1
2	368	1
2	374	1
2	375	3
2	397	2
3	5	1
3	8	1
3	9	1
14	3	3
3	22	2
3	36	3
48	3	1
3	64	3
65	3	1
76	3	2
3	77	1
81	3	3
3	130	3
3	135	1
3	152	3
3	158	2
173	3	2
178	3	2
3	241	1
3	244	3
265	3	3
3	276	2
280	3	1
285	3	1
3	326	2
3	332	2
339	3	1
367	3	1
4	6	2
4	7	3
4	8	1
12	4	1
13	4	1
18	4	3
25	4	1
4	27	2
4	29	3
30	4	1
4	53	2
4	60	3
69	4	3
70	4	2
4	71	1
76	4	3
114	4	3
115	4	1
4	133	1
4	139	2
4	171	3
4	173	2
219	4	1
238	4	2
4	251	3
4	254	3
263	4	1
275	4	3
4	285	2
288	4	1
320	4	1
4	321	2
4	336	3
345	4	1
355	4	3
362	4	3
372	4	2
7	5	1
5	9	1
15	5	1
5	16	3
19	5	1
5	25	2
26	5	1
61	5	2
63	5	3
5	89	1
5	95	3
128	5	2
5	153	2
203	5	2
210	5	3
5	222	2
224	5	1
243	5	3
5	255	3
5	283	1
5	301	2
5	303	3
5	332	2
5	351	2
358	5	2
5	372	3
397	5	1
6	21	2
6	24	3
79	6	3
6	140	1
183	6	2
6	197	3
205	6	1
6	215	1
219	6	3
6	220	2
273	6	1
284	6	3
322	6	3
6	377	2
392	6	3
7	10	2
7	23	1
7	35	3
7	38	1
7	54	1
7	58	3
7	68	1
103	7	2
7	110	3
7	145	3
213	7	3
7	281	2
282	7	3
7	314	1
7	365	2
8	11	2
8	12	2
14	8	3
18	8	3
8	19	2
8	20	1
21	8	2
8	28	1
30	8	2
34	8	1
8	37	3
8	45	3
63	8	3
8	70	3
71	8	2
80	8	2
8	93	1
119	8	1
8	128	1
8	141	3
159	8	1
183	8	3
185	8	3
8	191	3
267	8	2
8	279	3
299	8	3
8	317	2
8	325	1
8	337	2
341	8	3
8	344	3
347	8	1
9	13	2
9	16	2
9	19	3
9	31	2
9	35	1
9	38	1
42	9	3
9	44	3
47	9	1
72	9	3
9	73	2
77	9	2
9	78	2
9	81	1
9	88	2
110	9	3
133	9	3
143	9	1
178	9	2
222	9	1
9	242	2
269	9	3
272	9	3
9	378	1
10	21	1
10	81	1
83	10	3
10	84	1
10	134	3
10	241	3
10	255	3
10	271	1
365	10	3
10	389	1
11	17	3
11	32	1
11	33	2
34	11	1
11	46	3
11	54	2
56	11	3
62	11	3
102	11	3
106	11	3
11	111	3
117	11	3
11	134	2
11	142	3
11	149	1
11	156	2
192	11	3
11	212	2
11	216	3
221	11	3
226	11	1
11	228	3
11	239	1
258	11	3
278	11	3
11	291	1
11	316	1
11	349	2
356	11	2
12	13	3
23	12	1
12	29	1
30	12	1
43	12	2
12	45	1
64	12	2
12	70	2
71	12	1
12	82	2
92	12	2
12	100	1
104	12	3
12	115	2
126	12	1
149	12	2
12	163	2
12	164	3
12	171	3
12	176	2
182	12	3
189	12	3
12	202	2
217	12	1
12	218	1
233	12	1
240	12	2
262	12	2
271	12	1
283	12	2
292	12	2
318	12	2
337	12	2
12	343	3
12	374	3
380	12	2
399	12	3
13	26	1
13	43	2
13	58	2
356	13	2
357	13	1
13	364	1
13	388	3
396	13	1
34	14	2
62	14	3
117	14	2
14	170	1
179	14	2
187	14	2
14	215	1
14	247	1
353	14	1
15	17	3
15	20	3
15	26	2
15	37	2
15	39	3
40	15	2
15	41	3
59	15	2
15	60	1
15	91	3
15	107	2
118	15	1
151	15	2
162	15	2
166	15	2
211	15	3
15	228	2
243	15	3
319	15	2
15	349	1
375	15	2
27	16	2
36	16	2
16	44	2
16	113	2
140	16	1
16	149	2
172	16	2
16	266	2
16	279	3
283	16	2
307	16	2
16	353	1
17	22	1
50	17	3
67	17	2
91	17	2
17	125	1
17	136	1
193	17	1
17	199	2
273	17	1
17	277	3
17	333	2
18	32	1
43	18	2
58	18	3
84	18	2
18	98	2
18	119	3
18	127	3
155	18	3
18	169	2
170	18	1
209	18	1
18	224	2
18	225	3
27	19	3
19	38	2
19	59	3
99	19	3
19	181	1
19	261	2
20	25	2
20	53	3
214	20	2
20	235	1
247	20	2
20	256	2
20	288	2
310	20	1
381	20	3
33	21	2
21	44	3
21	50	2
21	88	3
143	21	1
157	21	2
181	21	2
245	21	3
248	21	1
315	21	3
355	21	1
359	21	3
31	22	3
40	22	3
22	84	3
123	22	1
22	132	1
136	22	1
194	22	1
22	230	3
47	23	2
66	23	3
23	76	3
23	93	1
105	23	2
137	23	2
23	144	1
172	23	1
198	23	2
211	23	1
23	240	3
267	23	2
23	290	2
314	23	3
40	24	3
51	24	2
24	64	2
89	24	2
99	24	2
24	104	3
124	24	1
24	150	1
190	24	2
24	194	3
24	316	3
24	325	2
24	353	1
28	25	3
25	242	1
25	289	1
55	26	2
131	26	3
248	26	2
27	32	2
27	46	1
52	27	2
74	27	2
27	114	2
27	141	3
147	27	1
201	27	2
27	327	2
384	27	1
28	52	1
28	72	2
28	103	3
28	172	1
191	28	2
28	294	3
306	28	3
28	320	1
28	379	2
52	29	1
29	77	3
29	97	1
29	105	3
29	154	2
29	204	1
223	29	2
29	335	3
363	29	2
29	371	1
304	30	3
333	30	3
31	50	1
31	88	2
122	31	2
125	31	1
31	257	2
32	36	1
32	55	3
32	148	3
32	347	1
33	284	2
34	47	1
57	34	2
34	75	3
113	34	1
34	120	2
34	123	3
129	34	1
165	34	1
167	34	1
34	200	3
204	34	2
34	225	2
34	285	3
303	34	3
34	307	3
34	383	3
35	39	3
35	90	2
92	35	3
151	35	2
166	35	3
35	177	1
35	210	2
35	214	2
35	276	1
297	35	2
35	321	2
160	36	1
229	36	2
36	238	1
36	245	1
36	260	1
393	36	3
37	41	2
37	101	3
174	37	1
37	256	3
37	268	2
37	304	3
238	38	1
296	38	1
38	346	1
51	39	1
267	39	2
300	39	1
53	40	1
80	40	1
40	117	1
275	40	1
40	368	3
41	66	2
41	94	2
148	41	1
150	41	2
239	41	1
341	41	3
350	41	2
41	371	3
398	41	1
74	42	3
42	109	2
42	158	3
249	42	2
42	311	2
59	43	2
43	69	3
92	43	3
206	43	3
43	299	2
44	48	1
49	44	2
44	54	2
44	65	2
83	44	2
44	109	3
44	115	1
121	44	2
44	138	3
140	44	1
44	141	3
147	44	3
44	153	3
211	44	2
225	44	3
236	44	2
44	265	1
270	44	3
274	44	3
44	323	1
188	45	3
47	108	1
47	133	3
200	47	3
47	313	3
323	47	2
348	47	2
47	354	3
382	47	2
48	63	1
338	48	1
61	49	2
49	188	2
247	49	2
364	49	2
380	49	2
113	50	3
130	50	2
50	168	2
179	50	1
50	240	1
387	50	1
86	51	2
51	159	1
163	51	2
51	328	2
361	51	2
52	90	1
52	97	3
102	52	3
107	52	1
52	169	1
170	52	3
52	197	3
221	52	3
309	52	1
52	362	1
53	57	2
144	53	3
174	53	1
61	54	2
110	54	2
132	54	1
195	54	3
54	204	3
304	54	3
332	54	2
54	348	3
363	54	1
75	56	3
85	56	2
89	56	1
96	56	3
56	101	2
136	56	1
56	142	3
56	143	1
154	56	3
165	56	1
210	56	2
56	213	2
215	56	1
224	56	1
56	269	2
271	56	1
286	56	1
56	373	3
57	87	2
57	209	2
223	57	2
58	73	2
58	122	1
175	58	1
58	201	3
58	212	1
387	58	3
59	319	1
74	60	2
61	78	1
61	108	3
61	120	1
220	61	3
61	234	1
61	377	2
61	394	3
174	62	1
182	62	2
296	62	3
62	317	2
95	63	1
63	106	3
107	63	2
124	63	2
127	63	3
63	135	3
138	63	3
63	145	1
146	63	3
63	167	3
195	63	1
63	214	3
63	253	1
275	63	1
63	350	3
114	64	1
64	231	3
64	235	3
262	64	1
64	340	2
65	191	1
65	207	3
65	251	2
66	82	1
66	102	3
137	66	3
144	66	3
66	218	3
273	66	3
327	66	3
66	358	1
359	66	2
386	66	1
94	67	3
223	67	1
295	67	2
161	68	2
274	68	2
68	286	3
308	68	1
329	68	1
342	68	1
184	69	2
69	299	1
70	79	1
70	139	1
230	70	1
70	233	2
237	70	2
70	276	3
310	70	1
338	70	2
98	71	2
121	71	3
126	71	2
71	128	3
130	71	3
71	131	3
71	180	3
71	186	1
208	71	2
227	71	3
269	71	2
71	306	3
71	310	1
303	72	3
337	72	1
73	85	3
73	86	2
93	73	1
73	95	1
73	96	3
108	73	3
129	73	2
160	73	2
73	178	1
74	250	1
389	74	2
75	87	2
75	111	2
75	165	3
75	257	3
296	75	2
302	75	2
76	106	1
76	371	3
379	76	3
335	78	3
79	127	3
79	171	2
79	218	1
91	81	3
81	184	3
193	81	1
81	382	2
82	289	1
82	308	2
82	356	1
112	83	3
83	348	3
84	138	2
160	84	2
187	84	2
84	298	2
394	84	1
142	85	1
161	85	3
355	85	2
86	99	3
156	86	1
86	176	2
200	87	2
375	87	2
88	96	1
189	88	1
88	301	1
357	88	3
134	89	3
139	89	1
205	89	1
208	89	2
234	89	3
237	89	3
89	256	3
89	313	2
146	90	1
90	339	2
92	122	2
92	145	2
92	198	2
101	93	1
93	277	2
290	93	1
305	93	3
305	94	3
95	100	2
111	95	2
157	95	3
95	197	1
95	199	2
213	95	3
347	95	3
95	369	3
95	399	1
163	97	3
97	388	1
98	154	1
98	202	3
98	280	1
390	98	2
105	99	3
99	120	3
164	99	1
186	99	1
99	187	2
198	99	2
99	203	3
206	99	3
99	235	1
99	284	2
99	309	1
100	116	2
100	129	2
100	220	3
100	230	1
100	302	1
148	102	3
102	228	2
103	131	3
103	164	2
226	103	2
104	118	3
126	104	2
104	245	3
159	105	2
180	105	1
135	106	1
158	107	1
274	107	3
327	107	1
153	108	2
108	169	1
184	108	1
202	108	2
108	207	2
264	108	3
108	378	2
108	385	2
212	109	1
109	294	2
109	323	3
370	109	2
110	190	1
253	110	2
110	311	3
208	112	3
113	177	1
113	244	1
384	113	3
114	328	1
114	333	3
115	124	3
155	115	1
116	132	2
152	116	3
185	116	1
192	117	1
117	278	1
118	227	1
118	262	1
118	399	1
122	123	1
205	122	2
383	122	1
398	122	1
123	217	3
250	125	2
125	328	1
342	125	1
125	390	3
322	127	1
127	361	1
150	129	2
203	129	2
129	281	2
129	306	2
131	156	3
131	315	2
132	194	1
259	134	1
135	334	2
138	147	2
138	162	1
138	167	3
209	138	2
312	138	2
366	138	3
139	181	3
139	374	3
140	168	3
142	277	1
282	142	2
360	142	2
168	144	1
252	144	3
144	331	3
145	161	2
166	145	1
145	324	1
151	147	1
190	148	3
162	149	2
151	259	3
151	381	3
186	152	3
201	152	1
152	222	2
152	266	1
152	321	2
152	342	3
352	152	2
153	302	1
395	153	3
322	155	1
325	156	3
227	158	1
158	316	3
159	195	2
175	160	2
160	254	1
162	185	2
162	189	1
162	241	1
270	162	1
162	398	1
176	163	1
163	232	2
163	360	3
163	366	3
163	389	1
385	165	2
386	165	2
165	388	1
166	244	2
249	166	1
167	226	1
263	167	1
252	168	3
168	391	3
232	169	2
169	329	2
243	170	1
366	170	1
172	315	1
320	172	1
173	281	2
174	177	2
259	174	1
394	174	1
188	175	2
175	229	1
177	300	1
178	183	3
384	178	2
305	180	1
351	181	1
279	186	1
199	187	1
252	187	1
187	266	2
217	189	3
190	287	1
335	191	1
196	192	1
192	264	1
193	261	3
232	196	3
367	196	1
197	391	3
264	198	3
249	199	2
331	199	1
200	312	2
204	345	2
205	219	2
231	206	3
206	324	1
365	210	2
211	382	2
212	307	3
212	319	1
383	212	3
367	213	2
326	214	1
214	385	1
217	396	3
221	236	2
221	251	2
221	287	3
297	221	2
221	369	2
301	222	3
313	223	2
226	258	3
293	226	1
227	254	3
290	227	1
227	298	1
386	227	3
228	357	3
237	229	2
246	229	2
229	250	1
229	257	1
343	229	3
229	351	3
230	263	1
230	393	2
231	270	3
272	231	2
231	390	3
232	352	1
233	280	2
297	234	1
235	282	1
344	235	1
236	260	2
236	330	3
368	236	2
278	237	2
240	295	2
240	380	1
338	241	3
242	253	1
370	244	3
245	286	1
309	249	1
346	249	3
360	251	3
329	252	1
292	254	3
372	255	1
379	255	3
261	272	1
263	373	1
300	264	1
268	265	2
265	330	2
267	359	1
268	363	3
293	269	2
343	269	3
270	298	2
272	378	3
274	326	2
274	361	3
276	318	3
276	340	3
276	397	3
287	277	1
277	308	2
293	279	3
280	339	2
350	287	3
290	331	1
336	293	2
295	381	2
311	299	2
334	299	3
303	345	2
373	306	1
340	314	3
346	316	3
317	318	1
324	317	1
319	376	3
323	341	2
323	392	2
377	329	2
331	349	3
334	332	2
338	364	2
344	339	3
369	339	3
362	342	1
349	358	1
392	350	2
395	360	3
364	376	3
393	365	3
389	396	3
