1	0	2
0	2	3
0	3	2
4	0	2
5	0	1
6	0	3
7	0	1
0	8	3
11	0	2
0	12	3
0	13	3
0	15	2
0	20	2
22	0	1
25	0	2
0	27	3
0	37	3
38	0	1
42	0	1
0	43	1
44	0	2
45	0	2
58	0	1
0	59	1
60	0	1
0	73	2
0	74	3
0	77	1
0	93	1
0	103	3
0	113	2
117	0	3
121	0	2
153	0	1
180	0	1
184	0	1
0	201	3
0	206	2
0	209	3
0	214	1
0	220	1
0	222	2
0	238	1
275	0	2
0	296	2
0	301	1
310	0	2
312	0	1
0	313	3
0	327	3
328	0	1
0	331	2
341	0	2
346	0	3
352	0	3
390	0	1
393	0	3
0	397	2
2	1	2
3	1	2
4	1	2
5	1	2
1	6	1
1	8	3
1	9	3
1	11	2
1	14	1
15	1	1
1	16	3
22	1	1
1	23	1
1	27	3
32	1	2
1	35	2
36	1	2
1	38	3
40	1	1
1	41	1
1	45	3
50	1	1
1	54	1
1	55	3
1	56	3
1	57	3
60	1	1
1	62	1
63	1	3
65	1	2
1	67	1
1	68	1
1	82	2
1	84	2
85	1	2
86	1	1
1	89	2
95	1	3
1	100	3
1	107	3
1	109	1
115	1	3
119	1	3
120	1	1
1	122	3
1	126	1
130	1	1
1	134	2
136	1	2
1	143	1
146	1	2
148	1	3
1	151	1
1	158	1
159	1	1
166	1	2
167	1	1
1	182	2
192	1	2
195	1	2
1	206	1
213	1	1
1	217	2
1	248	1
251	1	3
1	253	1
255	1	3
1	266	1
271	1	3
275	1	1
278	1	2
1	300	2
1	311	1
1	313	3
1	315	3
319	1	2
321	1	3
326	1	3
333	1	3
1	336	2
347	1	2
1	353	2
1	361	2
1	365	1
1	370	1
372	1	1
1	377	1
1	379	2
382	1	2
1	383	1
2	3	2
2	5	1
2	10	2
2	16	3
23	2	2
29	2	3
37	2	2
2	58	1
2	93	2
2	108	2
2	199	2
287	2	2
2	392	2
3	4	2
3	7	1
9	3	2
10	3	3
3	12	2
27	3	1
28	3	2
32	3	1
36	3	1
38	3	1
3	41	2
42	3	2
53	3	3
3	54	1
3	64	2
3	71	1
75	3	2
3	84	2
3	101	3
112	3	2
120	3	2
3	130	3
138	3	1
148	3	3
159	3	2
3	173	2
3	188	3
206	3	1
3	211	3
232	3	2
3	233	1
3	234	1
3	253	2
3	256	1
261	3	1
264	3	3
3	267	2
3	274	1
280	3	2
3	283	3
285	3	2
3	290	2
297	3	3
318	3	2
325	3	3
361	3	1
365	3	2
379	3	3
382	3	3
3	391	3
4	6	2
7	4	1
13	4	1
14	4	2
20	4	1
30	4	1
4	72	2
4	74	1
4	95	2
102	4	1
4	127	2
147	4	3
4	184	2
4	207	3
4	230	2
258	4	1
326	4	3
4	338	1
369	4	1
4	372	2
379	4	1
17	5	3
5	49	3
5	57	2
87	5	2
5	132	1
5	171	3
194	5	1
212	5	3
217	5	2
243	5	2
345	5	2
14	6	3
6	21	3
51	6	3
52	6	1
53	6	1
6	72	3
141	6	3
166	6	1
196	6	2
286	6	2
6	340	2
6	388	1
7	8	3
9	7	1
32	7	2
7	51	3
7	52	1
7	58	2
7	73	2
7	79	1
86	7	3
7	94	2
98	7	3
7	99	2
124	7	3
160	7	2
173	7	1
178	7	3
185	7	1
7	195	3
204	7	2
7	208	1
218	7	3
7	235	3
236	7	1
7	278	2
7	299	3
7	305	3
7	312	1
7	342	3
7	343	2
7	374	2
395	7	2
8	67	1
8	144	3
9	10	3
11	9	2
17	9	1
9	26	1
29	9	2
9	39	2
9	40	2
51	9	2
53	9	3
9	56	2
9	65	3
9	69	3
71	9	1
78	9	3
104	9	2
9	113	1
169	9	1
172	9	3
9	185	2
250	9	1
9	254	2
258	9	3
9	304	2
309	9	3
9	326	3
344	9	1
9	349	1
13	10	3
15	10	1
16	10	1
37	10	1
83	10	2
10	291	2
315	10	1
336	10	3
10	352	1
10	356	2
12	11	2
19	11	3
11	28	2
41	11	1
50	11	2
66	11	1
11	154	1
175	11	2
227	11	3
231	11	3
11	307	3
11	339	3
11	371	2
11	393	2
18	12	1
12	20	1
12	25	1
45	12	2
49	12	1
67	12	1
69	12	1
12	77	3
12	81	2
82	12	1
105	12	2
12	111	2
132	12	2
158	12	3
167	12	1
12	168	2
12	180	2
195	12	2
197	12	1
216	12	3
12	230	3
12	377	3
387	12	2
13	24	3
13	36	2
13	39	3
47	13	2
59	13	1
13	68	2
13	86	1
113	13	3
114	13	2
13	117	2
13	126	3
156	13	3
13	180	1
191	13	3
245	13	3
247	13	3
258	13	2
322	13	1
332	13	2
13	337	1
13	380	1
392	13	3
19	14	1
46	14	2
14	88	1
14	116	3
14	152	2
14	160	1
235	14	3
14	237	3
309	14	3
14	317	3
14	337	1
15	31	1
34	15	1
71	15	2
15	81	1
15	83	2
15	85	1
154	15	3
162	15	3
183	15	1
193	15	3
246	15	1
15	265	3
15	364	1
366	15	2
15	397	2
16	17	2
18	16	3
19	16	2
16	21	2
22	16	3
16	26	2
16	28	3
16	40	2
61	16	1
16	89	2
105	16	3
109	16	2
110	16	2
133	16	1
16	147	2
16	154	3
16	194	1
16	207	3
16	222	1
16	224	3
261	16	1
329	16	2
16	378	3
17	18	1
17	23	3
17	35	1
17	47	2
17	104	2
17	155	1
164	17	2
17	189	2
203	17	1
210	17	2
218	17	2
17	236	1
249	17	2
366	17	2
21	18	3
24	18	1
26	18	1
18	33	3
18	50	3
56	18	2
18	78	1
18	108	3
118	18	3
18	140	1
163	18	2
18	260	3
279	18	3
293	18	2
18	306	3
34	19	1
64	19	1
70	19	3
19	82	3
19	107	2
19	128	1
149	19	3
19	240	3
24	20	1
20	31	3
35	20	3
83	20	1
84	20	2
20	101	2
118	20	2
20	145	1
20	186	1
205	20	3
20	228	1
282	20	3
20	296	1
315	20	2
367	20	3
369	20	1
20	384	2
21	30	2
21	46	1
21	48	1
21	106	2
21	198	1
241	21	1
21	254	2
21	282	2
286	21	1
299	21	2
334	21	2
21	338	1
22	39	3
97	22	3
132	22	3
284	22	3
368	22	2
374	22	2
25	23	3
23	34	3
23	42	2
23	47	3
62	23	3
23	70	1
23	88	2
23	95	3
23	111	3
137	23	1
140	23	2
23	376	2
30	24	1
78	24	2
94	24	3
131	24	2
162	24	3
176	24	1
24	269	1
24	291	1
24	343	3
24	349	3
360	24	1
365	24	1
25	31	1
128	25	3
219	25	2
26	87	2
112	26	1
119	26	3
124	26	3
26	182	2
26	202	3
213	26	2
237	26	3
238	26	2
375	26	1
376	26	1
26	386	1
27	303	1
28	29	3
28	43	3
28	57	1
90	28	3
92	28	2
144	28	2
153	28	3
28	192	1
28	202	3
28	340	2
29	80	3
110	29	1
184	29	2
211	29	2
29	212	3
29	214	1
221	29	3
223	29	1
276	29	1
334	29	1
44	30	1
46	30	3
30	59	3
60	30	2
30	63	1
79	30	2
30	130	2
30	171	3
231	30	3
275	30	1
310	30	2
30	345	3
30	369	1
33	31	1
31	43	3
31	90	2
97	31	1
31	151	3
31	189	2
31	249	2
31	274	3
386	31	3
32	33	1
90	32	1
32	396	1
200	33	1
213	33	1
33	214	1
248	33	2
34	146	2
35	52	3
35	100	3
35	291	3
35	319	2
335	35	1
342	35	1
317	36	1
37	48	2
55	37	2
37	61	2
75	37	2
37	79	1
37	91	2
37	103	1
115	37	1
123	37	2
37	124	1
163	37	3
37	174	1
37	179	1
211	37	3
37	216	2
37	344	1
364	37	3
38	44	1
38	88	3
298	38	2
39	48	1
93	39	1
133	39	3
39	149	3
192	39	1
39	257	1
39	288	3
181	40	1
41	70	2
76	41	1
87	41	3
41	106	3
166	41	3
41	187	3
204	41	1
41	251	3
384	41	3
144	42	3
145	42	1
165	42	2
175	42	1
197	42	1
255	42	2
42	269	1
283	42	2
43	118	2
43	142	2
197	43	3
208	43	1
43	273	1
286	43	1
43	320	2
68	44	1
85	44	2
150	44	2
44	155	3
44	181	1
350	44	3
64	45	3
45	65	3
69	45	2
76	45	2
98	45	2
120	45	1
45	170	1
45	193	1
45	249	2
335	45	3
49	46	1
66	46	3
46	76	3
254	46	1
265	46	2
266	46	1
102	47	2
128	47	2
247	47	2
262	47	3
47	294	1
324	47	1
332	47	2
48	61	3
48	74	1
161	48	1
48	175	1
233	48	3
312	48	1
359	48	1
49	55	1
49	282	1
49	357	3
54	50	1
50	75	1
50	274	2
99	51	3
134	51	3
51	177	2
51	268	2
51	362	1
152	52	1
52	183	2
196	52	2
52	227	2
52	277	2
91	53	2
257	53	2
54	73	1
54	102	3
139	54	1
54	328	2
362	54	2
98	55	2
110	55	1
142	55	1
165	55	2
174	55	2
179	55	1
55	201	2
55	205	2
55	208	2
219	55	1
55	228	3
353	55	2
63	56	3
103	56	2
150	56	1
183	56	2
56	199	1
244	56	2
56	327	2
359	56	1
294	57	2
57	323	2
96	58	3
72	59	1
112	59	2
59	135	3
60	62	2
66	60	3
107	60	1
116	60	3
121	60	1
60	161	3
60	162	2
60	169	2
178	60	2
60	187	2
203	60	2
226	60	2
229	60	1
60	231	1
60	232	3
60	243	2
60	251	1
271	60	3
60	272	3
60	391	3
393	60	3
399	60	3
80	61	2
61	189	3
61	215	2
351	61	3
61	376	3
61	380	1
61	387	3
148	62	2
96	64	2
218	64	1
221	64	2
64	257	1
64	302	3
64	344	2
65	123	1
65	143	2
157	65	1
65	188	1
290	65	1
65	307	3
190	66	1
66	199	1
66	278	1
66	394	1
111	67	2
67	174	2
67	225	2
68	106	2
122	68	2
68	255	2
321	68	3
356	68	2
68	382	3
68	395	1
131	69	1
70	109	3
186	71	1
71	212	1
233	71	1
77	73	2
73	80	1
105	74	2
136	74	1
308	74	2
75	161	2
298	75	3
76	138	2
169	76	1
122	77	3
164	77	3
229	77	2
77	260	3
78	137	2
79	81	2
79	101	1
79	117	1
165	79	3
79	220	2
79	372	2
80	94	3
99	80	2
155	80	2
80	267	3
281	80	2
361	80	2
81	228	3
346	81	1
82	92	2
82	125	1
133	82	3
198	82	2
82	200	2
239	82	3
82	268	2
292	82	3
348	82	3
100	83	1
121	83	1
156	83	2
83	322	1
85	141	3
85	334	1
86	89	2
114	86	1
177	86	3
196	86	3
202	86	2
264	86	2
378	86	1
87	91	1
87	259	1
87	292	2
87	295	3
87	320	1
87	375	1
383	87	1
88	139	1
363	88	1
88	396	1
89	92	2
96	89	2
108	89	2
89	119	3
137	89	1
170	89	3
241	89	1
89	277	3
91	97	1
91	147	2
91	243	1
191	92	3
92	389	2
93	142	2
167	93	2
93	256	1
93	292	2
314	93	2
93	318	2
93	357	1
94	179	3
94	181	1
94	268	3
129	95	2
205	95	2
95	299	3
351	95	2
157	96	2
242	96	2
285	96	2
97	230	3
234	97	1
97	390	2
98	115	1
98	163	2
263	98	1
398	98	3
99	123	1
104	100	1
100	125	1
135	100	2
100	190	2
100	224	1
267	100	3
100	293	1
300	100	3
301	100	2
327	100	1
371	100	2
100	395	1
215	101	2
287	101	2
297	102	3
103	204	1
311	103	3
103	388	2
104	171	3
104	185	1
104	209	2
104	329	2
341	104	2
104	377	3
125	105	2
105	276	1
329	105	3
159	106	3
106	295	1
106	298	2
373	106	2
127	107	3
108	129	2
168	108	1
240	108	2
271	108	1
168	109	2
109	302	2
116	110	2
110	138	3
157	110	1
248	110	3
266	110	1
114	111	1
112	143	3
316	112	3
112	324	3
354	112	3
153	113	3
158	113	3
113	178	2
113	314	2
129	114	3
131	114	2
114	134	2
172	114	3
114	219	3
114	363	2
367	114	3
114	396	1
115	270	3
177	116	3
117	126	2
117	389	3
118	339	1
118	357	2
164	120	2
120	304	2
121	173	2
240	121	3
121	262	1
121	272	1
122	269	3
375	122	2
156	123	3
127	124	1
125	146	3
170	125	2
223	125	1
125	239	3
127	136	2
151	127	2
127	188	2
319	128	1
135	133	3
134	252	2
321	134	2
134	335	3
135	293	3
317	135	2
352	135	1
136	140	1
136	256	3
136	349	1
136	368	1
391	136	1
137	141	1
137	399	1
139	138	1
138	160	3
226	138	3
332	138	2
138	355	3
182	139	3
259	139	3
363	139	3
150	140	1
263	140	2
270	140	2
140	307	1
141	145	1
252	141	1
149	142	1
142	193	2
143	226	1
373	143	1
190	146	3
146	207	3
289	146	1
242	147	1
283	148	2
148	381	2
149	152	1
194	149	3
149	346	1
152	236	2
348	152	1
246	154	1
155	176	2
155	333	2
155	340	2
216	158	2
323	158	1
158	325	3
159	239	3
215	160	2
260	160	3
309	160	2
160	323	3
191	161	3
310	162	2
162	362	2
360	164	1
350	165	3
165	359	1
172	166	3
166	186	2
221	167	1
168	244	3
232	169	3
288	169	2
172	245	1
173	203	2
210	173	3
174	176	3
174	224	2
241	176	3
176	328	3
177	370	3
178	237	1
179	289	3
306	179	3
198	180	2
201	181	2
209	181	1
351	181	1
235	182	1
184	187	1
184	297	2
185	276	1
281	185	3
187	280	2
187	325	2
188	387	2
190	200	1
264	190	2
358	193	1
225	194	1
229	194	1
259	194	1
285	194	3
194	295	3
194	383	1
196	246	1
196	261	1
348	196	3
384	196	3
234	197	1
197	306	1
200	210	3
200	223	3
201	244	1
358	203	1
217	205	1
220	205	3
205	222	2
245	205	2
205	250	2
320	205	1
353	205	3
205	367	1
242	206	3
206	252	3
225	207	2
207	250	2
208	280	1
209	338	3
364	209	1
210	385	1
263	213	1
215	333	1
215	394	3
217	270	1
217	345	2
217	355	3
294	218	2
371	219	1
253	222	2
284	222	3
222	308	2
311	222	2
279	223	1
322	225	1
226	227	1
355	226	3
227	238	1
265	227	3
284	227	2
303	227	3
228	262	1
228	302	2
230	300	3
230	330	2
336	230	2
343	233	1
318	234	2
245	247	2
245	287	2
246	368	1
273	248	1
289	253	2
255	277	2
296	255	1
255	314	3
256	281	1
256	316	1
257	356	2
260	304	3
330	260	3
262	290	3
354	265	3
272	268	3
358	270	1
270	360	2
272	273	1
273	341	1
279	276	2
276	331	1
276	380	1
324	277	2
373	277	1
279	316	1
280	288	1
280	378	2
281	337	1
305	284	2
370	284	2
284	385	1
288	301	1
347	291	1
293	366	2
388	294	3
297	397	1
303	300	3
313	300	3
300	330	1
305	302	1
308	307	1
374	307	1
331	314	1
323	339	1
324	389	3
354	332	2
332	386	2
392	337	1
398	338	2
342	339	3
350	339	3
340	347	3
346	381	1
390	348	2
362	398	3
367	385	1
374	381	1
387	394	3
399	393	1
