0	1	2
0	2	1
3	0	3
0	4	1
6	0	1
0	11	2
0	24	3
27	0	2
0	36	1
0	37	1
43	0	3
0	48	1
0	80	1
84	0	2
118	0	2
0	119	3
152	0	3
168	0	2
173	0	2
188	0	2
200	0	1
0	204	1
0	214	3
0	220	3
234	0	2
257	0	2
0	282	1
321	0	1
0	328	3
0	338	3
340	0	2
0	350	1
0	369	2
388	0	3
2	1	3
1	3	3
5	1	3
1	6	2
7	1	2
14	1	2
25	1	1
32	1	1
33	1	2
45	1	1
51	1	1
1	62	1
64	1	3
1	68	3
81	1	1
91	1	2
1	107	2
1	109	1
111	1	1
1	122	1
1	129	1
1	165	3
1	172	3
176	1	3
186	1	1
1	206	2
1	207	1
217	1	2
1	234	1
238	1	3
249	1	2
1	262	1
1	268	1
270	1	2
1	278	3
302	1	2
304	1	2
1	312	1
1	332	1
1	335	2
345	1	2
1	393	3
2	3	3
2	4	1
6	2	2
7	2	2
2	12	3
15	2	1
22	2	3
29	2	2
30	2	2
35	2	3
38	2	1
46	2	1
76	2	3
2	135	1
2	147	2
2	177	2
2	195	2
216	2	2
253	2	1
259	2	1
2	266	3
2	280	2
342	2	3
4	3	2
5	3	2
3	8	3
3	10	2
16	3	1
3	17	2
18	3	1
35	3	3
3	38	2
3	39	1
3	41	2
44	3	3
53	3	3
3	59	2
69	3	1
3	74	1
3	79	2
80	3	1
85	3	1
103	3	1
3	107	1
110	3	1
3	145	3
167	3	2
3	168	3
3	179	1
193	3	3
3	194	1
3	224	2
3	233	2
286	3	3
293	3	1
3	300	3
3	310	2
3	388	3
5	4	1
8	4	2
4	10	1
11	4	2
19	4	3
4	20	2
4	24	2
25	4	3
4	27	1
4	28	1
30	4	2
4	34	2
4	35	2
42	4	2
4	50	3
60	4	1
4	61	2
65	4	2
77	4	1
4	85	2
90	4	3
93	4	1
96	4	3
4	101	3
4	117	2
127	4	1
4	128	3
132	4	1
4	141	3
4	152	2
158	4	3
164	4	2
165	4	1
170	4	3
179	4	1
4	189	2
225	4	2
4	231	1
4	232	1
239	4	1
4	249	1
4	256	3
4	264	2
275	4	1
4	282	2
297	4	2
4	300	3
4	320	2
321	4	2
4	324	2
4	334	1
4	341	2
368	4	3
375	4	2
4	380	3
4	392	2
393	4	2
5	9	1
13	5	1
5	21	1
5	23	1
26	5	3
5	28	2
5	62	2
68	5	3
5	97	2
108	5	1
130	5	2
167	5	3
182	5	2
211	5	2
5	221	3
229	5	1
235	5	3
5	240	3
243	5	2
5	295	3
395	5	2
5	396	3
7	6	1
8	6	3
6	9	3
13	6	3
6	14	2
39	6	3
6	47	3
6	81	2
6	104	1
114	6	3
134	6	3
6	147	2
193	6	3
199	6	2
6	227	2
6	341	2
362	6	1
367	6	1
6	372	3
6	388	1
9	7	1
7	10	3
7	13	3
17	7	1
19	7	2
7	22	2
7	29	3
7	57	1
58	7	2
7	60	1
75	7	1
7	77	2
7	111	1
7	117	1
7	146	3
7	185	3
7	206	1
246	7	2
254	7	3
305	7	1
7	330	1
11	8	3
8	15	1
8	20	3
23	8	2
8	49	3
58	8	2
88	8	1
8	95	2
8	201	2
8	209	3
8	242	3
360	8	3
8	393	1
12	9	3
15	9	3
9	17	3
9	25	1
32	9	1
9	41	3
42	9	1
9	69	3
73	9	2
9	78	3
9	83	2
131	9	3
136	9	2
144	9	1
172	9	2
9	184	1
195	9	3
9	197	1
207	9	2
209	9	3
9	218	3
9	240	2
279	9	1
284	9	3
9	307	3
326	9	3
9	355	3
9	373	3
375	9	2
377	9	1
9	385	1
394	9	1
10	12	3
16	10	1
10	18	3
27	10	1
10	31	2
100	10	1
110	10	3
10	143	2
156	10	2
10	176	1
10	197	2
10	262	3
291	10	1
354	10	2
10	398	1
16	11	3
31	11	2
44	11	3
328	11	2
360	11	2
31	12	1
54	12	1
56	12	3
62	12	3
79	12	2
12	92	1
12	129	2
12	130	1
12	140	2
277	12	2
12	283	2
298	12	1
13	14	3
13	21	1
13	26	1
29	13	2
13	41	3
13	45	1
50	13	1
64	13	2
66	13	2
13	89	1
100	13	3
151	13	1
13	240	2
268	13	2
272	13	1
13	288	1
13	309	2
14	19	2
14	26	1
14	30	1
73	14	2
78	14	2
14	86	2
96	14	2
152	14	1
14	158	2
14	328	1
332	14	3
336	14	1
14	339	3
22	15	1
15	49	2
15	113	3
114	15	3
15	119	2
126	15	3
142	15	2
15	169	1
174	15	3
188	15	3
205	15	3
227	15	2
256	15	2
15	263	1
15	382	3
16	109	3
126	16	2
127	16	2
134	16	3
136	16	3
153	16	1
16	154	3
16	178	1
183	16	1
16	238	1
242	16	3
273	16	3
17	18	3
17	23	2
17	24	2
50	17	3
17	74	3
17	98	3
17	108	1
111	17	2
17	119	3
17	121	1
17	181	3
17	191	3
17	208	2
17	306	3
17	310	2
17	348	3
17	354	3
17	356	3
21	18	1
18	28	2
36	18	1
18	76	2
85	18	2
18	94	2
109	18	2
18	110	3
18	148	3
157	18	3
169	18	1
174	18	2
18	178	1
225	18	3
232	18	2
323	18	1
353	18	3
18	374	2
20	19	3
19	37	1
19	43	2
19	48	2
19	52	3
53	19	2
19	61	3
70	19	3
76	19	2
82	19	3
97	19	2
19	112	1
19	116	2
123	19	2
19	191	3
19	213	3
244	19	2
290	19	1
351	19	1
373	19	2
19	379	2
391	19	3
19	394	3
20	51	2
20	75	3
20	273	2
20	278	2
33	21	2
21	45	1
47	21	3
21	51	3
21	53	1
21	57	1
21	66	3
21	67	3
71	21	1
21	75	1
103	21	1
21	108	3
131	21	1
21	133	3
136	21	2
139	21	3
154	21	3
209	21	2
215	21	3
220	21	1
21	226	3
237	21	2
21	285	1
21	308	3
21	333	2
22	34	2
59	22	3
22	166	1
212	22	2
22	327	3
23	143	3
23	185	1
44	24	3
54	24	1
72	24	1
90	24	2
121	24	1
343	24	3
363	24	1
33	25	1
25	34	1
25	40	3
25	55	2
101	25	1
144	25	3
166	25	3
25	171	1
25	190	2
25	215	3
233	25	3
294	25	2
316	25	3
390	25	3
26	56	3
26	63	1
26	72	1
26	105	1
139	26	1
141	26	1
26	147	3
336	26	3
27	55	2
73	27	2
88	27	3
135	27	2
27	183	3
219	27	3
250	27	3
27	287	2
359	27	3
399	27	1
38	28	1
86	28	3
87	28	2
113	28	2
28	156	3
28	160	1
28	259	1
366	28	1
32	29	1
52	29	1
29	55	1
29	70	1
29	102	2
118	29	1
129	29	2
137	29	1
143	29	2
235	29	1
245	29	3
254	29	3
263	29	3
29	276	3
29	306	3
316	29	3
29	325	1
29	331	3
40	30	3
30	42	2
30	93	2
116	30	1
30	170	1
177	30	3
30	267	1
284	30	2
342	30	2
30	392	2
72	31	1
31	195	1
33	39	1
33	40	1
80	33	3
33	107	1
33	141	1
33	145	2
33	161	3
182	33	2
33	202	1
210	33	1
231	33	1
292	33	3
33	379	1
33	397	2
37	34	3
34	64	3
74	34	1
34	94	2
95	34	2
103	34	3
142	34	3
159	34	2
192	34	3
203	34	1
34	218	1
245	34	1
249	34	3
34	296	3
34	357	3
386	34	1
36	35	2
35	43	1
35	47	1
63	35	3
35	65	1
35	67	2
84	35	3
35	102	1
153	35	2
218	35	1
272	35	2
35	313	1
35	336	1
35	342	2
35	357	3
35	367	2
35	374	2
58	36	2
67	36	2
36	71	2
36	128	1
133	36	1
135	36	1
236	36	1
274	36	2
395	36	2
105	38	1
128	38	3
140	38	1
38	177	3
228	38	2
38	252	2
38	298	2
38	310	3
38	318	1
38	346	2
38	374	1
391	38	3
39	98	2
39	125	2
145	39	2
174	39	2
39	182	1
39	210	2
39	352	3
39	386	2
84	40	1
89	40	2
40	91	1
40	146	2
175	40	3
210	40	3
40	255	3
279	40	2
287	40	1
40	350	2
383	40	2
41	380	1
46	42	3
42	100	1
42	214	3
42	292	1
361	42	3
43	54	3
48	44	3
44	90	2
125	44	2
131	44	1
44	180	2
190	44	3
44	222	1
269	44	3
398	44	2
45	46	1
49	45	2
45	59	2
86	45	3
92	45	1
106	45	1
117	45	3
120	45	2
45	130	2
171	45	2
172	45	2
45	199	3
45	211	3
45	265	2
45	333	1
60	46	1
82	46	3
144	46	1
46	384	3
47	52	1
47	92	3
98	47	2
47	115	2
155	47	3
248	47	1
47	258	3
285	47	1
322	47	3
384	47	3
120	48	3
48	161	3
48	253	3
48	266	1
49	65	3
49	99	2
304	49	1
378	49	1
50	83	1
319	50	1
63	51	1
51	124	2
142	51	2
313	51	3
189	53	2
193	53	1
53	222	2
53	232	2
56	54	3
57	54	1
66	54	3
139	54	3
54	251	2
291	54	2
297	54	2
54	391	2
55	137	1
150	55	3
55	155	3
55	178	3
55	305	1
55	371	3
56	61	2
71	56	3
56	99	1
56	124	2
289	56	2
122	57	2
81	58	1
58	151	2
166	58	3
198	58	2
201	58	2
58	213	3
58	244	3
387	58	3
68	59	3
70	59	1
59	79	1
59	82	2
59	97	2
59	126	1
154	59	1
59	236	2
59	309	1
334	59	3
368	59	1
61	157	3
69	62	3
369	62	3
63	105	2
216	63	2
64	164	2
64	358	3
66	94	3
159	66	2
243	66	2
87	67	2
67	106	2
67	112	3
132	68	3
150	68	3
68	181	2
186	68	2
68	239	1
331	68	2
352	68	3
68	369	2
69	118	3
155	69	2
69	163	2
69	167	3
69	176	3
205	69	3
69	297	2
196	70	2
70	314	3
71	175	2
277	71	3
355	71	2
83	72	3
123	72	2
72	156	3
72	162	2
72	360	1
72	367	1
73	121	2
73	234	3
73	281	2
347	73	2
77	74	3
89	74	1
93	74	1
200	74	2
74	220	2
233	74	1
74	264	1
74	274	3
74	357	2
74	397	3
87	75	3
75	96	1
75	138	3
75	159	1
75	180	3
187	75	3
75	188	3
75	194	3
75	241	3
75	261	3
283	75	3
75	381	2
168	76	1
242	76	1
77	78	1
77	91	1
77	120	2
77	163	1
77	384	2
77	386	1
104	78	1
78	157	2
196	78	2
78	222	2
78	349	3
365	78	1
211	79	1
348	79	1
307	80	3
115	81	2
81	160	2
208	81	3
81	324	2
140	82	3
158	82	1
82	271	2
287	82	1
82	288	1
82	333	2
82	358	2
83	102	1
83	124	3
84	160	1
221	84	3
84	255	3
85	173	1
85	198	2
85	264	2
269	85	1
85	362	1
376	85	3
397	85	2
398	85	3
88	86	2
86	228	2
230	86	2
276	86	2
87	101	1
115	87	3
87	202	2
213	87	3
260	87	2
308	87	2
88	324	3
89	104	1
122	89	3
89	217	2
89	246	2
89	280	1
90	148	2
228	90	1
282	90	1
90	311	3
90	371	2
91	95	2
92	125	3
92	251	1
92	366	2
93	99	3
114	93	2
137	93	2
353	93	2
289	94	2
95	170	1
96	192	1
224	96	3
96	304	1
96	339	2
97	164	3
97	223	3
98	344	1
98	399	3
99	212	2
99	296	2
348	99	1
112	100	3
100	171	3
236	100	1
283	100	3
101	247	2
102	138	2
103	123	1
138	103	2
103	162	3
103	179	3
103	207	1
103	223	2
302	103	2
103	379	3
389	103	2
116	104	2
149	104	2
104	276	3
347	104	1
106	105	2
134	105	1
105	149	2
205	105	3
105	330	1
337	105	1
107	132	3
192	107	3
107	226	3
235	107	1
107	319	1
173	108	1
108	250	3
109	113	1
109	203	3
327	109	1
395	109	3
110	204	1
271	110	1
110	278	3
199	112	3
112	311	1
112	320	1
133	113	1
148	113	2
113	150	3
113	191	1
113	331	1
113	368	1
114	153	2
261	115	2
290	115	3
115	351	3
353	115	2
116	165	2
245	116	2
305	116	3
116	378	2
117	180	1
267	118	1
349	118	3
277	119	1
119	338	2
389	119	3
239	120	1
120	241	3
187	122	1
122	259	2
122	293	3
321	122	3
122	361	3
325	123	2
124	274	1
125	127	2
125	146	3
175	126	3
301	126	3
128	261	1
128	267	2
128	308	2
346	128	1
130	190	2
130	212	3
130	257	2
130	298	2
299	130	1
301	130	2
131	268	3
345	131	1
131	372	1
133	330	3
246	134	2
135	151	1
135	202	3
137	254	3
137	265	3
149	138	2
138	196	3
138	275	3
138	300	3
396	138	2
203	139	2
140	295	1
140	380	2
390	140	1
270	142	3
338	142	3
143	189	1
143	221	1
253	144	1
144	275	2
144	288	3
161	145	1
162	146	3
163	147	1
147	200	2
183	148	1
231	148	3
299	148	3
322	148	1
148	343	2
181	149	2
186	149	1
149	286	1
150	258	2
356	150	2
169	151	1
151	194	3
151	215	1
370	152	3
153	315	3
155	250	3
286	155	3
318	155	3
334	155	3
155	358	2
269	157	3
184	159	1
159	187	3
159	201	2
206	159	3
366	159	3
160	376	2
197	161	2
161	252	2
184	162	2
302	162	1
307	162	1
163	217	2
255	166	2
315	169	3
170	260	2
263	170	2
170	303	2
363	171	1
173	224	2
227	173	2
174	185	1
174	208	2
229	174	1
248	175	2
323	176	1
349	177	1
178	243	2
312	179	2
179	341	3
347	179	3
326	180	2
351	181	2
381	181	1
182	204	2
214	182	2
182	223	3
182	225	1
230	182	3
241	182	3
247	182	3
182	303	1
309	182	1
182	355	2
312	183	1
184	229	2
184	237	1
186	270	3
280	186	3
186	281	2
186	294	3
186	314	3
350	186	2
385	186	2
187	248	1
251	188	3
188	340	2
190	376	1
372	192	3
194	219	2
279	194	2
344	194	1
317	195	1
198	196	1
320	198	3
198	387	1
256	199	1
200	230	3
200	301	3
201	271	3
319	201	1
370	201	3
203	266	2
285	205	3
296	205	1
252	206	2
352	206	3
216	207	2
323	208	3
209	318	3
219	210	2
293	210	3
211	226	1
211	265	2
238	222	2
222	284	3
313	223	1
223	364	3
385	223	3
257	224	1
383	225	3
244	228	3
290	228	1
363	228	3
229	247	2
230	237	2
258	230	2
291	232	2
235	329	2
237	332	2
339	238	3
260	239	1
399	239	1
272	240	2
273	242	2
243	292	2
317	245	3
247	335	3
247	340	3
253	262	1
299	253	2
314	253	2
253	337	1
253	396	1
255	311	1
255	356	3
289	256	3
259	329	3
260	382	2
268	329	2
382	268	1
303	270	1
271	295	3
315	271	1
271	317	1
394	271	2
275	281	1
278	306	1
279	294	3
335	280	2
281	354	1
283	337	2
359	283	2
365	292	2
292	387	1
362	294	1
381	297	1
316	298	3
378	299	3
389	301	2
302	326	1
302	364	1
365	305	2
306	345	1
359	308	1
309	327	2
309	343	2
311	373	3
375	312	1
313	325	3
322	316	2
364	317	3
346	321	2
328	344	1
370	330	1
330	377	3
361	331	1
339	392	2
377	347	3
371	369	3
371	383	1
373	390	3
