1	0	1
2	0	3
3	0	2
4	0	3
0	7	3
0	9	1
0	11	2
0	28	2
0	29	1
0	39	2
0	44	3
68	0	2
91	0	3
105	0	2
117	0	2
149	0	3
0	161	2
0	189	1
0	200	1
0	223	1
0	326	2
0	395	1
2	1	3
1	3	2
1	4	2
5	1	2
8	1	1
1	9	3
1	10	3
12	1	1
1	13	2
1	14	2
16	1	3
1	17	3
1	18	2
1	23	1
1	25	3
26	1	2
1	27	1
1	31	3
1	32	2
1	40	3
1	44	1
50	1	1
54	1	3
58	1	1
61	1	1
1	66	2
67	1	1
73	1	2
75	1	1
83	1	3
1	89	1
1	90	2
1	100	3
1	103	2
1	110	1
112	1	3
1	114	3
1	131	1
134	1	2
1	151	2
1	157	3
1	164	3
213	1	3
1	224	2
233	1	3
1	263	1
1	267	3
1	276	2
286	1	3
287	1	2
1	289	3
1	309	2
1	317	1
368	1	3
1	378	3
383	1	1
2	3	3
5	2	1
8	2	3
12	2	3
2	13	3
15	2	1
16	2	3
42	2	1
2	50	1
56	2	2
2	75	1
82	2	2
2	95	2
99	2	1
100	2	1
2	108	1
116	2	1
117	2	2
2	136	2
2	144	1
146	2	2
173	2	3
189	2	1
2	199	1
2	229	2
282	2	2
284	2	1
2	288	3
2	290	2
2	296	1
331	2	2
3	4	3
6	3	1
8	3	2
23	3	1
25	3	3
33	3	3
3	35	2
3	39	1
3	47	2
91	3	1
100	3	3
3	121	1
3	131	1
3	152	3
176	3	3
227	3	1
231	3	3
3	254	3
290	3	2
295	3	1
298	3	3
328	3	1
333	3	1
3	353	2
359	3	3
5	4	2
4	6	2
4	7	3
4	10	3
22	4	1
24	4	2
45	4	3
4	48	1
4	65	1
86	4	1
4	92	2
111	4	1
4	117	3
150	4	2
152	4	3
165	4	1
4	166	1
4	244	1
4	255	3
263	4	1
266	4	2
4	302	1
4	329	1
355	4	2
4	391	3
6	5	1
7	5	3
5	20	1
5	48	1
66	5	1
71	5	1
5	77	2
5	81	2
5	92	3
93	5	2
109	5	3
110	5	1
5	114	3
5	116	2
134	5	1
138	5	2
184	5	2
5	192	3
196	5	1
245	5	3
274	5	2
5	279	3
284	5	3
5	339	2
5	347	1
5	367	3
386	5	2
6	11	3
20	6	1
27	6	3
6	35	1
6	37	3
6	40	1
6	53	2
79	6	2
85	6	2
6	98	1
113	6	3
120	6	3
6	121	1
123	6	2
6	146	3
206	6	3
218	6	3
6	221	2
6	334	1
358	6	1
6	377	3
7	70	2
97	7	2
7	118	2
7	159	1
255	7	2
265	7	3
7	293	2
7	336	1
360	7	3
8	9	1
10	8	2
8	11	3
8	13	2
14	8	1
8	15	2
8	22	1
29	8	3
8	34	2
51	8	1
8	55	3
62	8	1
8	66	2
73	8	3
118	8	3
8	124	3
8	125	1
126	8	1
8	145	2
154	8	1
8	157	1
8	162	1
8	170	3
172	8	3
188	8	1
8	191	2
203	8	1
204	8	2
8	252	2
258	8	2
259	8	2
8	271	1
8	294	2
295	8	2
305	8	3
8	316	2
8	317	1
350	8	3
8	375	3
394	8	2
9	17	2
9	19	2
9	23	2
9	29	2
9	31	1
35	9	2
38	9	1
9	67	3
68	9	3
80	9	3
82	9	1
9	88	2
96	9	2
115	9	3
156	9	2
9	163	2
9	219	1
9	220	2
261	9	3
265	9	2
266	9	2
9	268	1
9	316	3
318	9	1
9	393	1
10	12	2
10	17	1
21	10	2
10	25	2
10	38	3
40	10	1
42	10	2
68	10	1
90	10	2
121	10	3
133	10	2
10	167	3
203	10	3
10	210	2
10	301	3
319	10	3
322	10	3
340	10	2
10	345	1
14	11	3
15	11	2
11	16	2
19	11	1
11	30	3
11	34	3
11	41	2
42	11	1
45	11	2
11	46	2
52	11	1
11	54	3
83	11	1
11	85	2
86	11	1
11	94	1
11	106	1
110	11	1
11	127	3
144	11	2
152	11	1
11	154	1
160	11	2
175	11	3
180	11	1
183	11	2
210	11	3
211	11	3
230	11	1
256	11	2
261	11	2
11	313	2
11	358	1
366	11	2
11	383	1
386	11	1
11	387	1
12	18	2
24	12	2
26	12	1
12	33	3
43	12	2
88	12	1
99	12	2
118	12	3
12	273	2
12	337	2
13	27	1
13	30	3
13	32	1
13	37	1
13	41	1
43	13	2
53	13	1
13	56	2
13	60	2
13	70	1
13	195	1
197	13	1
224	13	2
13	255	1
13	320	1
349	13	3
13	399	2
14	20	1
14	24	1
52	14	1
14	69	2
84	14	1
14	91	2
14	93	1
136	14	1
149	14	2
14	234	3
14	275	2
279	14	3
322	14	3
364	14	3
15	53	3
98	15	3
15	187	3
15	335	3
16	72	1
112	16	2
16	137	2
16	154	1
155	16	1
16	363	3
397	16	2
18	17	1
17	21	3
17	22	3
17	107	2
19	18	1
46	18	1
18	79	3
92	18	1
96	18	3
143	18	1
171	18	1
214	18	1
242	18	2
287	18	1
314	18	1
18	341	1
21	19	1
26	19	2
19	28	1
19	69	3
102	19	3
19	135	1
58	20	1
21	45	3
57	21	3
84	21	1
21	132	3
178	21	1
229	21	2
21	250	2
21	306	1
356	21	1
36	22	3
22	48	3
22	71	1
22	76	3
94	22	2
22	181	2
22	235	3
239	22	2
22	251	3
23	39	1
23	58	3
61	23	3
150	23	1
179	23	3
198	23	3
215	23	2
217	23	3
23	384	1
24	31	1
44	24	2
24	64	2
24	191	3
192	24	2
203	24	1
24	212	2
24	357	3
25	36	2
47	25	2
85	25	3
104	25	3
107	25	2
25	141	3
158	25	3
246	25	2
251	25	1
315	25	2
26	245	2
26	279	2
27	28	3
27	30	1
38	27	3
47	27	3
27	49	1
27	59	2
27	60	1
62	27	3
72	27	1
27	74	1
27	76	3
83	27	3
27	109	2
27	129	3
141	27	1
27	148	2
27	183	1
191	27	1
27	228	3
234	27	3
261	27	2
297	27	2
307	27	2
339	27	3
350	27	2
354	27	2
385	27	2
391	27	3
28	34	3
49	28	3
28	87	2
182	28	2
28	184	3
28	202	3
28	222	2
257	28	2
28	299	3
326	28	3
28	348	3
376	28	1
29	32	3
29	303	1
29	362	1
57	30	1
63	30	3
73	30	2
137	30	1
30	139	2
30	163	2
30	232	1
30	236	2
30	313	2
33	31	3
31	49	1
31	52	3
31	63	1
159	31	2
227	31	1
390	31	1
88	32	3
32	132	1
32	134	3
166	32	3
32	194	2
32	196	3
238	32	2
351	32	2
33	37	2
84	33	3
123	33	1
33	179	2
263	33	3
34	36	1
55	34	1
34	97	3
34	115	3
124	34	3
188	34	2
204	34	3
34	244	1
327	34	2
333	34	3
337	34	2
389	34	1
35	50	1
192	35	1
35	275	2
365	35	2
36	95	1
36	162	3
398	36	1
37	59	1
93	37	1
120	37	1
138	37	2
205	37	2
37	212	3
37	273	3
329	37	1
38	41	3
155	38	3
38	236	1
253	38	3
364	38	1
78	39	3
205	39	1
344	39	3
43	40	3
40	46	1
40	51	2
299	40	3
41	72	1
158	41	2
41	309	2
42	69	3
108	42	1
142	42	1
42	201	2
42	344	3
42	393	1
43	178	3
240	43	3
300	43	3
43	314	1
44	55	1
44	96	2
105	44	3
133	44	1
164	44	1
44	166	3
167	44	1
216	44	1
237	44	2
44	281	1
44	285	1
44	293	1
301	44	1
44	359	2
372	44	3
45	54	2
45	59	2
189	45	2
283	45	1
45	294	2
399	45	1
65	46	3
74	46	2
46	94	3
46	168	1
176	46	2
46	186	2
201	46	1
218	46	2
46	302	2
47	174	2
47	193	2
257	47	1
47	288	2
311	47	2
48	51	1
48	89	3
48	127	2
130	48	2
137	48	3
158	48	2
211	48	2
302	48	3
48	356	2
48	374	3
48	389	2
49	56	1
60	49	1
62	49	1
74	49	2
77	49	3
81	49	2
49	82	3
49	122	1
126	49	1
49	129	2
169	49	3
49	179	1
49	186	1
49	208	3
214	49	1
226	49	3
49	240	2
256	49	2
387	49	3
57	50	1
50	77	3
115	50	1
50	145	3
86	51	1
51	149	2
52	104	2
113	52	1
52	116	2
128	52	2
156	52	1
52	157	2
230	52	1
248	52	2
52	277	2
52	305	2
352	52	2
52	358	2
384	52	2
53	71	2
101	53	1
172	53	3
53	190	1
53	193	2
198	53	1
337	53	1
53	381	3
54	61	3
80	54	1
101	54	2
113	54	3
54	119	2
54	141	2
54	208	2
54	223	3
321	54	1
80	55	3
99	55	3
109	55	3
55	130	2
140	55	3
151	55	2
55	174	1
280	55	1
291	55	2
55	303	2
55	330	3
55	349	3
55	363	2
368	55	3
55	377	2
55	388	2
56	209	1
56	329	2
67	57	1
57	95	2
101	57	3
57	148	2
57	228	3
57	262	1
57	374	1
58	63	2
58	385	2
79	59	2
59	102	3
59	142	3
206	59	3
223	59	2
242	59	3
59	269	1
59	374	1
60	168	1
221	60	3
252	60	3
60	258	2
65	61	3
111	61	3
61	122	1
61	143	2
61	147	1
61	162	2
227	61	2
243	61	3
296	61	3
316	61	3
346	61	2
364	61	3
61	391	2
64	62	3
103	62	1
62	111	2
120	62	3
62	195	1
62	230	1
62	266	1
317	62	1
63	64	3
105	63	1
63	125	2
63	132	2
160	63	3
63	204	2
63	216	2
224	63	1
63	241	3
63	272	1
321	63	1
63	332	3
346	63	3
362	63	1
70	64	1
64	75	3
64	104	3
64	135	3
202	64	1
392	64	2
106	65	2
114	65	2
76	67	3
67	324	1
68	106	2
68	324	3
396	68	2
69	119	1
178	69	2
398	69	1
70	90	1
370	70	2
72	78	3
177	72	1
190	72	3
193	72	2
72	199	3
208	72	1
72	220	3
72	247	2
72	306	1
72	335	2
394	72	1
73	102	2
73	124	1
143	73	3
144	73	3
226	73	3
275	73	1
278	73	3
74	78	3
202	74	3
298	74	1
87	75	3
123	75	2
75	139	3
173	75	3
75	180	3
185	75	3
201	75	3
75	242	2
75	336	1
339	75	1
76	243	3
76	383	2
77	273	3
81	78	2
288	78	1
135	79	1
79	146	1
151	79	2
165	79	3
185	79	2
79	194	2
79	234	1
79	330	3
79	335	1
379	79	1
80	87	3
80	133	2
171	80	2
80	172	1
320	80	3
81	170	1
237	81	3
81	241	1
253	81	1
81	343	1
108	82	1
82	180	1
225	82	3
82	226	2
325	82	2
82	354	3
83	176	1
83	341	2
84	107	2
84	153	2
167	84	3
382	84	2
84	392	1
209	85	1
216	85	2
85	272	2
103	86	2
328	86	1
362	86	2
87	181	3
87	233	2
88	89	2
164	88	1
89	286	2
90	97	1
98	90	1
90	112	3
90	165	1
90	169	1
184	90	3
195	90	1
197	90	3
200	90	2
206	90	2
90	311	1
312	90	2
90	338	3
91	125	2
173	91	3
92	140	2
222	92	3
92	357	2
327	93	2
93	355	1
129	94	3
155	94	2
249	94	2
94	388	1
94	396	1
95	159	1
182	95	3
207	95	2
95	259	2
322	95	2
95	366	2
95	368	2
138	96	1
96	169	3
247	96	3
96	248	2
348	96	3
239	97	1
174	98	3
346	98	1
119	100	3
199	100	3
100	260	1
100	338	1
139	101	3
147	101	3
101	175	3
101	187	1
278	101	3
310	101	1
101	375	3
102	248	2
102	249	1
190	104	1
105	384	2
106	153	2
221	107	2
350	107	2
108	363	2
378	108	2
109	163	1
200	109	3
299	109	1
109	379	1
109	389	3
110	360	3
111	128	1
181	111	1
111	185	1
111	270	3
280	111	1
111	292	3
112	320	1
395	112	2
217	113	3
113	315	2
136	114	1
114	196	2
114	259	3
308	114	2
114	319	2
341	114	1
114	355	3
126	115	2
115	128	2
115	153	1
115	236	1
115	238	1
312	115	1
115	315	3
119	323	3
372	119	2
232	120	2
267	120	1
122	121	2
121	130	2
121	182	1
187	121	1
188	121	3
121	205	3
215	121	3
121	250	1
269	121	1
127	122	3
218	122	1
122	262	2
326	122	2
340	122	1
394	122	1
207	125	2
125	238	1
125	252	1
292	125	3
126	253	1
126	294	2
347	126	3
127	131	3
127	225	3
127	321	3
142	129	3
148	130	2
160	131	3
131	251	1
131	262	1
131	312	2
145	132	2
133	209	3
134	175	1
134	272	3
285	134	1
134	304	1
134	381	1
134	382	2
135	150	1
136	140	3
136	225	2
136	271	2
136	353	1
147	137	1
156	137	3
194	137	2
247	137	2
137	285	3
219	144	2
161	146	2
146	168	3
146	198	1
271	146	3
146	357	3
237	147	1
219	148	2
148	264	3
313	148	3
343	148	2
345	148	1
148	369	3
148	373	1
148	376	3
308	149	3
149	390	3
151	161	3
151	177	3
151	210	1
239	151	2
274	151	1
151	304	2
367	151	2
151	373	2
154	170	1
211	154	2
155	270	1
332	155	2
155	393	1
305	156	1
156	365	2
213	158	3
298	159	3
228	161	2
162	177	2
212	162	1
229	162	3
162	258	2
171	164	3
165	220	1
165	222	3
287	165	1
235	166	3
365	166	3
276	168	2
168	277	2
376	169	3
260	170	1
170	289	1
170	291	1
171	254	1
328	171	3
172	183	3
172	281	3
231	174	3
174	296	3
174	361	2
186	176	3
177	207	1
282	177	2
292	177	3
319	177	1
177	398	2
178	217	3
178	245	3
330	178	2
310	182	3
183	240	1
249	183	1
183	318	1
183	347	1
256	184	1
268	184	3
241	185	2
187	215	1
250	187	3
197	188	2
188	324	3
189	386	3
190	213	2
246	190	2
190	284	2
190	307	2
190	359	2
369	190	2
190	380	3
290	192	3
314	192	3
193	308	1
193	311	3
214	195	2
195	356	1
197	264	1
198	260	3
370	198	1
199	233	3
304	199	3
199	348	3
200	390	2
201	235	1
201	342	1
388	202	1
203	369	2
210	307	3
371	210	3
212	244	2
212	270	1
254	218	2
267	218	2
218	332	1
220	295	1
334	222	2
231	223	3
366	223	1
257	224	3
224	265	2
225	336	3
225	392	1
228	281	2
228	297	3
371	228	2
309	229	1
229	331	3
232	230	1
230	286	2
276	233	2
233	323	2
352	234	1
235	278	3
240	243	2
240	300	2
241	342	2
280	242	2
242	325	2
379	242	3
246	243	2
283	243	1
289	243	1
297	244	3
323	245	3
245	334	3
338	245	1
354	245	1
361	245	1
274	246	2
331	246	3
250	268	3
250	349	3
252	351	2
264	254	1
301	254	2
306	257	2
257	342	3
257	344	3
258	318	2
375	259	1
260	373	3
263	283	2
293	264	1
265	378	3
268	269	1
277	270	1
282	276	3
278	300	1
380	279	2
291	281	2
285	303	2
285	399	3
291	395	2
292	340	3
293	360	3
310	295	2
296	396	2
370	306	2
309	325	3
309	382	3
381	310	2
352	312	1
312	371	1
314	345	3
327	321	3
324	361	3
325	343	3
326	351	2
397	326	1
333	330	2
330	353	3
372	336	2
337	367	2
342	380	1
352	385	3
387	364	2
377	371	1
373	397	3
