0	1	2
0	2	2
0	3	3
5	0	3
7	0	3
8	0	1
0	11	2
0	15	1
24	0	3
0	25	3
0	27	1
0	34	1
0	39	2
48	0	2
52	0	1
53	0	1
59	0	1
79	0	3
0	88	1
0	102	1
0	108	3
115	0	3
144	0	2
0	147	2
161	0	2
0	163	2
0	175	3
177	0	3
179	0	3
0	199	3
0	213	2
220	0	1
223	0	1
0	240	2
0	250	3
252	0	3
253	0	3
0	266	2
0	274	2
295	0	1
317	0	3
0	320	3
346	0	2
0	350	2
354	0	2
355	0	1
0	364	2
1	2	3
3	1	2
1	4	3
1	7	3
32	1	2
1	86	3
121	1	2
228	1	3
241	1	2
1	311	1
1	338	2
353	1	2
1	369	2
1	390	3
1	397	1
2	3	3
2	4	2
5	2	2
2	8	2
2	27	3
46	2	1
2	71	1
74	2	1
81	2	1
2	82	2
103	2	3
108	2	2
123	2	1
2	135	2
2	146	2
2	156	2
167	2	2
2	169	2
174	2	1
183	2	3
184	2	2
2	185	3
2	186	2
2	229	1
2	251	1
286	2	1
2	288	2
2	318	3
2	325	3
336	2	3
348	2	2
356	2	1
2	389	3
4	3	3
3	5	3
3	6	3
3	12	3
13	3	3
18	3	1
3	20	3
35	3	3
3	64	3
3	88	2
3	101	3
3	117	2
3	124	3
3	171	3
188	3	2
212	3	2
3	362	3
3	370	3
389	3	3
3	390	2
6	4	3
9	4	1
4	12	2
25	4	1
40	4	2
4	73	1
90	4	2
4	97	3
109	4	3
164	4	2
224	4	2
4	313	1
4	340	2
366	4	3
6	5	1
8	5	2
5	9	3
14	5	1
17	5	2
5	23	2
28	5	3
30	5	2
32	5	2
33	5	1
5	66	1
67	5	2
69	5	2
77	5	2
92	5	1
5	94	1
103	5	2
105	5	3
5	114	1
5	168	3
5	186	1
5	195	3
251	5	3
284	5	1
5	315	1
5	340	3
344	5	2
352	5	2
360	5	2
5	395	3
7	6	3
9	6	2
6	10	3
6	11	3
12	6	3
13	6	2
6	14	3
6	15	3
16	6	3
6	18	3
6	19	1
6	20	2
21	6	1
6	22	3
33	6	2
6	34	3
37	6	1
41	6	1
6	42	2
6	48	3
52	6	1
54	6	2
6	62	3
6	63	1
6	99	3
6	105	3
120	6	2
6	122	1
136	6	2
6	138	2
6	143	1
148	6	3
152	6	2
6	156	2
6	159	2
169	6	3
172	6	2
173	6	3
182	6	1
6	185	1
6	196	2
6	200	3
202	6	2
205	6	2
207	6	3
6	215	3
218	6	1
6	223	1
236	6	1
6	247	2
259	6	3
6	260	3
270	6	1
276	6	1
297	6	2
301	6	2
6	319	3
6	321	1
6	333	1
358	6	2
6	367	2
6	375	3
6	378	1
6	380	3
6	390	3
6	394	1
6	397	1
7	13	2
7	17	1
7	21	2
7	22	3
7	29	1
7	31	3
7	32	3
7	36	1
40	7	2
71	7	3
74	7	3
78	7	1
7	83	1
7	84	2
7	91	1
7	99	1
102	7	2
7	154	3
191	7	1
242	7	3
10	8	3
11	8	2
15	8	3
8	21	2
8	25	3
34	8	2
8	38	2
8	43	3
57	8	2
8	60	1
8	62	2
8	66	2
67	8	2
69	8	3
72	8	3
89	8	1
8	113	2
8	131	3
145	8	2
148	8	1
156	8	2
165	8	2
173	8	2
176	8	3
8	194	3
8	199	2
209	8	2
8	217	3
8	244	2
279	8	2
294	8	2
8	302	1
8	306	3
332	8	1
355	8	2
10	9	2
9	14	3
23	9	1
26	9	1
9	30	3
33	9	2
65	9	1
77	9	3
81	9	2
9	107	1
128	9	3
9	130	3
9	139	2
9	164	2
9	225	1
265	9	3
9	284	1
9	302	2
9	365	1
9	382	1
9	393	2
28	10	1
10	39	3
117	10	2
125	10	2
10	231	1
269	10	2
48	11	1
136	11	3
160	11	2
177	11	1
264	11	2
284	11	3
287	11	2
24	12	2
12	26	2
12	27	3
12	37	2
12	45	1
46	12	1
55	12	3
61	12	2
12	69	1
12	70	3
87	12	1
98	12	1
12	100	3
112	12	2
12	118	1
133	12	1
12	172	1
178	12	2
180	12	3
12	200	1
234	12	1
12	261	3
263	12	3
264	12	1
271	12	2
327	12	2
12	335	1
12	362	2
12	371	1
12	383	1
12	398	2
13	17	3
20	13	2
13	38	1
43	13	2
47	13	3
58	13	2
64	13	3
13	68	2
13	80	3
93	13	1
94	13	1
113	13	3
114	13	3
13	132	2
13	175	2
178	13	3
13	198	2
13	210	2
13	263	2
282	13	3
13	292	3
13	368	3
16	14	2
14	18	1
22	14	2
24	14	2
14	29	3
43	14	2
47	14	3
14	65	1
14	68	2
79	14	3
92	14	2
14	96	1
14	97	2
147	14	1
155	14	2
14	181	1
191	14	2
14	266	3
283	14	3
287	14	1
14	308	3
14	311	1
14	343	2
14	354	1
14	365	1
15	16	2
15	19	2
15	36	1
15	73	1
83	15	2
15	99	2
118	15	3
227	15	1
15	291	1
306	15	2
15	384	1
31	16	2
16	44	3
52	16	1
16	63	3
85	16	3
16	91	2
16	139	2
211	16	1
235	16	1
291	16	1
19	17	3
51	17	3
17	68	2
116	17	1
17	157	2
17	205	2
221	17	1
17	353	3
17	354	3
55	18	3
18	116	3
181	18	2
187	18	2
210	18	3
18	249	3
18	271	3
289	18	2
18	381	2
39	19	3
44	19	2
51	19	1
19	56	3
62	19	2
78	19	3
85	19	1
19	87	2
19	89	1
19	101	2
19	104	2
19	106	2
117	19	1
19	120	1
19	123	1
19	132	3
138	19	3
19	146	3
172	19	2
19	230	3
233	19	2
258	19	3
282	19	2
19	310	3
323	19	2
329	19	3
19	341	3
366	19	3
19	375	2
19	399	3
23	20	3
20	63	1
75	20	2
90	20	2
20	100	3
130	20	2
20	316	1
93	21	3
21	133	3
21	153	3
21	165	2
167	21	1
194	21	2
21	391	2
22	31	3
22	35	2
22	50	2
22	102	2
26	23	1
23	41	3
23	47	2
86	23	1
23	197	1
312	23	3
24	37	3
160	24	3
370	24	3
92	25	3
97	25	3
290	25	3
343	25	3
26	30	2
36	26	1
40	26	2
26	49	1
104	26	3
26	119	2
26	120	2
124	26	3
127	26	3
26	170	1
198	26	3
26	211	1
215	26	3
228	26	3
27	28	1
57	27	3
27	60	1
27	76	1
84	27	2
110	27	3
27	113	1
137	27	1
161	27	3
27	204	2
222	27	3
27	245	3
261	27	2
283	27	1
27	337	3
388	27	1
28	29	2
28	44	2
56	28	3
87	28	1
28	100	3
112	28	3
28	142	1
28	192	3
218	28	2
28	234	2
253	28	1
358	28	2
29	82	2
144	29	2
29	203	3
231	29	3
29	240	3
30	54	3
84	30	2
30	135	2
145	30	3
30	154	3
30	217	2
30	229	3
241	30	1
289	30	1
383	30	1
35	31	1
38	31	2
49	31	2
50	31	2
53	31	3
55	31	2
65	31	2
73	31	1
31	77	2
111	31	3
31	121	3
137	31	1
159	31	1
214	31	1
219	31	3
237	31	3
31	330	2
334	31	1
31	350	2
42	32	1
32	49	2
129	32	3
143	32	3
196	32	1
32	203	3
250	32	3
32	262	3
295	32	1
32	386	1
33	46	2
53	33	2
132	33	3
162	33	3
240	33	1
33	317	2
33	322	2
41	34	3
34	83	2
34	126	1
34	158	1
193	34	3
276	34	3
34	342	1
396	34	3
35	42	2
56	35	2
35	76	2
201	35	1
203	35	2
35	299	1
35	316	1
333	35	2
36	96	3
105	36	1
36	115	2
36	126	2
36	161	3
36	163	1
36	267	1
386	36	2
38	45	3
38	50	1
38	51	2
61	38	1
64	38	3
38	78	3
38	90	2
166	38	3
178	38	3
183	38	3
220	38	3
226	38	2
250	38	3
274	38	2
296	38	1
38	301	2
303	38	3
305	38	1
38	309	2
322	38	2
39	54	1
66	39	2
70	39	1
39	72	1
39	150	3
39	157	3
162	39	3
39	260	3
261	39	3
326	39	3
338	39	1
379	39	2
40	71	3
168	40	3
40	255	2
72	41	1
41	80	2
192	41	3
225	41	2
42	45	2
42	58	3
42	91	1
42	119	1
42	125	3
134	42	2
42	152	3
42	158	1
42	222	2
42	237	3
246	42	2
258	42	1
42	308	1
385	42	2
81	43	1
140	43	2
44	82	2
129	44	2
157	44	1
44	192	1
346	44	3
44	356	2
388	44	1
58	45	2
153	45	1
335	45	1
155	46	2
46	175	3
47	95	2
184	47	2
278	47	2
280	47	2
47	314	3
381	47	2
47	399	2
48	85	3
48	107	2
231	48	2
235	48	3
80	49	2
88	49	3
49	244	3
49	299	1
49	336	2
50	60	2
75	50	1
89	50	2
107	50	3
50	109	3
155	50	1
218	50	2
50	281	1
50	359	2
51	57	3
70	51	3
51	86	1
189	51	1
51	193	3
202	51	3
343	51	3
366	51	2
51	388	1
275	53	2
53	380	3
174	54	2
55	289	1
59	56	3
56	67	2
56	74	1
56	75	2
127	56	3
56	128	1
56	153	1
205	56	2
56	208	1
56	219	1
238	56	3
252	56	2
56	254	1
316	56	3
336	56	3
369	56	2
59	57	2
76	57	2
57	95	3
57	133	3
186	57	1
57	198	3
399	57	1
61	58	1
173	58	3
58	181	2
266	58	2
318	58	2
58	330	3
169	59	1
190	59	3
60	101	1
60	326	3
373	60	1
61	79	3
61	106	1
61	116	1
190	61	2
194	61	2
246	61	2
275	61	2
312	61	2
374	61	2
378	61	1
248	62	1
294	62	3
63	318	1
63	379	3
112	64	3
124	64	2
64	185	2
341	64	3
65	228	3
65	334	1
66	95	2
66	119	1
66	151	1
262	66	2
273	66	2
376	66	2
68	103	1
68	146	3
68	382	3
68	387	3
389	68	2
111	69	1
222	69	3
71	109	2
123	71	2
71	365	2
71	372	2
380	71	3
72	98	2
72	126	2
73	306	3
377	73	1
74	134	1
74	154	2
195	74	2
74	238	2
74	344	2
75	121	1
76	296	1
76	392	3
98	77	3
77	137	2
77	148	1
77	159	1
77	187	3
77	241	2
273	77	3
77	307	3
77	339	2
93	78	1
104	78	3
78	142	3
164	78	1
188	78	3
200	78	3
78	207	1
78	209	1
78	226	3
243	78	2
248	78	3
78	351	2
367	78	3
79	292	1
138	80	3
313	80	1
324	81	1
249	82	3
253	82	2
83	122	1
239	83	1
257	83	1
84	94	1
84	360	3
85	280	1
85	352	1
86	280	3
171	87	2
376	87	3
88	134	2
88	139	1
212	88	2
111	89	1
147	89	3
89	236	3
275	89	2
89	394	1
90	96	2
150	90	3
168	90	2
90	174	3
90	197	3
209	90	3
90	223	1
90	230	2
233	90	2
254	90	3
90	260	2
333	90	2
90	339	1
90	345	2
352	90	3
393	90	3
313	92	2
122	93	2
128	93	2
236	93	3
93	272	1
286	93	2
93	337	3
94	106	3
184	94	1
94	237	3
94	351	2
95	127	1
263	95	3
384	95	1
96	193	2
96	230	1
96	368	1
140	97	2
182	97	2
225	97	3
97	227	1
97	245	1
273	97	1
298	97	1
97	330	1
97	345	3
350	97	2
373	97	2
393	97	2
118	98	2
141	98	1
170	98	3
114	99	1
99	125	1
99	141	1
99	310	1
99	323	3
135	100	3
216	100	1
328	100	3
100	362	3
208	101	3
101	321	2
110	102	3
102	115	1
102	151	3
247	103	3
170	104	1
104	255	2
304	105	2
106	108	3
110	106	2
106	162	2
166	106	3
206	106	1
106	245	1
206	107	2
298	107	2
108	129	2
108	165	3
201	108	1
108	361	3
109	150	2
110	176	3
136	111	3
111	239	2
111	288	3
347	114	3
249	115	1
131	116	3
116	199	2
221	117	3
117	256	3
117	285	2
117	304	1
117	363	1
117	386	1
119	201	2
120	131	1
149	120	2
295	120	2
120	305	2
217	121	1
121	232	2
122	180	3
190	122	3
122	243	2
122	244	1
122	271	2
297	122	1
300	122	1
321	122	3
122	396	1
123	142	2
123	149	2
123	179	2
204	123	1
123	259	2
123	279	3
177	124	2
212	124	3
265	124	3
125	151	3
125	171	2
291	125	3
125	339	2
144	126	2
126	152	3
252	126	2
126	377	1
126	391	2
128	130	2
293	128	1
290	130	3
130	293	2
130	327	2
130	361	1
131	349	1
364	131	3
132	140	3
132	158	2
132	285	1
132	373	3
132	391	1
133	179	1
309	133	3
331	133	1
134	141	1
134	143	2
220	134	3
134	277	3
344	134	1
136	189	2
136	293	1
137	187	1
270	137	3
138	247	1
138	308	1
139	176	3
139	232	1
139	258	2
139	372	3
145	141	2
141	238	3
142	195	3
355	142	1
233	143	2
144	387	2
145	325	1
396	145	1
146	149	1
182	146	2
146	183	1
146	208	3
147	160	2
235	147	2
147	332	1
150	211	1
150	213	2
294	150	1
364	150	2
152	371	2
153	270	1
153	319	2
180	154	2
282	155	2
372	155	1
156	163	1
156	374	3
269	158	3
395	158	1
254	159	3
277	159	3
159	311	3
210	160	1
160	265	1
320	160	2
161	167	1
189	161	3
161	234	1
161	264	3
329	161	2
161	382	2
162	267	2
166	163	2
196	163	3
242	163	2
279	163	3
164	214	2
324	164	1
327	165	3
197	167	3
214	167	1
169	257	2
191	170	2
314	172	2
174	207	2
174	248	1
296	174	1
175	216	1
292	175	3
176	349	1
180	243	2
257	180	3
180	267	1
188	181	2
368	181	2
185	216	2
186	285	2
204	188	1
232	188	3
188	371	3
302	190	3
190	357	2
278	191	1
272	192	2
193	227	1
319	193	2
193	328	1
338	193	3
193	398	2
357	195	1
202	197	2
197	268	2
246	198	3
325	198	3
198	342	2
213	199	3
201	221	1
242	201	1
206	202	3
312	202	2
205	215	3
205	353	2
224	206	3
206	278	1
385	206	1
255	207	3
219	211	1
211	342	3
213	256	3
213	283	3
290	215	1
216	224	3
268	216	1
367	216	2
217	329	2
303	218	3
218	309	2
219	226	1
219	229	2
222	397	2
223	256	3
331	223	2
227	268	2
347	227	3
277	232	2
300	232	3
233	239	1
281	233	1
233	331	2
234	379	2
235	259	2
395	235	1
315	238	3
239	299	2
287	247	2
247	375	2
262	248	1
248	281	1
249	269	2
250	251	3
252	314	3
253	301	3
360	253	3
254	348	2
324	255	1
256	286	2
256	303	3
256	337	2
256	359	2
258	394	3
307	259	3
260	320	1
374	260	3
274	264	3
276	264	1
264	358	3
288	266	3
297	266	1
392	267	3
268	272	1
326	268	2
340	270	1
271	347	2
376	273	2
274	363	1
385	278	1
279	304	3
328	279	3
279	370	1
283	300	1
381	283	1
323	284	3
298	286	2
288	315	2
293	322	2
295	305	3
295	351	3
369	295	3
317	297	1
298	348	2
304	307	2
305	363	1
310	307	2
307	332	2
311	341	3
349	311	2
356	313	3
334	314	3
346	316	3
361	317	1
318	378	1
320	383	1
335	327	1
345	330	3
333	359	3
357	345	2
387	355	2
358	384	1
377	363	2
366	398	2
392	384	2
