0	1	1
2	0	2
3	0	1
0	4	1
5	0	2
9	0	2
12	0	3
20	0	3
25	0	2
33	0	2
34	0	1
57	0	2
62	0	3
79	0	3
0	91	2
0	93	3
0	94	3
98	0	3
110	0	2
0	121	1
128	0	2
142	0	3
146	0	1
148	0	1
153	0	3
165	0	3
0	217	2
0	249	2
250	0	2
0	253	1
254	0	1
0	284	2
301	0	3
0	303	1
312	0	2
322	0	1
0	335	3
0	339	3
0	358	2
364	0	1
365	0	2
376	0	1
0	386	1
1	2	2
1	3	1
6	1	3
1	7	1
10	1	2
1	12	3
13	1	1
23	1	2
30	1	2
38	1	3
1	39	3
1	40	3
66	1	1
1	78	1
88	1	2
1	89	1
116	1	3
1	117	1
1	121	3
1	130	1
220	1	2
255	1	3
1	260	2
270	1	2
297	1	1
319	1	2
326	1	1
1	331	2
362	1	3
375	1	3
384	1	2
2	3	1
2	4	3
2	5	1
6	2	3
7	2	1
8	2	3
14	2	2
2	15	2
2	16	2
2	19	1
26	2	2
2	28	3
2	30	2
31	2	1
38	2	3
2	42	1
2	52	1
59	2	3
71	2	2
2	78	1
104	2	3
2	107	3
2	113	1
2	126	2
2	135	3
155	2	1
2	160	3
167	2	1
2	175	3
2	177	3
221	2	2
237	2	3
2	238	3
2	241	3
2	251	3
275	2	3
284	2	1
288	2	3
2	293	3
312	2	2
2	314	3
357	2	2
383	2	1
390	2	1
3	4	2
3	6	3
3	8	3
3	9	1
3	11	2
12	3	1
3	15	2
3	16	2
3	20	1
3	22	1
3	24	1
3	25	2
31	3	1
32	3	2
33	3	1
3	35	3
39	3	2
40	3	3
3	54	2
3	61	1
63	3	2
67	3	1
75	3	2
80	3	1
3	84	1
86	3	2
87	3	2
90	3	2
3	92	2
3	102	3
105	3	1
110	3	1
126	3	2
127	3	2
135	3	3
3	143	1
146	3	1
3	184	1
3	186	1
3	209	3
3	224	2
245	3	2
287	3	1
302	3	2
330	3	3
3	331	2
3	339	2
364	3	1
374	3	3
376	3	2
4	5	1
4	8	2
4	9	2
4	10	1
13	4	2
14	4	1
4	17	2
18	4	2
21	4	1
24	4	1
36	4	1
4	42	1
4	43	3
46	4	1
49	4	3
4	54	1
4	62	2
75	4	2
4	83	2
4	95	3
4	102	2
103	4	3
4	114	2
118	4	1
4	121	2
4	131	2
136	4	1
4	143	2
4	158	1
163	4	2
4	175	2
187	4	1
4	193	1
4	223	3
271	4	1
4	274	3
4	287	1
316	4	3
4	346	3
4	352	3
5	17	2
23	5	1
40	5	3
42	5	3
5	48	1
5	50	2
55	5	1
5	64	2
76	5	2
5	91	3
103	5	1
5	104	1
5	152	2
5	178	1
234	5	3
237	5	3
241	5	2
5	267	1
5	268	1
280	5	3
5	300	2
325	5	2
5	360	3
5	395	3
6	7	2
6	10	1
13	6	2
6	17	1
6	19	2
6	22	1
36	6	2
6	45	3
6	53	3
66	6	1
6	68	1
6	72	1
73	6	2
6	93	3
97	6	1
6	118	3
145	6	3
168	6	2
6	186	3
6	188	3
211	6	3
6	231	3
6	262	2
6	293	3
305	6	3
314	6	3
6	377	2
378	6	2
7	18	3
41	7	3
7	67	2
7	79	2
80	7	3
114	7	2
7	144	1
7	178	2
179	7	1
7	198	1
320	7	2
7	328	1
351	7	1
358	7	1
365	7	2
8	11	3
8	21	2
8	69	1
8	248	2
9	18	1
9	51	3
74	9	1
86	9	1
9	95	3
140	9	1
9	147	3
175	9	3
176	9	2
9	202	2
219	9	2
285	9	1
9	287	1
292	9	2
326	9	2
9	340	3
354	9	2
374	9	1
10	11	3
10	20	2
10	22	3
27	10	2
30	10	3
32	10	2
47	10	3
10	49	1
64	10	2
69	10	2
10	91	3
105	10	2
107	10	3
112	10	1
138	10	2
10	151	3
10	172	2
10	178	2
10	194	3
227	10	1
244	10	1
246	10	2
281	10	3
10	285	1
10	304	3
10	333	2
10	348	1
10	356	3
374	10	1
388	10	1
51	11	1
11	60	2
88	11	1
106	11	3
11	153	1
231	11	3
11	263	1
11	278	1
320	11	2
349	11	3
11	351	1
23	12	3
12	26	2
27	12	2
28	12	2
12	43	2
44	12	3
60	12	3
12	77	3
12	123	2
124	12	3
12	196	1
12	216	2
228	12	3
309	12	1
313	12	2
12	332	2
12	368	1
12	388	2
13	14	2
13	15	1
13	29	3
13	99	1
123	13	1
13	150	2
174	13	3
197	13	2
242	13	2
277	13	3
13	314	3
333	13	3
13	382	1
16	14	1
61	14	1
68	14	3
78	14	3
14	86	2
14	161	1
167	14	2
191	14	3
195	14	2
215	14	1
216	14	3
217	14	2
222	14	2
239	14	2
248	14	3
335	14	1
14	340	2
361	14	1
14	378	2
15	41	2
44	15	3
90	15	1
133	15	2
15	134	3
188	15	2
289	15	3
318	15	2
347	15	1
15	359	1
25	16	2
16	43	1
16	52	2
56	16	2
16	75	3
88	16	1
16	96	1
16	119	1
357	16	2
19	17	2
17	21	2
17	47	1
17	63	1
74	17	2
83	17	2
17	200	3
264	17	3
17	265	2
17	297	1
17	300	1
17	313	2
321	17	1
28	18	1
29	18	2
34	18	3
18	37	2
18	39	3
52	18	3
61	18	3
65	18	1
18	68	3
70	18	2
72	18	1
133	18	2
189	18	1
18	197	3
389	18	3
36	19	3
44	19	1
19	62	3
19	73	3
19	74	1
81	19	3
19	82	1
19	137	1
182	19	2
19	236	2
19	242	1
282	19	3
294	19	1
308	19	3
19	391	2
27	20	3
53	20	3
20	57	3
20	158	3
20	173	2
323	20	1
341	20	3
20	383	3
20	390	2
32	21	3
35	21	1
77	21	3
177	21	1
21	190	3
21	212	3
286	21	3
21	288	1
397	21	2
24	22	1
35	22	3
46	22	2
22	48	3
22	70	3
22	87	3
22	109	3
22	149	2
22	166	1
22	172	2
22	183	1
22	185	3
192	22	1
22	199	1
213	22	3
229	22	3
233	22	2
256	22	3
389	22	3
391	22	2
26	23	3
29	23	1
31	23	2
23	34	3
37	23	1
65	23	2
79	23	1
94	23	3
23	101	1
109	23	3
111	23	3
23	156	2
207	23	3
208	23	1
222	23	2
23	237	3
259	23	2
23	294	1
23	302	1
23	334	1
23	366	3
23	384	3
386	23	1
24	252	1
25	33	3
47	25	2
25	58	3
101	25	1
25	144	3
25	166	1
25	174	1
25	217	1
336	25	1
25	342	2
26	59	1
26	115	2
26	151	1
216	26	1
26	286	3
326	27	3
28	50	1
28	82	2
98	28	1
120	28	2
143	28	3
154	28	2
28	268	3
28	292	3
28	354	3
28	355	2
28	369	3
29	77	1
29	85	1
113	29	2
29	139	1
29	140	1
29	162	2
29	165	1
205	29	2
210	29	3
305	29	1
30	51	2
93	30	3
170	30	1
30	344	3
45	31	2
31	50	1
54	31	3
55	31	2
60	31	3
31	76	3
125	31	3
336	31	3
64	32	3
103	32	2
32	133	1
228	32	3
317	32	1
32	327	1
164	33	2
33	265	1
380	33	3
34	150	1
34	183	2
332	34	1
35	37	3
38	35	1
35	59	1
97	35	1
35	101	3
134	35	3
141	35	2
148	35	2
35	176	2
35	203	3
286	35	3
297	35	2
55	36	2
36	56	1
36	58	3
108	36	1
279	36	2
291	36	2
36	338	2
344	36	1
37	114	2
195	37	3
37	273	1
37	315	2
38	45	3
38	46	1
38	58	3
94	38	3
38	300	2
39	41	3
85	39	1
39	96	2
113	39	2
149	39	3
39	171	2
180	39	1
200	39	2
39	218	1
39	219	1
247	39	1
39	258	2
356	39	3
370	39	3
40	48	1
40	49	1
40	71	1
40	108	2
40	112	2
40	132	3
40	189	3
205	40	2
218	40	1
40	239	2
251	40	2
274	40	2
40	280	1
40	290	2
40	327	2
40	373	1
89	41	1
100	41	2
41	276	1
72	42	1
83	42	3
172	42	1
204	42	1
42	236	2
42	248	3
42	310	2
319	42	2
42	381	3
393	42	2
43	57	1
43	84	3
169	43	2
92	44	3
44	95	2
44	115	3
124	44	2
44	136	1
203	44	3
206	44	2
44	334	3
335	44	1
45	53	2
45	157	3
196	45	2
199	45	2
257	45	2
295	45	3
380	45	3
145	46	3
46	168	1
225	46	2
342	46	3
46	355	2
47	97	3
112	47	2
47	211	2
47	226	3
275	47	3
65	48	2
373	48	1
50	56	3
50	116	2
100	51	3
125	51	1
137	51	1
141	51	3
51	258	2
332	51	2
371	51	3
180	52	2
393	52	3
73	53	2
76	53	1
81	53	1
106	53	2
110	53	2
160	53	2
53	200	1
227	53	1
53	235	3
53	269	2
279	53	3
318	53	1
323	53	3
338	53	2
396	53	1
120	54	1
232	54	2
366	54	2
379	54	1
55	108	3
162	55	3
56	130	3
56	151	3
244	56	2
56	348	3
56	396	3
120	57	3
57	129	1
145	57	3
57	152	1
57	270	3
277	57	3
291	57	1
347	57	3
361	57	2
58	70	1
98	59	3
169	59	2
59	225	3
59	233	2
242	59	2
59	279	1
59	296	3
310	59	2
59	324	3
59	392	1
60	66	1
60	118	1
60	379	3
96	61	1
140	61	1
141	61	2
61	154	1
61	155	1
61	191	2
61	223	2
61	234	2
238	61	2
61	307	1
62	63	2
213	62	3
270	62	1
281	62	2
62	304	1
62	381	2
132	63	3
63	197	2
387	63	1
82	64	1
64	122	3
190	64	2
309	64	1
65	67	2
65	84	2
65	111	3
173	65	1
179	65	3
257	65	2
282	65	3
65	313	2
353	65	2
393	65	3
66	69	2
71	66	2
66	115	2
150	66	2
66	230	1
233	66	1
66	255	3
345	66	3
66	352	1
66	366	2
220	67	2
67	283	3
277	68	1
69	127	2
69	136	2
69	146	1
69	182	2
198	69	1
89	70	2
99	70	2
123	70	1
131	71	2
135	71	3
152	71	3
264	71	2
73	92	3
73	111	3
73	119	1
73	231	1
240	73	1
73	316	3
142	74	2
74	170	2
74	174	3
74	199	2
284	74	3
126	75	3
75	128	3
157	75	3
181	75	1
102	76	1
76	106	3
109	76	2
147	76	2
76	325	1
345	76	3
81	77	3
77	209	2
77	215	1
280	77	2
77	343	3
78	90	3
78	117	2
163	78	2
193	78	2
201	78	2
78	218	2
281	78	2
78	336	2
378	78	3
80	79	2
79	105	3
79	134	3
80	159	3
80	187	1
234	80	3
274	80	3
399	80	1
107	81	3
81	158	3
229	81	3
81	283	3
81	319	1
81	342	2
85	82	2
82	344	2
386	82	3
139	83	2
129	84	2
84	169	2
84	179	2
189	84	1
329	84	2
85	87	2
155	85	2
184	85	1
86	161	3
226	86	2
86	253	3
86	263	3
350	86	1
87	164	2
259	87	1
278	87	3
87	301	2
173	88	2
267	88	3
90	241	3
321	90	3
363	90	3
91	100	1
91	116	3
91	125	2
91	159	1
91	176	1
185	91	2
210	91	1
212	91	2
91	251	3
252	91	3
91	294	2
91	370	1
92	363	2
131	93	3
132	93	3
93	153	2
104	94	3
144	94	2
94	147	3
94	187	3
94	227	3
310	94	1
95	99	2
214	95	2
96	188	3
97	130	3
196	98	1
99	168	1
99	184	2
272	99	2
149	101	2
399	101	1
102	183	1
103	230	2
278	103	3
103	372	3
104	159	3
104	232	2
266	104	2
104	269	1
301	104	1
394	104	3
105	154	3
165	105	1
105	167	2
337	105	2
107	162	2
205	107	3
263	107	2
108	122	3
108	191	3
212	108	2
312	108	1
368	108	1
193	110	3
110	338	2
110	354	3
111	209	1
156	112	1
112	307	3
122	113	2
343	113	3
114	119	3
114	142	3
181	114	2
114	230	3
114	253	2
114	337	2
114	371	1
115	117	3
115	127	2
156	115	1
115	221	2
115	252	1
115	358	2
367	115	2
240	116	1
128	117	2
118	138	3
235	118	3
166	119	2
302	119	3
367	119	3
398	119	1
129	120	3
163	120	2
164	120	1
194	120	3
228	120	2
120	247	2
120	298	3
355	120	2
121	192	2
240	121	2
121	311	1
202	122	1
123	124	2
224	123	2
295	123	2
320	123	1
380	123	2
124	204	1
124	265	2
139	125	2
125	254	3
126	180	3
259	126	3
203	128	3
229	128	2
235	128	1
128	260	3
137	129	3
129	198	1
213	129	3
226	129	2
245	129	3
129	256	3
295	131	1
350	131	2
131	387	2
132	160	3
133	161	3
133	181	2
236	133	3
133	258	1
133	322	2
136	275	1
397	136	3
138	137	1
157	137	2
137	171	1
186	137	2
341	137	3
137	385	2
139	214	2
347	139	2
232	142	1
142	299	1
144	194	1
207	144	3
144	266	3
144	269	3
148	145	3
224	145	3
145	267	1
255	146	3
363	146	2
148	290	2
149	245	1
266	150	3
150	298	2
225	151	3
151	356	3
201	152	2
152	327	2
153	208	2
214	153	2
153	250	1
257	153	3
153	262	3
264	153	1
154	171	2
195	154	2
394	154	1
220	155	2
155	246	2
156	208	1
156	256	1
268	156	2
177	157	1
243	157	1
261	157	1
360	157	1
185	159	3
262	159	1
340	159	3
201	161	1
161	296	1
161	309	3
161	371	1
190	162	3
202	163	1
170	164	3
164	272	3
164	385	2
165	350	3
207	167	2
167	215	3
362	167	2
167	370	3
168	243	1
168	285	3
168	315	1
399	168	1
182	169	1
349	169	3
384	169	2
210	170	1
398	171	3
172	192	3
174	291	2
250	176	3
345	176	2
177	249	2
179	381	2
271	180	2
181	222	2
182	359	3
323	183	2
246	184	2
254	184	1
184	325	2
187	223	3
328	187	1
261	188	1
204	189	2
189	273	2
189	369	3
271	190	1
353	192	3
206	193	3
193	249	1
194	238	2
195	244	1
195	362	2
196	221	2
197	247	1
318	197	2
206	200	1
203	373	3
204	303	1
298	207	1
219	208	3
211	209	2
289	209	2
290	210	2
211	304	2
212	375	2
212	387	2
218	353	2
219	357	2
221	382	3
398	221	3
389	222	3
224	243	2
282	224	2
308	224	3
224	361	1
368	225	1
396	225	2
239	227	3
229	311	2
343	229	2
261	230	3
317	234	3
341	234	2
364	234	3
260	235	1
306	235	1
296	237	3
238	391	1
239	288	3
242	299	1
392	248	2
324	249	1
249	388	1
276	252	2
316	252	2
329	252	2
253	397	2
272	254	3
255	317	2
255	339	2
256	306	3
308	257	2
257	334	3
333	258	2
349	258	1
259	307	1
377	259	2
263	330	1
263	372	1
276	265	3
265	306	2
265	311	1
266	273	2
266	351	3
266	379	3
289	267	2
269	315	2
305	270	3
273	382	3
283	275	3
275	330	1
275	331	3
282	299	1
283	292	3
392	284	2
289	322	3
346	289	2
348	289	1
289	390	1
292	293	2
303	295	2
321	298	2
300	324	2
395	301	2
383	303	2
328	314	1
317	394	1
318	360	2
321	346	3
326	329	1
377	330	2
337	332	1
333	376	3
372	336	3
365	338	3
344	369	2
347	352	2
359	348	1
385	356	3
367	358	1
374	375	3
394	395	2
