0	1	1
2	0	2
0	3	2
0	4	1
5	0	2
6	0	2
7	0	2
14	0	2
16	0	3
0	17	3
23	0	2
29	0	3
0	30	3
0	37	2
39	0	1
53	0	1
0	66	2
68	0	2
0	81	3
85	0	3
0	93	3
104	0	3
0	106	2
0	113	3
123	0	1
0	132	2
0	135	1
0	162	3
171	0	2
0	173	2
0	177	3
180	0	2
187	0	2
0	191	3
209	0	1
0	260	2
0	261	3
0	303	2
0	334	2
0	336	2
0	364	3
368	0	3
2	1	3
3	1	2
1	4	2
7	1	2
1	9	1
1	12	3
13	1	1
16	1	3
18	1	3
1	20	1
1	21	1
1	22	2
1	24	1
30	1	1
31	1	2
1	33	2
1	35	3
48	1	2
1	69	1
70	1	2
1	71	1
74	1	1
1	86	3
90	1	3
115	1	3
123	1	3
129	1	3
1	140	1
158	1	3
1	162	3
163	1	3
1	164	2
174	1	3
236	1	1
1	254	2
1	262	3
324	1	2
1	365	3
379	1	3
3	2	2
2	5	2
2	20	1
2	22	2
29	2	2
35	2	2
47	2	3
2	58	3
2	82	2
2	118	1
2	136	2
194	2	2
2	213	1
221	2	3
2	240	1
2	249	2
276	2	2
2	298	3
306	2	1
2	396	2
4	3	3
3	6	3
3	7	1
8	3	1
3	9	2
3	10	2
3	14	3
15	3	3
18	3	2
22	3	2
3	26	2
32	3	1
36	3	2
38	3	1
3	39	1
40	3	2
3	41	3
3	45	1
47	3	2
3	50	2
3	52	2
3	55	3
57	3	2
59	3	3
3	63	3
3	69	1
3	71	2
3	76	2
88	3	3
3	89	1
3	102	2
3	112	3
3	115	1
3	118	3
3	125	1
138	3	1
3	143	3
147	3	1
3	151	3
154	3	1
156	3	3
157	3	1
173	3	2
191	3	2
3	192	1
3	214	2
229	3	1
233	3	1
253	3	1
3	256	1
3	257	2
3	268	1
273	3	3
275	3	1
281	3	3
3	289	3
3	311	1
318	3	3
3	328	1
3	329	1
3	335	2
3	344	3
383	3	2
3	385	1
395	3	1
4	5	3
6	4	3
8	4	2
4	11	2
12	4	3
17	4	2
19	4	1
20	4	1
4	21	3
25	4	3
33	4	1
4	36	3
4	42	2
44	4	1
4	52	2
58	4	3
4	74	3
4	78	3
4	79	3
4	91	3
93	4	1
4	94	2
4	97	3
4	99	3
101	4	2
119	4	3
4	130	3
156	4	1
170	4	1
171	4	2
4	185	1
4	186	2
203	4	2
4	209	2
4	246	1
259	4	2
4	274	1
373	4	1
377	4	1
11	5	1
13	5	2
27	5	2
32	5	1
141	5	2
146	5	2
5	177	2
5	198	3
5	227	2
5	253	1
5	258	3
5	268	3
5	284	3
389	5	3
10	6	2
6	14	3
19	6	1
21	6	1
23	6	2
6	25	1
6	29	1
6	34	3
38	6	3
44	6	2
59	6	1
6	60	3
6	76	2
78	6	2
6	98	1
100	6	3
6	105	3
112	6	3
6	121	3
6	132	3
6	137	2
139	6	1
6	155	3
6	157	1
165	6	1
6	174	1
6	190	1
200	6	1
205	6	3
6	220	1
221	6	3
226	6	3
246	6	1
256	6	2
271	6	3
281	6	1
304	6	3
6	307	1
312	6	1
326	6	1
331	6	2
6	345	1
6	370	3
383	6	3
8	7	1
7	9	1
7	10	3
12	7	1
7	24	3
28	7	1
7	31	1
7	43	3
48	7	2
7	56	3
7	61	3
72	7	2
86	7	3
90	7	1
100	7	1
7	103	3
7	105	2
7	106	2
107	7	1
119	7	3
124	7	3
7	150	2
7	172	1
180	7	1
184	7	1
7	208	2
210	7	3
211	7	3
225	7	2
7	227	1
263	7	1
7	273	3
7	276	2
298	7	3
318	7	2
322	7	3
336	7	2
7	338	2
7	341	3
351	7	1
7	357	3
373	7	3
36	8	2
102	8	1
8	223	1
8	231	2
271	8	1
8	292	2
8	337	3
8	358	2
8	372	1
8	399	1
11	9	2
9	15	2
27	9	1
28	9	3
9	32	2
34	9	2
9	41	1
80	9	1
9	81	3
86	9	3
92	9	2
103	9	1
108	9	1
9	113	3
9	135	2
9	146	2
163	9	3
9	169	1
195	9	1
200	9	2
9	228	3
238	9	1
9	242	3
9	245	3
279	9	3
291	9	2
9	306	3
309	9	3
310	9	2
313	9	3
319	9	2
376	9	1
13	10	2
10	89	1
138	10	3
154	10	2
229	10	1
236	10	3
10	343	2
353	10	1
11	16	1
11	18	2
11	24	2
11	31	3
11	35	3
11	51	2
11	59	3
11	61	2
62	11	3
64	11	3
83	11	1
87	11	3
148	11	3
11	164	2
212	11	1
234	11	2
11	238	1
307	11	2
11	339	2
11	390	1
12	15	3
26	12	3
12	27	1
54	12	2
12	81	1
121	12	1
12	142	1
149	12	1
199	12	2
311	12	3
328	12	1
12	345	2
12	360	1
385	12	3
34	13	2
13	64	3
13	65	2
13	99	3
13	104	1
13	105	2
13	143	2
13	145	2
204	13	3
265	13	2
13	267	2
269	13	2
17	14	2
14	54	2
65	14	1
72	14	3
14	88	1
14	159	3
14	187	3
14	228	1
270	14	2
290	14	2
300	14	2
329	14	2
15	43	2
15	49	2
15	90	2
134	15	2
15	190	3
204	15	1
15	231	1
264	15	1
15	352	1
354	15	2
369	15	2
16	26	2
30	16	3
60	16	1
16	67	1
69	16	3
16	140	3
161	16	3
207	16	2
226	16	1
303	16	3
316	16	1
17	40	1
72	17	3
17	73	2
84	17	1
17	85	2
97	17	3
17	131	3
17	232	3
251	17	2
254	17	3
354	17	3
17	388	1
19	18	2
42	18	2
18	45	1
55	18	2
18	66	2
18	75	3
80	18	1
18	117	2
124	18	3
18	128	3
139	18	1
18	164	2
18	168	2
18	170	3
174	18	2
18	175	1
181	18	2
186	18	1
193	18	3
18	198	2
211	18	3
18	241	3
18	250	1
357	18	2
18	372	1
375	18	1
18	391	1
18	398	3
33	19	3
19	48	2
19	80	3
19	110	2
19	111	3
19	113	3
116	19	1
19	126	3
150	19	3
19	157	2
267	19	3
326	19	3
19	329	3
19	337	1
19	367	2
19	374	1
378	19	3
23	20	2
20	25	2
40	20	2
20	43	2
20	51	1
55	20	2
20	63	3
20	65	2
67	20	2
71	20	3
106	20	2
158	20	1
250	20	1
285	20	1
295	20	2
330	20	3
20	396	3
82	21	1
151	21	2
21	153	2
21	179	1
282	21	3
21	290	2
21	355	3
61	22	2
79	22	3
22	388	2
23	175	2
239	23	2
24	37	3
24	46	3
47	24	3
24	53	1
66	24	3
24	70	1
88	24	3
24	97	1
109	24	1
24	110	1
115	24	1
126	24	3
129	24	1
136	24	3
142	24	3
159	24	1
161	24	3
167	24	2
24	193	3
24	202	2
205	24	3
260	24	3
266	24	1
287	24	1
344	24	2
377	24	2
24	394	1
28	25	2
25	46	2
49	25	3
25	67	2
25	92	2
107	25	3
25	116	3
25	275	1
302	25	1
25	324	3
50	26	2
26	56	1
87	26	1
120	26	2
26	128	3
132	26	1
167	26	3
186	26	1
215	26	1
218	26	1
26	282	1
26	387	2
208	27	1
27	226	3
227	27	2
27	317	1
41	28	3
28	58	2
64	28	1
212	28	1
321	28	2
348	28	1
29	37	3
73	29	3
29	78	2
29	93	1
29	185	3
29	239	2
266	29	1
272	29	3
30	45	2
60	30	1
30	184	1
30	216	1
30	222	2
30	307	1
320	30	2
30	361	3
379	30	2
385	30	1
52	31	1
54	31	2
125	31	3
149	31	3
31	173	3
31	213	1
275	31	2
280	31	3
31	370	2
83	32	3
32	312	3
371	32	1
140	33	2
33	175	3
203	33	3
220	33	3
33	237	2
345	33	1
34	42	2
49	34	1
34	53	2
34	62	2
109	34	2
130	34	2
144	34	2
34	185	3
34	206	2
34	214	3
34	247	1
34	261	1
34	281	1
333	34	3
35	265	3
36	44	3
68	36	2
127	36	3
299	36	2
366	36	3
368	36	3
369	36	3
384	36	1
37	38	3
39	37	2
46	37	3
57	37	3
222	37	2
285	37	1
37	287	2
37	360	1
68	38	2
94	38	2
95	38	3
98	38	2
38	108	2
38	350	2
95	39	3
39	169	1
39	192	2
196	39	3
210	40	3
241	40	1
56	41	2
127	41	1
41	168	2
182	41	2
41	288	2
299	41	2
41	308	2
340	41	3
74	42	3
42	76	1
42	155	2
188	42	2
43	50	3
43	57	3
62	43	3
94	43	1
108	43	3
202	43	1
238	43	2
43	252	2
357	43	1
51	45	2
77	45	2
45	92	2
45	304	2
45	356	2
368	45	3
46	70	2
46	77	3
46	176	1
284	46	1
338	46	3
46	354	3
47	145	3
47	152	2
75	48	3
134	48	1
49	133	2
243	49	2
264	49	3
49	296	1
50	84	2
126	50	1
129	50	3
50	154	3
156	50	3
50	193	1
50	224	1
313	50	3
375	50	2
100	51	3
51	196	3
52	82	3
52	87	2
52	109	2
153	52	1
52	165	3
52	168	3
52	179	1
190	52	2
52	202	1
204	52	2
52	205	1
52	207	3
52	234	2
52	317	3
52	328	2
384	52	1
52	387	2
391	52	1
110	53	2
136	53	2
53	155	2
260	53	2
286	53	1
296	53	3
53	325	3
101	54	3
54	103	2
54	122	3
54	133	2
178	54	3
180	54	2
264	54	3
54	321	3
54	395	1
75	55	1
101	55	3
55	131	2
146	55	1
137	56	3
148	56	1
56	167	1
63	57	1
57	139	1
57	195	3
57	302	3
153	58	2
59	85	3
77	60	3
84	60	3
143	60	1
60	158	1
60	194	2
60	219	2
359	60	3
389	60	1
61	234	1
277	61	1
279	61	2
61	283	2
61	339	3
62	107	3
111	62	3
62	120	1
141	62	2
147	62	2
160	62	3
62	199	1
225	62	1
255	62	2
62	315	2
63	327	1
73	64	2
112	64	1
64	332	1
371	64	1
398	64	3
65	134	3
65	172	1
65	178	1
65	189	2
65	219	3
315	65	1
91	66	3
66	122	1
66	251	3
66	272	3
135	67	3
67	233	1
67	235	3
67	343	1
68	114	2
199	68	2
68	295	3
68	377	2
259	70	1
371	70	3
70	380	3
71	194	1
197	71	2
71	259	1
71	392	1
117	72	2
72	183	1
200	72	1
72	335	1
203	73	1
242	73	3
346	73	2
162	74	1
74	225	3
114	75	1
138	75	2
76	79	3
76	142	1
131	77	3
77	320	1
91	78	2
78	152	2
197	78	1
342	78	2
349	78	2
172	79	2
240	79	1
247	79	2
79	311	3
80	96	3
80	192	1
80	243	2
287	80	2
81	83	1
81	96	2
125	81	2
81	223	2
231	81	2
82	123	2
98	84	2
183	84	2
84	196	1
356	84	3
84	387	3
179	85	3
360	85	1
166	86	3
191	86	2
86	232	2
87	89	2
87	96	3
111	87	1
87	120	3
87	178	1
87	208	3
251	87	1
289	87	1
87	325	2
352	87	3
382	87	1
247	88	3
89	95	2
89	118	3
89	291	1
90	130	2
90	144	1
184	90	1
90	223	1
90	256	2
90	278	1
90	288	3
319	90	2
326	90	2
90	375	1
127	91	1
166	91	3
340	91	3
92	365	2
94	99	1
95	160	3
95	230	1
363	95	2
388	95	2
96	102	1
215	96	2
96	241	2
166	97	2
144	98	1
150	98	3
322	98	1
197	99	3
99	229	2
99	250	1
104	100	1
117	101	3
171	101	3
101	206	1
101	389	2
309	102	3
103	121	1
137	103	2
261	103	1
177	104	3
105	114	1
119	105	3
105	346	2
105	359	2
124	106	2
106	149	3
106	336	1
107	116	3
207	107	1
209	107	2
217	107	3
274	107	1
253	108	2
109	358	1
244	110	3
249	110	2
110	331	3
111	211	3
111	279	2
111	283	3
152	112	3
220	113	3
114	182	1
293	114	2
117	333	2
118	145	3
235	118	2
291	118	2
122	120	2
181	120	1
188	120	2
120	206	2
120	214	2
221	120	3
242	120	2
120	304	2
120	330	3
121	365	2
323	122	1
122	349	2
123	141	3
123	163	3
188	123	1
123	210	1
123	286	1
124	216	2
263	124	2
133	125	3
148	125	1
125	170	2
125	183	2
125	236	1
125	239	3
125	269	1
125	327	1
351	125	2
128	126	1
308	126	2
399	126	3
127	159	3
128	270	3
322	128	2
128	340	2
339	129	1
342	129	1
129	356	2
129	386	2
290	131	2
132	334	3
132	393	1
133	286	3
133	337	3
147	136	2
151	136	3
136	181	1
189	136	2
136	272	2
136	373	3
391	136	3
195	137	2
235	137	3
237	137	2
245	137	1
306	137	1
169	138	2
217	138	2
257	138	3
353	139	2
140	160	3
140	182	2
141	224	2
276	143	2
189	144	2
198	144	2
144	243	2
362	144	3
145	297	2
176	148	2
148	245	3
325	148	1
318	149	3
150	244	3
151	161	2
151	212	3
255	151	1
316	151	2
382	151	1
151	396	3
152	230	2
316	152	3
152	342	2
152	346	3
153	201	1
224	153	1
153	268	2
298	153	3
305	153	1
383	153	3
154	165	3
213	154	3
154	315	1
155	176	2
332	156	2
156	352	3
382	156	2
244	158	3
159	232	3
393	159	3
187	161	1
163	258	1
262	164	1
294	164	1
164	303	1
167	277	2
366	167	1
332	170	3
170	347	2
353	170	2
171	215	3
171	218	2
171	305	2
172	240	2
172	374	1
319	174	3
174	378	3
174	380	3
394	175	1
176	248	2
176	266	2
278	178	1
280	178	3
179	262	2
355	179	1
179	376	3
180	216	1
182	201	3
270	182	2
182	321	1
222	183	2
185	301	2
185	390	1
386	186	2
271	187	3
187	300	2
187	362	2
255	188	2
265	188	3
269	188	1
310	188	3
393	188	1
341	190	1
192	201	2
192	218	3
219	192	3
192	278	2
193	300	3
381	193	2
193	397	2
194	257	2
194	374	3
217	197	2
197	248	1
292	197	1
197	293	2
237	198	3
284	198	2
200	289	3
378	200	3
201	228	1
343	202	3
363	202	2
203	274	2
204	301	3
254	205	2
205	386	1
294	206	3
206	350	1
207	277	2
207	394	2
263	208	3
273	208	2
324	209	1
213	362	2
216	233	2
252	217	2
295	217	2
217	344	1
248	219	3
219	252	3
297	219	2
310	219	1
220	299	3
302	220	1
282	221	2
223	323	2
258	224	3
224	314	3
225	313	3
226	370	2
227	296	2
392	227	1
228	230	2
249	228	3
229	267	2
230	305	1
320	230	1
232	288	2
333	232	2
232	350	3
232	361	1
347	236	1
240	297	3
241	348	2
245	246	1
246	338	1
247	327	3
280	248	1
248	358	3
335	250	3
251	285	3
251	330	3
372	253	2
398	253	3
331	257	3
312	260	1
260	314	1
323	260	3
261	367	2
292	262	2
334	265	2
265	380	3
283	267	3
301	267	1
308	268	3
268	349	2
268	359	2
341	273	3
367	277	1
397	278	1
395	280	2
281	351	1
282	293	3
290	314	1
292	294	3
294	384	1
317	300	3
300	379	1
300	397	2
303	363	1
307	309	1
311	355	3
311	381	2
361	312	3
399	319	2
348	320	3
321	347	1
325	381	2
369	327	2
364	335	2
366	349	1
355	364	2
355	376	3
361	390	2
392	363	1
