0	52	3
0	361	1
0	332	3
0	379	3
393	0	2
0	303	3
1	366	3
384	1	3
345	1	2
1	17	1
1	205	3
295	1	2
1	56	2
2	335	2
2	29	3
338	2	1
259	2	2
2	250	1
329	2	1
146	3	3
41	3	2
355	3	3
3	322	3
3	370	2
350	3	3
3	278	2
3	241	2
351	4	3
158	4	3
4	15	2
107	4	3
4	209	3
4	305	3
71	4	3
215	5	3
5	336	2
180	5	3
6	281	3
6	107	2
293	6	1
170	6	2
6	35	3
315	6	3
6	11	1
305	6	2
285	7	3
8	290	2
8	137	2
365	8	1
8	14	2
8	386	3
9	288	3
9	51	1
9	362	3
10	78	3
387	10	2
10	153	2
10	63	1
10	146	2
156	10	1
10	131	3
173	10	1
10	47	3
11	365	2
11	370	2
250	12	1
51	12	2
12	107	2
243	13	2
250	13	1
13	361	3
13	325	2
14	301	1
92	14	1
14	101	3
342	14	1
14	338	3
14	278	1
14	158	3
15	62	1
387	15	3
27	15	3
55	15	3
222	15	3
191	15	3
15	53	3
15	52	3
15	291	2
16	94	1
223	16	1
300	16	2
155	17	2
190	17	1
17	140	3
17	182	1
359	18	2
18	179	3
238	18	1
18	170	3
18	370	1
19	303	3
230	19	3
138	19	1
20	357	2
171	20	1
20	360	3
20	310	3
43	20	1
215	20	2
20	247	2
162	20	2
158	20	2
21	225	3
285	21	2
21	75	3
217	21	2
337	21	2
191	21	3
355	22	3
83	22	2
22	286	1
326	22	2
112	23	3
385	23	3
23	224	3
23	260	3
23	133	3
23	156	3
23	123	1
371	24	3
24	262	2
24	140	1
24	99	1
24	397	2
185	25	2
25	252	1
25	111	3
25	52	1
175	25	1
51	25	1
25	79	3
26	382	1
67	26	2
284	26	3
306	26	1
179	26	3
27	273	2
27	174	2
212	27	3
129	27	2
28	290	2
288	28	3
28	199	1
291	28	3
393	29	1
179	29	3
29	222	1
29	114	3
29	345	2
29	104	2
44	29	3
29	281	1
29	174	2
205	29	3
34	29	3
29	297	2
266	30	3
30	294	3
395	30	1
334	30	2
30	230	1
195	30	2
30	368	1
30	85	2
30	250	1
391	31	1
32	325	2
39	32	1
286	32	2
33	84	2
33	278	2
275	33	1
396	33	2
33	119	1
194	33	3
33	38	1
131	33	3
265	34	1
326	34	2
34	346	2
337	34	1
34	250	3
60	35	2
35	109	2
313	35	3
107	35	2
35	178	3
36	321	2
210	36	1
55	36	1
264	36	1
331	36	3
36	128	1
37	204	3
347	37	1
37	133	2
38	377	3
38	309	1
38	90	1
38	259	3
349	38	3
39	89	1
279	40	1
329	40	2
61	40	1
41	285	1
41	191	3
41	349	2
41	169	2
41	64	3
42	288	1
72	42	2
42	306	1
104	43	2
217	43	1
330	43	3
43	247	3
43	262	3
43	46	1
43	188	3
297	44	1
44	328	3
76	44	2
44	271	1
45	185	2
45	236	3
134	45	3
117	45	3
45	348	2
170	45	2
267	45	2
45	165	3
243	46	1
46	134	2
227	46	3
46	309	2
46	160	2
239	46	2
107	46	1
46	109	1
46	271	1
347	46	2
66	46	3
47	171	3
47	347	3
235	47	1
114	48	1
130	48	2
221	48	2
48	375	1
49	84	3
60	49	2
118	49	2
70	49	3
61	49	3
348	50	2
328	50	2
50	351	3
319	50	2
50	216	2
50	258	1
51	351	1
119	51	2
56	51	2
217	51	3
81	52	2
196	52	1
52	101	1
168	52	2
52	295	2
53	92	1
204	53	1
53	364	2
54	279	2
54	316	1
318	54	1
54	275	1
54	228	2
54	112	2
334	54	1
55	147	2
334	55	2
88	55	1
55	159	2
378	55	3
75	56	2
293	56	3
389	56	3
364	56	3
105	56	1
384	57	2
262	57	2
191	57	1
57	88	1
333	58	2
262	58	1
58	185	2
383	58	1
58	200	1
325	59	2
350	59	1
219	59	2
206	59	1
114	59	1
59	295	1
59	94	3
130	59	1
59	199	3
59	310	3
60	260	3
165	60	3
154	60	3
60	345	1
365	60	1
371	61	3
61	160	1
61	177	3
91	61	2
309	61	3
61	288	1
61	392	3
120	61	3
94	61	3
329	61	1
61	85	2
62	216	1
108	62	2
62	193	3
62	284	3
62	213	3
62	385	3
62	343	2
63	123	2
151	63	3
63	346	1
159	63	1
64	396	1
208	64	3
254	64	2
64	131	2
64	68	3
65	209	2
274	65	1
65	290	1
66	107	3
66	299	3
305	66	2
66	161	2
143	66	1
284	67	3
174	67	3
129	68	3
240	68	1
260	68	3
69	68	3
161	68	3
68	170	1
338	69	1
69	364	2
70	213	3
70	341	3
70	85	1
71	117	2
72	89	1
216	72	2
188	72	1
72	81	3
72	153	2
225	73	3
250	73	3
144	73	3
331	73	1
73	272	2
74	366	3
315	74	2
225	74	1
143	74	1
77	75	1
202	75	3
75	178	1
75	367	2
258	75	1
75	354	3
305	75	2
76	112	2
133	76	2
275	76	1
76	178	1
263	77	2
280	77	3
117	77	3
78	116	2
78	87	2
78	291	3
384	78	1
312	78	2
78	197	3
327	78	2
321	79	2
79	382	2
255	79	1
138	79	3
80	111	1
80	266	3
208	80	3
80	373	3
201	80	3
80	223	2
80	199	3
294	81	3
127	81	2
336	81	1
81	99	1
320	81	2
104	81	1
82	115	1
324	82	3
326	82	1
82	246	2
82	232	1
281	82	3
83	248	3
267	83	3
83	211	2
84	112	1
84	91	2
163	84	2
84	159	3
84	279	3
85	109	1
219	85	2
149	85	2
85	293	2
307	86	1
103	86	1
335	86	3
144	86	2
86	143	2
86	279	2
239	86	1
298	86	1
86	135	3
300	87	2
87	226	3
349	87	3
362	88	3
88	152	3
99	88	1
373	88	1
89	133	1
89	347	3
192	89	1
90	244	2
96	90	1
90	187	2
90	295	2
393	91	1
335	91	2
91	280	3
348	92	2
298	92	3
363	92	2
297	92	2
93	207	1
93	137	1
247	93	3
399	93	2
94	156	1
95	94	2
94	141	3
225	94	1
223	95	3
95	353	1
95	348	3
191	95	1
387	95	3
294	95	1
96	252	1
96	199	2
301	96	3
156	96	2
207	96	2
355	97	3
217	97	1
97	198	3
97	244	1
383	97	1
97	258	3
283	98	3
98	246	3
213	98	3
352	98	1
98	381	3
99	153	2
99	373	3
112	99	2
100	171	1
100	148	1
101	182	1
101	174	3
101	193	3
260	102	2
327	102	2
392	102	1
102	284	3
273	103	1
390	103	1
103	265	1
117	103	3
103	266	3
103	107	2
103	222	2
104	379	2
104	118	3
104	268	3
162	104	3
104	317	3
105	312	2
105	175	3
105	267	2
370	105	1
105	330	1
393	105	2
373	106	3
107	235	1
131	107	2
107	132	3
297	107	1
107	187	1
107	179	3
107	385	2
368	108	1
108	216	3
387	108	3
172	109	3
109	309	2
170	109	1
326	109	3
110	177	3
126	110	1
243	110	2
313	110	3
111	180	3
159	111	1
111	357	1
385	112	3
112	356	2
113	280	3
351	113	2
168	113	2
113	200	3
113	285	3
257	114	3
184	114	2
115	237	1
115	200	1
115	385	3
116	174	2
250	116	3
116	224	3
116	127	1
116	390	2
116	189	3
116	218	2
117	304	1
182	117	3
255	117	1
117	162	3
118	305	1
334	118	2
180	118	2
347	118	1
227	118	2
118	330	1
119	124	2
119	313	3
119	327	3
218	119	3
119	172	3
171	119	3
119	281	1
120	272	1
120	233	2
120	131	2
255	120	3
236	120	2
121	242	3
121	202	1
209	122	3
122	375	3
381	123	2
271	123	2
273	123	1
179	123	2
123	367	1
123	213	2
124	144	3
125	184	1
228	125	3
125	396	3
125	207	2
125	368	1
308	126	2
358	126	2
126	380	1
212	126	1
126	145	3
126	233	2
154	126	3
362	127	1
127	334	3
209	127	3
128	146	3
128	194	3
128	178	1
128	168	2
129	175	3
129	302	3
314	130	3
130	225	2
131	306	2
131	132	1
356	131	3
131	232	2
132	352	3
382	132	3
281	132	3
140	132	3
338	132	2
133	211	3
371	133	3
270	134	3
134	208	2
157	134	1
390	134	3
184	134	3
275	134	2
135	317	3
252	135	2
369	135	2
152	135	1
135	223	1
136	321	3
186	136	1
136	309	2
316	136	2
235	136	1
240	137	1
210	137	2
171	138	3
139	194	2
139	140	1
139	360	1
294	140	1
299	140	2
140	395	1
141	280	1
141	348	3
141	292	3
141	220	1
354	141	2
141	371	2
141	311	2
148	141	3
330	142	1
156	142	2
296	142	3
148	143	3
143	231	2
270	143	1
334	143	1
144	356	1
144	268	3
144	176	1
323	144	2
309	145	1
145	335	2
312	146	3
146	263	1
146	299	3
381	148	2
244	149	1
149	178	1
213	149	1
298	149	3
165	150	3
367	150	3
174	150	1
150	227	1
280	150	2
232	150	2
175	150	1
151	309	2
151	338	3
151	189	2
244	151	2
151	262	1
152	373	3
358	152	3
153	239	2
230	154	3
154	180	1
154	382	3
154	265	2
154	212	3
154	278	1
236	154	1
154	311	3
155	294	1
155	259	1
287	155	1
156	306	1
156	255	1
156	204	1
169	156	3
372	156	3
336	156	3
268	156	2
156	337	1
157	368	3
196	157	1
204	158	3
219	158	3
198	158	3
158	274	2
158	394	2
256	158	1
159	320	2
185	159	3
159	393	2
160	301	2
387	160	2
161	325	3
161	342	3
262	161	3
161	268	2
161	345	3
161	182	3
249	162	3
162	201	1
351	162	1
162	207	3
162	287	3
244	163	3
335	163	3
163	300	3
302	163	1
164	386	2
165	320	3
165	238	3
168	165	2
165	350	3
371	165	3
166	179	2
166	315	3
221	166	3
166	187	1
167	365	1
167	318	1
201	167	3
167	173	3
377	168	2
168	212	1
168	358	2
225	169	3
188	169	2
292	169	1
215	170	1
170	282	2
170	254	1
322	170	1
171	308	3
368	171	1
171	184	1
339	172	1
172	190	3
226	172	2
208	172	1
251	173	3
173	215	3
173	216	2
173	329	2
204	173	3
195	174	2
274	174	2
174	311	1
174	379	3
300	174	1
175	190	3
175	258	1
175	176	1
183	175	1
391	175	2
175	202	2
394	175	2
176	283	2
176	233	1
278	176	2
340	176	2
176	247	3
309	177	1
177	257	1
275	177	3
178	252	3
179	390	1
179	218	2
342	179	1
180	317	1
181	249	3
198	181	1
182	366	3
387	182	1
215	182	1
193	183	1
208	183	1
183	353	2
183	314	2
183	392	2
205	184	1
184	283	2
184	229	1
344	184	2
185	250	2
185	357	1
185	209	3
279	185	2
185	278	2
186	254	2
187	360	1
216	187	1
188	281	1
350	188	1
188	382	3
188	364	3
189	389	3
192	189	3
189	336	3
190	387	3
190	310	3
394	190	3
252	190	1
190	332	1
191	192	2
191	274	2
311	191	1
386	191	3
192	310	3
192	373	1
340	192	2
362	192	2
333	192	2
240	193	1
194	282	2
194	354	2
391	194	1
233	194	1
194	197	3
348	195	3
197	195	3
266	195	2
319	195	1
195	274	2
195	258	1
242	196	2
273	196	3
346	197	3
199	197	3
316	198	3
198	306	2
207	198	3
286	199	2
199	282	3
346	199	2
338	200	2
200	371	3
247	201	3
201	240	3
202	230	3
202	283	1
328	202	3
277	202	2
329	202	2
203	218	2
203	318	1
203	320	1
204	351	1
207	204	2
308	204	1
204	386	3
205	318	2
205	387	1
205	278	1
205	313	1
206	374	3
255	207	2
207	328	1
208	289	2
222	208	1
208	385	2
256	208	3
369	209	3
216	209	2
341	209	2
209	316	1
370	210	2
210	386	2
210	382	1
259	211	1
211	292	2
211	366	2
285	212	1
212	254	3
213	288	2
213	278	3
397	213	2
213	229	1
326	213	1
233	213	2
214	236	1
214	374	1
260	214	1
214	251	3
343	214	3
214	267	3
214	339	2
308	214	3
351	215	3
369	215	3
216	235	2
380	216	2
216	393	1
285	216	3
296	216	3
217	256	1
217	300	2
217	393	1
288	217	3
217	350	3
217	386	1
218	257	3
218	390	2
224	219	1
233	219	3
379	220	3
364	220	3
307	221	2
222	334	1
223	284	2
223	256	2
224	362	3
224	281	1
236	224	2
224	301	2
243	224	2
224	348	1
225	386	2
225	337	2
226	352	2
232	226	3
226	244	3
227	285	1
357	227	2
227	320	3
228	348	2
379	228	1
235	228	1
229	266	3
229	265	1
229	337	3
229	370	3
305	230	3
389	230	1
282	230	3
230	261	1
322	233	1
233	315	2
233	288	1
234	283	3
327	234	2
235	328	3
283	235	1
235	280	3
332	236	2
255	237	3
396	238	1
273	238	1
276	238	3
238	335	3
246	238	1
239	245	3
239	320	2
240	344	3
290	240	1
241	277	1
241	263	3
262	241	1
242	358	2
253	242	1
243	256	1
338	243	1
243	280	3
363	243	3
243	261	1
244	345	2
244	286	1
245	279	1
245	357	3
254	245	2
371	246	3
275	246	2
379	247	2
248	247	2
247	271	3
247	302	1
248	332	3
358	249	2
296	250	3
250	367	3
301	250	1
339	252	2
252	344	2
357	252	3
268	253	2
320	254	1
254	267	2
345	255	3
255	355	2
255	337	2
256	290	1
387	257	3
258	333	2
258	305	3
259	384	3
330	259	1
363	260	3
293	261	1
337	261	1
261	381	3
285	261	2
335	262	3
262	388	3
376	262	3
314	262	2
333	262	3
348	262	2
262	313	2
263	345	3
264	278	1
385	264	3
264	365	1
264	390	2
265	271	1
308	265	2
267	272	2
267	287	3
268	397	2
398	268	1
290	269	3
285	269	1
302	270	1
270	396	1
271	325	2
271	333	1
312	271	3
319	272	2
273	285	2
378	273	2
273	380	1
278	273	1
291	275	1
276	303	3
276	333	3
315	277	1
277	389	1
277	278	1
339	278	3
278	338	1
278	397	2
280	329	1
376	280	2
280	313	2
372	280	1
280	292	2
317	284	1
284	388	2
286	297	2
351	286	3
287	388	3
385	287	3
288	287	2
360	287	1
288	327	2
316	288	1
288	298	1
289	395	3
328	290	2
292	290	1
308	291	2
365	293	2
293	396	3
293	330	3
294	298	1
294	319	2
319	295	2
354	296	1
397	296	1
338	296	3
297	296	1
296	306	2
361	297	2
298	369	1
356	298	1
389	299	1
300	342	3
388	300	2
300	364	2
301	377	2
301	311	2
373	302	3
302	358	2
352	303	1
303	364	1
303	385	1
311	304	3
305	319	3
305	396	2
369	305	1
369	307	3
307	395	3
308	322	1
308	359	1
308	339	1
344	309	2
310	394	2
311	332	2
370	312	1
312	334	3
395	312	3
313	387	1
314	380	2
314	351	3
356	316	2
316	357	3
380	317	1
317	324	1
360	318	2
320	384	1
323	347	3
324	368	3
324	381	1
369	325	1
390	327	1
328	373	2
387	328	1
363	329	1
394	331	1
363	331	3
332	386	2
339	332	3
340	333	1
336	362	3
337	397	1
370	339	3
390	339	3
348	341	2
341	370	1
341	346	1
343	358	2
347	344	3
377	345	2
345	373	1
386	347	3
347	396	1
349	371	3
351	386	3
382	353	2
386	354	2
355	356	1
365	356	1
384	357	2
362	379	3
363	376	3
386	365	1
391	366	3
373	368	1
368	392	1
369	390	3
369	375	2
370	391	3
397	380	3
