169	0	2
0	2	1
74	0	2
0	316	1
1	210	2
1	105	2
123	1	3
147	1	2
1	248	2
1	337	1
103	1	2
1	290	1
1	293	1
94	1	2
1	72	3
1	202	3
1	245	1
316	2	3
100	2	2
2	5	1
366	2	2
65	2	1
2	157	3
2	187	3
3	53	3
3	120	3
3	57	3
348	3	3
3	140	1
383	3	3
3	371	3
292	4	3
4	326	3
4	159	2
4	191	3
255	4	1
4	263	2
382	4	2
5	45	3
5	389	2
193	5	1
5	275	2
82	5	2
5	134	2
5	279	2
272	6	3
6	18	1
6	152	1
6	247	2
268	6	1
6	246	1
6	337	3
315	6	2
6	311	3
259	6	3
6	304	1
7	290	1
156	7	1
7	325	2
7	55	2
61	7	2
258	7	1
7	209	2
7	175	2
277	7	3
188	8	2
204	8	2
8	92	2
8	294	2
90	8	3
8	313	3
8	201	2
9	330	3
333	9	3
9	21	1
9	273	2
227	10	1
30	10	1
10	106	2
323	10	3
356	10	1
244	10	2
10	366	2
227	11	3
11	338	1
12	252	2
29	12	1
12	82	2
76	12	2
12	260	2
12	216	2
12	183	2
13	273	2
56	13	2
30	13	3
13	288	2
13	316	3
13	315	1
14	37	2
14	285	3
14	68	1
14	203	2
378	14	3
14	170	3
244	14	2
90	14	1
133	14	2
15	131	1
38	15	1
15	48	3
51	16	3
169	16	1
16	172	1
167	17	2
17	118	3
17	200	2
113	17	3
17	335	1
17	68	3
17	340	2
187	17	2
179	17	3
18	360	1
357	18	3
150	18	1
42	18	3
83	18	2
102	18	2
99	18	3
18	276	2
32	19	1
123	19	3
252	20	1
126	20	1
21	292	3
293	21	2
21	372	1
21	145	1
21	215	1
22	129	2
22	185	1
310	22	2
23	50	2
82	23	2
23	46	2
250	23	2
363	23	2
239	23	1
207	24	2
259	24	3
24	255	2
296	24	2
73	24	3
165	25	3
25	287	2
25	199	2
140	25	2
25	292	2
25	190	3
25	376	2
26	83	3
160	26	2
26	273	3
82	26	1
26	238	2
26	178	2
27	227	1
27	30	2
27	188	3
27	278	3
173	27	3
65	27	2
27	342	3
28	57	2
247	28	3
28	38	3
133	28	2
28	58	3
28	256	3
92	28	2
172	28	3
116	29	1
226	29	1
29	177	2
29	295	1
29	328	3
29	90	1
30	133	2
321	30	2
228	30	2
302	30	2
116	30	3
85	30	1
31	43	2
31	363	2
31	77	1
114	31	2
248	32	1
32	370	2
311	32	1
32	380	1
393	32	3
32	160	3
32	93	3
33	83	3
383	33	2
188	33	1
33	243	3
34	256	1
96	34	1
34	123	2
52	35	2
161	35	3
140	35	2
315	35	3
35	224	1
35	366	2
397	36	1
36	41	2
36	266	3
36	108	1
365	36	3
37	177	3
37	253	3
124	37	2
37	120	2
45	37	1
38	375	3
38	274	2
38	201	2
87	39	1
39	241	1
188	39	1
326	39	3
175	39	2
191	39	2
40	87	1
142	40	1
40	99	2
40	343	3
286	40	2
40	249	1
352	40	1
40	89	3
40	152	3
40	189	2
188	40	3
200	41	1
41	79	3
41	398	3
185	41	1
41	190	1
41	71	2
41	234	1
41	91	1
347	41	1
362	41	1
42	46	1
228	42	1
349	42	2
42	216	3
320	42	1
43	202	1
274	43	3
43	228	3
257	43	2
136	43	1
43	259	1
218	44	2
112	44	3
44	371	1
44	209	1
44	276	3
90	44	3
187	44	1
67	45	1
45	275	3
245	45	1
274	45	1
46	152	1
86	46	3
95	46	3
46	282	3
259	46	1
79	46	3
369	47	2
47	162	1
47	277	3
47	327	3
48	182	3
48	393	1
207	48	2
48	159	2
48	180	3
88	48	1
182	49	2
49	274	2
317	49	2
49	253	3
49	281	1
49	295	3
50	212	3
50	73	2
50	287	3
50	124	2
51	94	1
51	54	1
316	51	1
382	51	1
51	336	1
52	156	2
296	52	2
52	210	2
53	333	2
102	53	1
53	78	2
53	285	1
363	53	3
53	235	3
54	221	2
54	216	3
54	163	2
380	55	3
55	101	1
55	78	3
55	309	1
55	316	1
347	55	3
56	276	3
187	56	1
245	56	3
56	179	3
149	57	2
57	119	1
57	234	2
384	57	2
225	57	1
57	231	3
294	58	3
313	58	2
375	58	3
235	58	1
59	212	2
59	309	1
59	345	1
59	100	3
59	192	1
169	59	2
60	85	2
245	60	2
60	185	3
366	60	1
60	290	1
61	301	2
136	61	3
61	305	2
289	61	3
391	61	3
233	63	2
63	390	1
66	63	1
289	64	3
386	64	3
64	158	1
64	326	2
64	85	3
197	64	1
81	64	1
363	65	3
66	190	2
99	66	2
354	66	2
66	173	3
66	217	2
382	66	2
66	347	1
219	66	1
67	370	3
67	155	1
67	246	3
67	221	2
286	67	2
68	92	3
68	169	3
383	68	2
68	245	1
263	68	3
233	68	3
69	262	2
180	69	1
232	69	3
128	69	1
69	89	1
69	255	3
69	291	3
82	70	1
308	70	2
204	71	2
71	163	3
71	232	3
287	71	1
132	72	2
250	72	1
72	92	3
72	266	2
72	271	2
93	72	1
229	72	3
73	299	3
73	80	2
75	73	2
218	73	3
73	277	3
201	73	2
74	82	2
74	243	1
79	75	2
341	75	2
75	261	3
75	259	3
217	75	2
75	100	2
291	76	1
76	360	3
316	76	1
142	76	1
109	77	3
332	77	1
77	127	2
159	77	1
78	362	1
341	78	3
106	78	2
141	78	1
80	398	2
146	80	2
80	281	3
190	80	3
116	81	2
81	350	2
230	82	3
165	82	1
340	82	2
300	82	1
83	110	3
83	299	3
310	83	3
213	83	2
84	222	3
84	268	2
328	84	2
85	288	1
85	326	2
85	282	1
85	173	2
86	313	1
86	248	1
86	387	3
112	86	2
199	87	2
87	138	2
87	182	3
87	185	1
87	156	1
87	178	1
327	88	2
88	278	2
88	188	2
88	354	3
357	89	2
399	89	2
97	89	1
205	89	3
304	90	1
90	397	1
290	90	2
149	90	3
283	91	3
91	151	1
205	91	1
91	388	3
91	152	2
193	91	2
91	223	3
114	91	1
91	253	2
290	92	3
265	92	1
92	216	3
100	92	1
287	92	3
93	122	1
381	93	3
261	93	3
93	157	3
93	125	1
93	208	2
93	181	1
163	94	3
231	94	1
94	103	2
94	173	2
215	94	3
244	95	1
302	95	3
95	209	1
96	304	3
258	96	1
364	96	2
96	100	1
96	195	3
117	96	1
167	96	2
295	96	1
96	259	3
236	96	2
326	97	3
109	97	1
97	367	2
240	98	3
346	98	2
196	99	2
138	99	1
100	223	2
207	100	1
100	155	1
290	101	2
101	115	2
264	101	2
249	102	2
102	165	3
102	358	2
102	297	1
103	114	2
103	159	2
103	376	2
103	391	2
171	103	3
103	307	3
199	103	1
104	347	2
315	104	2
104	286	1
104	145	2
168	104	1
105	126	2
171	105	2
105	225	3
122	105	3
371	105	1
105	350	1
105	141	2
105	317	3
232	105	3
105	361	3
217	106	3
106	393	3
106	379	2
106	328	2
107	154	1
107	238	3
304	107	1
258	108	1
108	289	1
169	108	3
108	387	1
155	109	1
360	109	2
245	110	1
354	110	1
110	241	1
111	267	3
162	111	3
152	111	1
356	111	3
302	111	2
112	398	3
356	112	2
112	215	2
112	374	2
147	112	2
255	112	3
112	269	1
113	129	3
303	113	2
113	173	2
113	209	1
114	294	2
114	275	1
368	115	1
115	202	3
224	115	2
115	131	3
186	115	1
115	317	2
115	315	1
153	115	2
116	364	2
152	116	3
175	116	1
339	116	3
116	304	1
332	116	2
116	346	2
116	193	1
116	268	1
116	337	3
297	117	1
117	177	3
117	369	3
117	242	3
189	117	3
129	117	3
117	204	2
299	117	1
118	148	2
308	118	3
118	123	2
204	118	3
180	118	3
119	311	1
119	322	3
315	119	3
119	365	1
241	120	2
381	120	2
185	120	1
120	125	3
290	121	1
121	318	1
171	121	3
368	122	2
322	122	2
288	122	3
172	122	2
123	179	1
123	293	2
128	123	1
289	123	3
123	260	3
123	130	2
124	314	3
291	124	2
124	386	3
224	124	2
309	124	1
124	145	1
124	207	3
198	124	3
322	124	3
126	125	3
125	316	2
125	171	3
269	125	1
126	164	2
126	187	1
359	126	1
126	231	2
126	352	1
126	224	3
159	126	3
127	251	2
127	340	1
127	163	2
229	127	3
258	127	1
127	136	3
128	388	1
274	128	2
128	181	2
329	129	2
347	129	1
302	129	2
130	398	2
393	130	1
130	189	2
214	131	1
134	131	3
131	225	3
183	131	3
295	132	3
133	150	1
139	133	3
280	134	2
134	317	2
301	134	1
134	347	3
263	134	1
368	135	1
171	135	2
286	136	2
136	207	3
136	215	1
137	226	3
137	244	1
138	302	3
138	187	1
175	138	3
335	138	1
249	139	2
281	139	3
301	140	3
294	140	2
140	249	3
140	236	3
238	140	3
141	196	2
228	141	1
141	353	1
141	251	3
283	142	1
166	142	2
355	142	1
142	244	3
142	168	2
319	143	1
143	372	3
159	143	1
264	144	2
144	281	3
144	170	1
215	144	3
144	218	1
144	214	1
243	145	1
145	324	3
273	145	2
146	273	3
297	147	2
324	147	3
377	147	3
157	147	1
147	162	2
242	147	1
148	360	1
162	148	3
149	293	1
149	275	1
149	171	1
342	149	2
328	149	3
311	150	3
150	395	3
235	150	3
159	150	1
337	150	3
150	151	2
264	150	1
270	150	1
393	151	2
151	300	2
152	201	2
152	335	2
311	152	2
152	309	1
152	252	1
310	152	2
298	153	2
210	153	1
368	153	1
154	283	1
250	155	2
155	242	3
202	155	2
295	155	3
364	156	1
323	156	1
238	156	1
224	156	1
227	156	1
235	156	3
157	384	3
330	157	1
390	157	1
157	250	1
157	388	1
158	162	3
158	223	2
254	158	1
159	293	3
159	185	2
358	160	1
207	160	2
161	369	2
161	276	1
182	162	2
163	214	3
163	219	1
163	199	2
164	305	3
369	164	3
389	165	2
166	366	3
172	166	2
320	166	3
259	166	2
241	167	1
167	287	3
167	178	1
334	168	1
339	168	2
248	168	1
169	295	3
170	263	3
170	299	2
288	170	2
296	171	2
171	365	1
172	186	3
314	173	1
229	173	2
174	173	1
259	173	1
173	299	2
173	177	3
173	362	2
174	394	2
174	358	2
175	210	2
175	365	1
357	175	1
175	282	3
257	176	1
241	176	1
177	351	3
177	375	3
177	373	1
177	222	1
177	292	1
265	178	1
335	179	2
213	179	1
306	179	3
179	282	1
385	181	3
181	239	1
181	249	3
182	398	2
182	223	3
282	182	1
278	182	3
182	203	3
183	392	3
370	183	3
183	334	1
207	183	3
320	184	1
184	278	2
258	184	3
184	304	2
184	341	2
348	185	2
295	185	1
185	215	1
232	185	2
185	367	1
343	185	3
222	186	3
187	263	3
187	293	1
238	187	3
187	378	2
187	198	2
364	187	2
366	188	2
188	223	2
399	188	2
310	188	3
188	280	2
188	367	3
189	308	3
375	190	2
224	190	3
295	190	3
340	190	2
276	190	1
190	381	2
190	226	3
220	190	2
191	372	3
219	191	1
399	191	1
192	258	1
348	193	2
193	265	2
193	352	2
194	215	3
194	316	1
194	209	3
366	195	2
195	265	1
196	308	3
196	251	2
241	196	3
196	355	1
196	228	1
229	196	3
198	221	2
198	242	2
226	198	2
247	198	2
198	283	2
334	199	1
199	248	3
318	200	1
200	289	3
231	200	1
265	201	1
251	201	1
286	201	2
201	342	3
201	310	3
202	327	2
203	250	1
204	205	3
204	260	2
204	257	1
217	204	1
209	204	1
297	204	1
206	297	2
371	207	3
207	365	1
356	207	3
208	381	2
271	208	3
332	209	1
209	278	3
209	374	2
388	209	3
210	216	2
286	211	1
211	335	1
211	309	1
309	212	2
212	381	3
320	212	2
281	212	1
213	335	1
213	376	2
214	284	2
260	214	1
227	214	1
214	266	2
372	215	3
285	215	1
223	215	3
351	215	3
264	215	1
216	288	2
329	217	1
256	217	2
392	217	1
218	317	2
265	218	2
303	218	2
381	218	1
335	219	1
348	219	2
366	219	3
219	246	1
394	220	3
220	299	3
280	220	1
220	290	3
221	328	2
318	221	2
222	266	2
222	334	1
251	222	2
222	360	2
229	224	2
338	224	1
225	379	2
308	225	3
345	225	1
251	226	2
319	226	1
329	227	3
327	227	1
398	228	3
228	339	2
337	228	1
229	342	2
229	383	3
364	229	1
229	235	1
272	229	3
328	230	3
370	231	2
318	231	3
368	232	1
311	232	1
302	233	2
323	233	3
245	234	1
234	371	2
358	234	3
234	373	2
290	235	2
296	236	2
362	236	2
236	384	2
237	328	3
238	262	3
295	238	2
239	365	1
239	379	1
385	239	1
387	240	1
242	268	2
243	334	3
377	243	3
243	372	1
260	243	2
358	244	1
259	244	1
244	378	1
244	309	2
245	311	2
263	245	1
395	245	1
245	281	3
385	245	3
246	309	1
314	246	2
247	273	1
304	247	1
338	247	1
288	248	1
310	248	3
286	248	1
319	249	2
286	249	1
291	250	3
292	250	1
251	312	1
251	353	1
264	253	1
253	270	1
253	271	3
362	253	3
255	265	2
282	256	1
336	256	2
374	257	3
257	320	2
398	257	2
328	257	1
271	258	2
258	324	2
276	259	2
291	260	3
381	261	1
261	382	1
282	261	2
262	380	1
263	334	3
279	263	3
264	387	2
302	266	3
267	378	3
267	375	3
268	336	2
284	269	3
399	270	3
270	317	1
388	270	2
350	270	1
302	272	3
332	272	1
272	285	1
273	363	1
368	273	2
350	273	3
392	273	2
306	273	3
340	274	1
274	342	3
379	275	3
388	275	3
275	359	2
383	276	1
276	347	1
338	276	2
276	280	2
294	276	2
277	373	1
277	364	3
391	278	2
278	365	2
369	278	2
284	278	3
296	278	2
280	364	3
280	324	3
299	281	2
349	281	2
282	326	2
282	359	2
335	283	3
300	283	2
284	375	3
285	397	1
313	285	1
285	396	3
286	318	1
385	286	3
302	287	1
287	361	2
393	287	3
287	334	1
312	288	2
304	289	3
336	289	2
290	311	2
363	292	3
292	306	3
292	310	2
293	360	3
294	391	1
344	295	3
295	394	3
346	295	1
296	359	3
297	343	2
309	297	2
297	381	2
298	346	3
328	298	1
323	299	1
299	396	1
398	299	2
300	384	2
349	303	1
341	303	2
312	304	3
327	304	2
305	350	3
316	308	1
309	336	2
309	389	1
310	349	3
310	340	2
313	348	2
314	368	1
315	338	3
323	316	3
317	397	2
393	317	1
359	317	1
367	318	1
318	382	1
385	322	3
322	345	2
353	323	3
323	390	2
387	327	2
328	384	1
375	329	3
377	329	3
360	333	2
333	339	1
336	334	2
335	389	1
336	346	3
338	358	3
387	339	1
362	340	1
352	340	1
359	342	2
363	343	2
380	344	2
344	397	1
353	344	1
345	379	3
383	345	3
347	358	3
347	393	1
396	348	2
348	365	3
349	379	3
351	384	1
351	390	2
354	388	2
376	354	2
355	381	3
364	381	1
366	379	1
368	395	1
386	370	3
372	382	2
396	374	3
375	382	2
377	384	3
389	378	1
382	378	2
380	398	1
394	386	1
389	390	1
