13	0	3
0	135	3
0	61	3
0	90	3
250	0	2
209	0	3
0	62	1
143	0	1
170	1	3
1	293	1
240	1	2
5	1	1
1	381	2
64	1	2
1	366	3
1	178	3
2	144	1
114	2	1
2	380	3
139	2	1
2	343	1
2	301	3
19	2	1
271	3	1
3	350	2
3	46	2
3	204	3
3	161	3
287	3	2
3	140	2
31	3	3
3	6	1
4	385	3
269	4	3
339	4	2
4	285	1
46	4	2
17	4	1
226	5	1
5	368	1
344	5	2
86	5	2
36	6	1
212	6	1
6	392	1
6	119	3
6	83	3
311	6	3
6	380	1
350	6	1
186	7	3
7	56	3
7	96	2
7	398	1
223	8	3
8	379	1
97	8	3
8	307	3
8	192	1
194	9	1
9	56	2
9	307	2
398	9	2
9	57	3
199	9	3
9	358	2
10	45	1
128	10	1
363	10	1
241	11	2
382	11	1
11	139	2
331	11	3
11	63	2
11	203	1
12	149	2
12	207	3
12	201	1
12	250	1
12	83	3
138	13	1
13	318	1
13	180	2
13	122	3
232	13	2
13	228	2
202	13	3
371	13	1
287	13	1
13	96	1
220	13	1
14	111	2
372	14	3
252	14	3
15	314	2
15	74	3
15	394	2
64	15	2
15	34	1
15	102	3
15	26	2
255	15	3
15	122	1
396	16	1
16	378	2
16	100	1
347	16	1
69	16	1
373	16	1
27	16	3
192	16	2
302	16	1
30	17	3
207	17	3
17	373	3
127	17	1
31	17	3
17	302	3
205	18	2
18	217	1
387	18	3
38	18	2
18	42	1
19	109	2
19	196	1
327	19	3
19	350	3
79	19	2
19	230	3
19	393	2
19	38	2
19	320	1
316	20	1
245	20	2
20	290	2
20	29	1
21	267	1
28	21	2
21	303	2
135	21	1
190	21	1
22	192	3
218	22	3
22	83	2
22	381	2
243	22	2
22	307	3
22	74	3
185	22	1
23	36	1
69	23	2
23	397	2
23	171	2
23	334	3
260	23	1
24	203	3
24	116	1
32	24	3
24	264	3
376	24	2
24	321	1
25	50	2
335	25	1
25	201	3
58	25	1
25	388	3
25	108	3
26	245	3
123	26	2
26	224	2
226	26	2
84	26	2
26	134	1
26	230	1
156	27	1
27	112	3
27	36	2
139	27	1
27	394	2
119	27	1
196	27	3
95	28	3
238	28	3
101	28	3
28	88	2
28	354	2
120	28	2
29	233	2
29	32	1
276	29	1
350	29	1
29	197	2
33	30	2
241	30	1
30	387	3
30	247	2
156	30	1
30	133	1
30	97	3
323	31	3
96	31	2
31	276	1
107	31	2
31	52	2
31	331	1
31	132	2
47	31	1
245	31	2
315	32	1
32	143	1
32	220	3
32	137	3
32	140	1
33	308	2
79	33	1
33	124	3
335	33	2
34	232	3
34	141	2
34	123	1
349	34	3
99	34	2
35	50	1
73	36	2
300	36	3
228	36	1
36	356	2
188	36	1
252	36	2
78	36	1
37	87	2
37	252	1
185	38	2
38	52	1
38	62	1
371	38	3
38	169	1
38	219	1
38	43	3
38	354	1
38	207	1
38	363	1
104	38	2
281	39	2
345	39	1
40	398	2
166	40	1
40	397	2
379	40	2
315	41	1
45	41	2
377	41	2
41	215	2
74	41	1
199	42	3
42	323	1
53	42	3
43	55	2
43	382	3
125	44	2
248	44	3
62	44	3
201	44	3
168	44	3
303	44	1
376	44	2
114	44	3
315	44	2
44	206	1
44	250	2
188	45	2
142	45	3
266	45	3
46	254	3
125	46	1
46	94	1
46	203	3
46	378	2
46	164	2
79	46	3
47	81	1
47	139	3
47	354	3
47	170	3
143	47	2
269	48	2
383	48	2
322	48	1
48	209	2
324	49	3
360	49	1
86	49	2
49	164	1
79	50	1
50	96	1
387	50	1
242	50	1
50	225	1
394	50	1
51	348	1
51	351	2
51	164	1
51	65	3
264	51	3
51	254	3
51	64	3
51	389	3
51	76	2
52	165	2
52	201	1
52	105	3
339	53	2
267	53	1
54	196	3
399	54	3
54	177	2
318	54	1
54	130	1
322	54	3
121	55	1
55	319	3
55	281	2
55	313	2
98	55	1
202	55	3
122	55	1
163	55	2
230	56	1
169	56	2
56	366	1
331	56	3
78	56	2
56	93	3
56	70	2
272	56	1
57	65	2
57	218	2
57	98	1
224	57	3
166	57	1
57	394	3
201	58	3
76	58	1
58	202	3
58	143	3
125	58	3
210	58	3
281	58	1
58	107	3
301	58	3
178	58	2
189	59	2
59	376	3
282	59	2
59	230	1
60	262	3
60	192	1
112	60	2
60	284	3
193	60	1
327	61	2
102	61	3
61	128	3
364	61	3
150	61	3
62	244	1
70	62	1
62	309	3
363	63	1
63	310	1
256	63	1
63	387	3
109	63	3
338	64	1
64	72	3
64	395	3
311	64	3
65	154	2
65	220	1
386	65	2
323	65	1
151	66	1
66	120	2
73	66	1
66	146	2
66	160	2
67	384	1
104	67	3
67	89	3
124	67	2
67	216	3
372	67	3
67	377	1
67	69	3
68	78	3
68	315	1
68	295	1
98	68	2
182	69	3
69	386	1
200	69	2
291	69	3
70	320	2
70	303	3
70	372	1
70	391	3
328	70	1
274	70	1
71	146	2
181	71	2
71	258	2
71	191	3
72	209	2
72	288	3
73	84	1
96	73	1
365	73	3
73	200	3
80	74	1
258	74	1
201	74	1
239	75	1
75	197	2
75	350	3
381	75	2
75	399	1
126	75	1
75	81	3
165	75	2
75	188	1
112	75	1
349	75	1
333	76	2
76	394	2
83	76	3
76	384	3
301	76	1
298	77	2
77	186	3
303	77	1
77	294	3
77	380	3
77	144	2
107	78	2
78	248	2
79	147	2
333	79	3
79	88	2
336	79	3
80	192	2
178	80	3
80	239	2
215	80	1
81	396	1
158	81	2
81	140	1
313	81	2
82	138	2
309	82	2
334	82	2
83	153	3
83	135	1
211	83	3
84	141	3
84	291	3
359	84	2
84	371	1
84	288	2
84	298	3
139	85	1
85	157	1
85	194	1
102	85	1
214	86	1
86	142	2
86	153	1
131	86	1
137	86	2
87	124	2
87	116	1
87	236	3
87	356	2
330	87	1
87	91	2
87	374	2
88	272	3
384	88	3
88	320	2
88	305	1
89	257	3
167	89	1
89	133	1
90	229	2
239	90	2
90	342	1
150	90	3
90	160	1
90	295	1
91	303	2
91	171	3
278	91	2
92	261	3
127	92	3
92	214	3
92	324	1
93	387	3
274	93	3
93	314	3
195	93	2
334	93	3
93	239	3
94	160	1
94	351	1
179	94	3
94	168	2
235	94	2
94	341	1
228	94	1
273	94	3
269	94	1
267	95	1
144	95	1
122	95	3
213	95	2
96	286	2
96	384	1
96	288	1
97	207	3
326	97	3
97	300	3
211	97	2
344	97	2
98	306	3
99	150	2
356	99	2
258	99	2
100	103	3
100	152	2
360	100	2
101	180	2
101	177	3
101	321	1
300	101	3
354	101	3
102	388	3
102	161	3
224	103	2
103	334	1
103	357	3
262	104	2
104	288	2
104	270	1
104	146	1
389	104	3
170	105	3
255	105	3
105	302	3
394	105	1
395	105	2
105	285	3
106	201	1
106	339	2
106	246	3
392	107	1
207	107	1
210	107	2
375	107	3
303	107	1
125	108	3
179	108	2
108	133	3
108	393	2
229	109	3
109	170	1
219	109	2
109	348	1
110	134	2
216	110	3
133	110	2
110	301	1
264	110	3
242	110	1
110	124	1
220	110	2
110	357	1
111	267	1
111	131	1
391	111	3
357	111	1
348	111	2
111	314	1
301	111	3
111	237	2
111	277	2
112	349	3
213	112	1
112	195	1
311	112	2
332	112	1
112	117	2
112	137	2
254	113	2
189	113	3
388	113	2
228	113	2
114	329	2
114	195	3
318	114	1
115	189	1
116	384	1
117	299	3
117	272	2
118	211	1
118	181	1
288	119	3
120	119	2
120	335	1
120	221	3
172	120	1
162	121	2
121	324	1
398	122	1
122	223	2
391	122	1
123	386	1
152	123	2
123	328	2
124	162	3
124	358	3
135	124	1
372	125	3
126	313	1
126	397	1
257	126	3
126	127	1
127	191	3
127	294	1
127	186	1
127	178	1
171	127	2
128	236	2
171	128	3
136	128	2
216	128	1
128	357	1
237	128	3
152	128	1
129	245	3
129	362	2
129	151	1
252	129	3
398	129	2
391	129	2
366	130	2
266	130	1
130	256	2
254	131	1
381	131	1
177	131	3
132	389	1
132	154	2
132	176	2
132	148	2
132	249	1
169	133	2
134	133	2
193	133	1
133	262	3
133	283	1
133	138	2
345	133	3
259	133	2
300	133	1
134	359	2
134	158	1
202	134	3
135	376	2
135	221	2
135	395	1
135	148	1
137	135	3
136	263	3
364	136	1
136	362	2
136	257	3
349	136	3
136	300	2
137	213	2
137	181	2
255	138	1
172	138	2
138	237	1
139	263	3
380	139	1
249	139	3
216	139	3
140	380	2
140	196	2
218	140	1
244	140	2
141	210	2
141	310	3
142	390	1
155	142	1
143	364	2
143	144	1
171	143	2
228	143	2
143	186	3
143	255	1
351	143	3
236	143	3
143	360	1
143	245	1
389	144	1
144	374	1
228	144	2
223	145	2
343	145	3
145	153	3
265	146	3
147	262	1
147	319	2
147	321	3
191	148	1
185	148	1
148	213	3
148	219	3
291	148	3
207	149	1
255	149	3
313	149	1
170	149	3
279	149	3
269	150	2
150	210	2
262	150	2
393	150	3
212	150	2
208	150	3
151	232	3
151	398	2
151	393	2
151	343	3
286	152	2
159	152	3
170	152	1
152	245	2
195	152	2
153	228	2
254	153	2
212	153	3
181	153	1
153	282	2
243	153	2
306	154	1
154	219	3
191	154	1
154	292	1
155	388	2
155	208	2
155	313	3
155	348	2
384	155	3
210	155	3
155	298	2
156	196	1
210	156	1
233	156	2
156	245	1
156	165	1
190	157	3
157	263	2
358	157	2
160	158	1
158	378	3
253	158	2
158	367	1
179	158	2
220	158	1
158	389	3
252	158	1
375	158	3
159	162	2
159	202	2
285	159	1
159	208	2
159	232	1
159	326	2
379	159	3
160	378	3
258	160	3
322	161	2
161	279	1
162	290	2
162	208	2
162	295	2
162	379	1
347	163	3
225	163	2
163	218	2
216	163	1
163	249	3
211	164	3
253	164	2
210	165	1
165	375	1
165	333	2
166	269	1
189	166	2
166	279	2
166	367	3
261	167	3
167	232	1
167	317	2
312	168	1
172	168	2
168	217	2
168	307	2
373	169	1
170	202	2
170	395	1
170	318	1
170	277	2
179	170	2
170	253	2
170	392	2
287	171	1
171	209	2
392	171	3
172	234	2
172	192	1
278	172	1
173	366	3
173	205	3
173	327	3
174	342	3
174	222	2
175	186	3
291	176	1
176	295	3
186	176	3
176	242	2
245	177	2
177	352	2
177	240	2
177	243	1
178	208	2
179	391	2
239	180	3
180	311	3
180	183	3
181	386	2
292	182	1
182	235	3
255	182	2
182	262	2
183	261	1
183	197	2
183	198	1
197	184	1
184	393	3
223	185	1
350	185	2
185	204	1
335	185	2
186	288	2
266	186	3
393	187	3
347	187	3
187	193	3
263	188	2
203	188	3
339	188	1
189	284	1
190	358	2
190	296	3
271	190	1
191	368	3
191	267	3
191	213	1
191	244	3
192	244	3
193	271	2
193	344	1
193	390	2
348	193	2
337	194	2
194	347	2
195	211	3
285	195	1
195	213	2
195	339	1
344	196	1
217	196	2
196	324	2
197	204	2
398	198	2
286	199	3
199	226	1
272	199	3
199	227	1
199	241	2
276	200	2
200	245	1
372	200	2
336	201	2
222	201	2
220	202	2
202	258	3
287	203	2
216	203	2
209	203	2
203	320	3
203	208	2
295	204	2
207	204	3
204	371	2
205	275	2
205	381	3
205	234	2
205	356	3
287	205	3
359	206	2
233	206	3
391	207	3
363	209	2
209	249	1
209	340	2
209	302	3
376	210	1
225	210	1
211	239	3
211	344	2
317	212	1
212	215	3
212	330	2
361	213	3
379	213	3
213	246	3
305	213	3
385	213	2
311	213	1
214	265	3
214	309	2
215	284	2
215	254	3
216	220	2
391	216	3
216	323	3
350	216	1
216	276	3
216	229	1
341	216	2
259	218	1
394	218	2
356	218	3
369	219	3
297	219	1
238	219	3
219	273	3
336	219	2
219	300	3
278	220	3
292	220	3
220	226	1
244	221	1
281	221	2
221	333	3
221	276	2
221	286	1
229	221	2
295	222	2
345	223	2
224	364	2
244	224	3
224	385	3
225	237	2
225	373	2
225	341	3
226	225	3
229	226	3
364	226	3
227	258	3
363	227	3
376	227	2
259	227	2
227	262	2
227	331	3
228	261	3
344	229	2
237	229	3
230	241	3
230	318	2
347	231	2
232	262	2
233	301	3
234	362	2
234	377	3
283	234	3
251	235	2
243	235	3
236	382	2
293	236	1
236	333	3
236	329	3
237	358	3
239	344	3
364	240	1
240	398	3
379	240	1
308	241	3
242	272	1
242	288	1
242	267	2
243	272	1
244	385	3
244	253	3
244	317	2
358	245	1
247	284	1
247	250	2
247	335	3
387	249	2
249	291	2
249	357	3
250	348	1
307	251	2
365	251	3
251	358	3
252	307	2
252	383	2
253	346	3
305	253	2
253	262	1
254	286	2
255	325	1
255	278	3
256	346	3
257	318	1
362	258	2
258	372	1
304	259	3
259	305	3
259	339	3
259	365	1
261	388	2
353	261	2
261	357	1
261	359	1
261	262	2
261	333	1
304	262	2
345	264	1
264	278	2
264	310	1
265	268	3
309	265	3
332	265	2
349	265	3
266	272	2
286	267	1
306	267	2
269	268	3
268	336	1
268	295	2
268	272	1
293	270	3
364	271	3
339	272	1
272	364	3
272	386	3
273	375	3
355	273	3
397	273	1
275	343	1
275	300	3
276	309	1
307	277	1
322	277	1
277	394	1
277	315	2
278	358	1
359	278	1
279	340	1
279	380	2
363	280	3
299	280	1
280	293	1
281	389	3
381	281	1
281	347	1
282	340	1
283	309	2
283	388	1
386	284	3
303	284	3
330	284	1
321	285	1
286	346	2
307	287	2
288	390	3
289	291	1
289	355	2
306	291	1
329	291	2
292	387	1
293	378	2
293	346	3
330	293	2
302	293	1
293	374	3
390	294	2
294	335	1
381	294	1
294	368	3
335	295	2
295	302	2
297	333	3
396	300	1
300	363	2
301	324	1
301	350	1
301	384	1
301	312	3
380	302	2
389	302	1
305	362	3
305	395	3
305	381	3
342	306	3
306	311	2
306	321	1
307	396	3
307	334	2
308	390	1
309	367	3
356	309	3
333	311	2
340	311	2
312	357	1
312	314	2
373	315	1
316	325	1
363	316	2
320	318	3
320	372	1
321	344	1
323	392	1
371	323	3
323	393	2
396	325	2
336	327	2
353	328	2
372	328	1
329	375	3
330	348	3
330	346	2
354	330	2
387	330	3
394	331	1
334	349	2
383	336	1
340	336	2
337	365	1
338	376	1
399	338	3
341	339	2
369	339	3
339	342	3
397	339	2
398	339	3
384	340	3
344	393	2
399	344	3
346	353	2
374	348	2
380	352	3
382	354	3
354	395	3
357	367	1
362	392	3
389	363	3
366	363	2
381	364	2
365	367	2
389	366	1
366	372	1
367	373	3
393	368	2
375	369	2
369	377	3
390	371	1
372	375	2
394	373	2
376	393	2
398	382	1
397	383	2
391	384	1
386	389	2
