0	378	1
124	0	1
0	97	1
66	0	1
236	0	1
397	0	3
340	0	1
1	50	1
162	1	3
21	1	2
295	1	3
198	1	1
48	2	2
2	321	3
301	2	3
2	317	2
55	2	2
2	322	1
2	330	1
3	260	1
66	3	2
294	3	2
3	142	3
3	269	2
3	272	3
4	125	2
188	4	1
4	122	1
4	203	1
68	4	3
4	112	1
4	184	1
4	48	3
84	5	2
194	5	1
30	5	2
5	217	3
5	304	2
5	327	3
5	319	1
5	335	3
5	330	1
6	218	1
66	6	3
6	328	2
58	6	2
134	6	1
282	6	3
161	7	1
358	7	3
7	215	1
383	7	2
128	7	1
7	327	2
32	7	3
14	7	3
7	286	3
8	106	3
8	267	2
344	8	2
8	51	3
164	8	3
8	76	1
8	19	2
210	9	3
273	9	3
192	9	1
308	9	2
9	150	3
194	9	1
9	133	1
10	285	2
10	239	1
10	200	3
10	355	1
339	10	3
343	10	3
317	10	2
11	67	3
41	11	1
118	11	2
84	11	2
12	34	1
12	298	2
157	12	3
363	12	3
13	232	2
13	129	1
13	108	1
13	243	3
13	166	1
13	329	1
327	14	3
214	14	2
14	320	1
14	361	1
14	186	2
15	187	3
15	239	2
86	15	1
310	15	3
15	307	2
15	40	2
85	15	1
15	311	1
16	345	1
184	16	2
16	363	1
17	112	1
386	17	3
357	17	1
17	38	1
323	17	2
296	18	3
18	75	3
18	58	2
73	18	3
374	18	2
398	18	1
18	289	2
18	82	1
19	399	2
222	19	2
130	19	1
43	19	2
19	23	1
19	90	1
19	172	3
20	384	1
20	219	3
20	228	1
20	211	1
71	20	1
122	21	3
21	219	1
21	132	3
250	21	1
346	21	1
21	275	1
21	117	2
323	22	3
22	203	1
235	22	1
23	397	1
296	23	1
180	23	3
23	138	1
164	24	3
24	219	1
279	24	3
25	245	3
25	379	1
25	344	3
340	25	1
26	184	3
84	26	2
357	26	3
278	26	3
26	323	1
340	26	1
26	308	1
82	27	3
44	27	2
27	86	1
258	27	1
259	28	1
75	28	2
315	28	1
28	180	2
102	29	1
29	295	3
112	29	1
29	276	1
274	30	2
30	113	2
30	158	3
273	30	3
121	30	1
295	30	1
238	30	3
245	30	2
30	251	3
30	179	3
30	136	3
30	263	2
30	329	2
38	31	2
31	145	2
31	67	2
31	135	2
31	88	2
276	31	1
122	31	3
177	31	3
248	32	3
32	116	1
32	253	1
32	65	2
32	138	2
32	365	1
32	272	3
32	35	2
32	33	1
396	33	1
236	33	3
325	33	3
33	98	3
33	241	2
181	34	1
137	34	2
284	34	1
388	34	1
34	63	3
34	289	2
34	163	1
34	262	3
394	35	3
188	35	2
35	53	2
113	35	3
329	35	2
36	162	1
36	385	1
139	36	2
157	37	3
219	37	1
107	37	1
249	37	1
37	171	2
38	59	3
38	143	2
380	38	2
123	38	2
196	38	2
142	39	1
134	39	3
39	307	2
176	39	3
40	204	2
260	40	3
41	110	3
42	355	1
42	379	3
316	42	3
278	42	1
42	341	3
42	183	1
42	378	3
42	227	2
110	43	3
86	43	1
43	134	1
43	73	1
43	188	3
43	55	3
43	209	2
44	324	2
44	201	3
44	300	1
44	128	1
281	44	1
44	167	3
298	44	1
44	302	1
62	44	2
342	44	2
229	45	3
232	45	2
224	45	1
105	45	3
262	46	2
46	79	3
73	46	2
322	46	1
47	357	1
98	47	3
47	377	2
47	62	1
47	157	3
47	88	1
127	48	2
48	352	2
313	48	3
236	48	2
48	105	1
48	373	2
48	267	3
171	48	3
48	200	1
48	239	1
147	49	1
393	49	3
49	273	2
310	49	3
175	49	2
244	49	3
49	88	2
50	321	2
50	59	1
165	50	2
50	197	2
207	50	3
356	51	3
51	52	1
51	63	2
141	51	3
51	393	2
317	51	3
392	52	2
138	52	2
52	332	3
52	189	2
70	52	3
52	221	2
52	72	3
52	105	2
52	128	2
52	316	3
53	211	1
53	306	3
53	379	1
53	67	1
53	159	3
53	182	3
116	53	2
53	307	3
103	54	2
301	54	1
54	65	2
210	54	2
55	285	1
320	56	2
93	56	1
56	182	3
56	366	1
249	56	2
352	56	1
57	139	1
382	57	3
67	57	2
58	144	3
58	153	3
253	59	3
82	59	3
321	59	3
288	59	2
59	223	1
59	65	1
303	59	1
292	59	1
207	60	3
60	127	1
114	60	2
61	84	2
396	61	1
283	61	1
158	61	1
62	247	3
95	62	1
62	141	1
62	260	2
62	293	3
62	234	3
278	62	2
118	62	2
63	116	2
63	140	3
63	313	2
234	63	1
63	207	2
63	336	2
63	119	3
63	139	3
63	229	3
64	133	3
64	278	2
375	64	2
64	258	3
337	65	1
257	65	3
65	271	3
65	320	2
66	159	3
66	140	1
66	182	1
66	309	2
353	67	2
230	67	2
68	238	2
167	68	3
69	92	3
130	69	1
215	69	3
154	69	2
283	70	3
70	219	3
70	277	2
376	70	1
341	70	1
70	180	3
129	71	1
71	165	2
71	212	1
375	71	2
184	72	3
72	189	1
140	72	3
138	73	2
73	99	3
73	201	3
73	165	3
74	130	1
95	74	2
189	74	3
314	74	3
148	74	1
74	195	3
204	75	1
103	75	3
185	75	1
211	76	2
129	76	1
289	76	3
216	76	1
77	252	1
291	77	2
372	77	1
376	77	3
77	177	2
77	202	1
77	162	1
314	77	2
249	78	3
131	78	1
78	161	1
78	314	3
133	78	3
163	78	3
138	78	1
78	265	1
79	101	2
88	79	1
390	79	3
374	79	1
176	79	3
79	378	1
152	79	2
373	79	1
142	79	1
79	283	2
108	80	1
80	334	1
80	83	2
80	160	2
224	81	3
309	81	1
81	187	3
297	81	2
81	108	2
82	367	2
116	82	3
82	243	1
82	117	1
82	209	1
82	305	3
82	212	3
83	248	1
83	119	2
83	350	1
305	83	2
94	84	1
84	366	1
256	85	3
342	85	2
148	85	1
221	85	1
157	86	2
353	86	2
86	92	2
87	306	1
338	87	3
87	317	2
356	87	1
325	87	3
87	234	3
120	88	2
276	88	1
269	88	3
88	232	1
88	202	3
89	197	2
359	89	2
90	259	2
174	90	2
91	106	2
342	91	1
102	91	2
101	91	1
91	167	3
91	282	1
91	203	1
136	92	3
398	92	2
92	394	1
313	93	3
94	144	2
243	94	3
94	338	3
118	94	2
316	94	2
216	94	3
281	94	1
94	336	1
367	95	2
160	95	1
349	95	1
370	95	2
95	223	1
268	95	2
351	96	3
96	165	2
96	246	3
97	368	2
391	97	1
97	240	3
98	189	2
197	98	3
98	312	1
98	113	3
112	99	3
99	205	2
99	235	3
356	99	1
99	393	3
370	100	3
126	100	3
100	337	1
101	386	1
101	266	3
101	180	2
307	101	2
101	224	2
101	349	2
181	101	3
326	101	2
102	217	3
184	102	3
141	102	1
102	208	2
378	103	2
128	103	2
103	217	2
266	103	1
104	292	3
257	104	1
177	104	3
104	118	3
104	190	3
227	104	3
176	105	2
106	179	1
106	312	3
376	106	3
106	369	1
270	106	1
238	106	3
399	107	2
149	107	2
288	108	2
108	114	1
108	358	2
171	108	3
247	108	1
252	108	1
258	108	3
316	109	1
185	109	1
259	110	3
110	221	2
204	110	2
110	330	3
111	212	2
173	111	3
111	112	2
286	113	3
134	113	3
376	113	2
244	113	1
113	302	2
114	284	2
114	226	1
114	360	2
114	305	1
114	391	3
114	374	1
214	115	3
115	266	2
115	146	2
116	335	1
347	116	3
116	274	3
303	117	3
172	117	1
261	117	1
239	117	2
144	118	1
118	153	3
118	337	3
247	118	3
258	119	2
335	119	3
151	119	1
119	351	2
336	120	1
120	334	2
224	120	3
120	284	3
120	252	2
120	282	1
120	149	2
143	121	3
121	181	2
121	205	1
211	121	1
121	316	3
121	253	1
122	276	3
264	122	1
342	122	2
122	293	1
123	283	2
286	123	2
244	123	2
233	123	3
390	124	2
125	314	3
372	125	1
125	387	2
383	125	2
376	125	2
125	167	2
126	227	2
254	126	3
126	176	2
127	226	3
127	388	3
127	364	1
166	127	3
128	259	3
128	272	2
128	166	1
128	388	3
128	184	3
308	128	3
215	128	1
170	128	1
128	266	2
129	246	1
129	153	3
129	334	2
130	131	3
130	150	2
179	130	3
130	293	1
132	245	3
167	132	1
132	353	1
132	150	1
133	222	3
133	318	2
314	134	3
199	135	1
135	213	3
235	135	3
303	136	3
238	136	2
136	161	3
136	225	3
222	136	2
136	177	2
333	137	2
244	137	1
302	137	1
246	137	3
137	397	2
203	137	1
138	229	2
138	241	1
138	179	3
235	138	2
236	138	2
138	258	3
139	149	3
139	242	3
380	139	1
231	139	1
170	140	1
140	258	1
241	141	1
141	391	1
142	399	2
142	181	1
253	142	2
143	337	1
143	307	1
144	341	3
144	330	1
144	195	1
255	146	1
147	358	2
147	236	2
147	394	3
147	257	3
200	147	2
244	147	1
147	152	1
148	252	2
148	212	1
349	148	3
263	148	1
148	227	2
306	149	3
355	149	2
321	149	2
149	249	2
379	150	1
150	239	3
344	151	1
354	151	3
152	350	3
152	270	2
152	280	3
153	381	1
324	153	3
153	320	3
274	153	3
154	381	2
154	385	2
154	355	3
179	154	3
155	221	2
203	155	3
155	177	1
360	156	2
156	276	3
285	156	2
166	156	3
253	157	2
367	157	3
157	266	3
342	157	3
380	158	1
357	158	3
197	159	3
159	318	1
159	213	3
159	323	3
264	159	3
159	395	2
159	350	1
159	315	1
159	199	1
160	353	2
160	375	1
160	354	3
211	160	1
168	160	3
256	160	3
233	161	3
175	161	1
234	161	1
161	354	3
271	162	2
162	240	3
162	300	1
261	163	1
164	202	2
235	164	2
252	165	3
341	165	3
165	260	3
165	230	1
165	290	1
165	337	3
166	331	3
166	281	1
241	166	2
166	228	2
181	166	3
341	168	2
254	168	1
365	168	1
168	194	1
252	168	3
191	169	3
358	169	1
281	169	3
169	215	2
320	169	3
169	301	1
219	170	1
263	170	1
279	170	3
332	170	1
170	361	3
171	398	1
371	171	2
196	171	2
171	297	1
172	394	3
172	388	2
172	302	3
173	197	2
173	285	3
174	322	1
174	275	3
312	175	3
175	259	3
351	175	1
306	175	2
398	175	2
195	176	2
176	181	2
176	273	2
312	177	3
182	178	2
178	250	1
259	178	2
179	296	1
179	349	3
394	180	1
219	180	3
204	180	1
370	181	3
181	201	3
181	393	2
181	235	3
331	182	3
314	182	1
356	182	2
304	182	1
182	282	2
310	183	1
358	183	2
379	183	3
183	283	3
184	304	2
214	184	2
184	233	1
323	184	3
184	359	2
185	197	1
282	185	2
185	285	2
221	186	3
320	186	1
191	186	3
325	187	2
188	220	3
351	188	3
189	190	3
189	306	3
286	189	2
267	191	2
191	226	2
191	313	1
351	191	1
192	234	3
251	192	1
364	192	2
192	309	2
361	193	2
380	193	3
193	220	1
309	193	2
195	377	2
195	244	1
240	196	3
358	196	1
196	310	2
303	197	2
197	275	1
197	232	3
206	197	1
197	213	1
198	261	3
198	281	1
199	385	2
397	199	2
199	332	1
230	199	3
320	199	3
200	360	2
200	315	3
200	270	1
201	330	1
225	203	3
285	203	1
204	303	2
204	228	1
381	205	1
205	359	1
205	220	2
205	236	1
224	206	1
396	206	1
206	290	1
207	219	1
207	330	2
207	245	3
207	325	1
341	208	2
320	208	1
347	210	1
323	210	2
379	210	2
267	211	2
211	376	3
212	399	2
289	212	2
228	212	3
292	213	3
220	213	2
391	213	2
214	384	1
214	283	2
389	215	1
216	269	3
216	234	2
360	216	3
216	327	1
217	309	2
217	290	2
319	217	1
217	242	2
396	217	3
217	234	1
368	217	3
278	218	1
218	277	3
218	348	2
218	374	3
218	232	2
222	219	1
252	219	1
219	316	3
219	392	3
248	220	2
220	249	1
220	250	1
220	331	3
353	221	2
222	300	1
222	354	3
382	223	1
223	395	2
224	348	3
358	226	1
226	253	2
226	308	2
363	227	1
277	227	1
385	227	1
331	227	1
288	228	2
359	228	1
228	232	1
229	242	2
229	251	2
229	311	2
380	230	1
273	231	1
231	387	1
231	376	2
307	232	3
339	232	3
232	391	2
232	293	1
296	233	2
233	378	1
317	234	2
234	358	3
371	234	2
235	368	2
269	235	1
361	235	3
336	235	3
246	236	2
236	305	3
237	371	1
237	268	2
237	328	2
237	324	3
289	237	1
337	238	1
256	238	1
358	238	3
238	370	1
239	388	3
240	316	1
240	368	1
240	272	3
240	335	2
330	240	3
240	281	2
348	240	3
268	241	3
282	241	2
332	241	2
388	242	2
242	384	3
363	243	2
249	243	1
340	243	3
244	303	1
244	322	2
398	245	3
348	245	3
245	379	3
383	246	2
246	248	2
247	296	1
285	248	2
249	268	1
309	249	3
369	249	3
251	250	1
359	250	3
286	250	3
251	350	3
338	252	1
253	331	3
253	338	3
253	391	2
254	344	3
254	266	2
256	277	3
303	257	1
257	319	2
258	380	3
301	258	1
258	333	2
370	259	1
376	260	1
260	273	2
262	277	1
262	358	3
366	263	2
263	283	2
264	290	3
354	264	3
326	264	1
266	371	2
266	316	3
267	379	1
268	394	1
349	270	1
270	334	3
369	270	2
271	371	3
271	312	3
326	272	2
274	273	1
273	292	2
273	352	1
273	308	1
287	274	2
274	334	3
299	274	2
275	331	1
386	275	2
276	391	3
298	277	3
277	367	1
278	312	3
278	337	2
348	278	1
306	279	1
279	328	3
311	280	3
280	376	1
373	280	3
374	280	3
396	280	3
280	375	1
381	281	1
300	281	3
283	282	1
282	312	2
282	341	1
367	283	2
288	284	2
364	285	2
285	363	1
286	289	3
287	386	2
365	287	2
288	287	1
389	288	3
306	289	3
294	290	3
322	290	2
299	291	3
291	381	3
291	372	1
338	292	1
305	292	1
293	384	2
293	366	1
294	370	2
335	295	3
309	296	3
358	296	2
316	296	2
370	296	2
298	345	2
300	332	3
300	303	2
349	300	1
338	300	2
389	301	1
302	365	3
302	364	1
303	367	2
303	371	1
338	303	2
304	356	1
304	342	2
305	398	2
306	346	1
399	306	2
307	335	1
308	364	2
369	308	3
317	308	2
309	395	1
309	371	1
382	309	1
364	312	2
312	354	1
313	396	2
314	354	1
315	366	2
316	368	3
316	354	1
316	376	3
316	352	3
317	397	3
354	317	2
340	318	3
319	357	1
385	319	1
320	357	1
380	321	2
398	322	3
374	322	1
323	398	3
323	353	3
365	324	3
384	324	3
325	393	3
325	343	1
386	326	3
327	360	3
330	344	3
353	330	1
331	341	2
332	367	3
332	354	3
377	335	1
337	366	2
337	371	1
347	339	1
339	351	2
384	339	1
375	339	2
370	340	3
390	341	2
366	342	1
375	343	1
344	347	3
345	374	2
353	346	2
348	384	1
383	349	2
351	399	2
374	353	2
358	365	1
358	399	3
359	389	1
384	360	3
394	362	3
363	378	1
372	363	1
385	366	3
371	386	2
388	372	2
389	375	3
386	377	1
383	386	3
