102	0	1
290	0	1
0	237	3
11	0	2
118	0	3
1	357	1
1	36	1
1	2	1
1	141	2
3	1	3
1	105	1
1	297	2
1	314	3
2	275	1
2	250	1
2	255	2
242	2	2
2	313	2
2	398	2
2	387	1
2	37	3
348	3	1
3	305	2
3	221	3
3	71	3
318	3	1
4	131	3
4	279	1
297	4	3
18	4	2
324	5	1
271	5	2
5	225	3
5	194	2
5	183	1
5	354	2
40	5	1
6	301	3
36	6	2
276	6	2
6	340	3
381	6	2
6	54	2
146	6	3
183	7	3
7	291	1
345	7	2
372	7	2
7	27	3
296	7	2
7	277	2
166	7	2
8	51	1
8	359	1
353	9	1
9	282	2
204	9	3
9	377	3
150	10	1
10	41	1
263	10	3
10	280	2
10	59	2
96	10	3
10	295	3
11	371	2
98	11	2
277	11	3
336	11	2
29	11	3
12	70	3
12	286	3
325	12	1
245	13	3
13	81	1
13	162	3
260	13	3
14	369	1
109	14	1
14	269	2
14	54	2
121	14	3
14	122	2
14	188	3
310	15	2
15	189	1
149	15	1
158	15	2
250	15	1
368	15	3
15	166	1
15	291	1
139	15	2
121	16	2
109	16	1
155	16	1
72	16	3
16	158	2
166	16	2
17	189	1
391	17	1
17	393	2
337	17	1
262	17	3
109	18	3
161	18	2
18	352	2
340	18	1
18	180	1
205	19	3
299	19	2
19	291	3
178	19	3
19	208	1
19	106	1
131	19	2
20	233	3
20	42	3
88	20	2
20	374	2
20	66	1
20	313	1
20	268	3
273	20	2
180	20	3
232	20	2
21	108	3
21	209	1
28	21	2
21	204	1
42	22	3
22	257	1
245	22	2
22	147	1
98	22	1
360	22	3
22	253	3
188	22	2
23	183	2
23	357	2
167	23	3
154	23	3
23	46	1
23	217	1
23	117	3
271	23	2
24	396	1
24	363	2
24	262	3
58	24	2
127	25	3
362	25	1
135	25	1
154	25	1
25	89	2
300	25	2
25	389	1
311	25	1
388	26	3
26	303	3
26	387	2
100	26	1
47	26	2
26	394	1
333	26	2
33	26	2
26	91	2
26	54	2
53	27	2
47	27	1
78	27	2
28	301	3
28	313	1
112	29	1
39	29	3
29	45	3
29	210	2
382	29	2
29	161	1
179	29	2
117	29	1
29	258	1
29	165	3
30	31	3
30	297	1
30	395	2
30	378	2
30	157	3
117	31	2
127	31	1
31	147	3
374	31	3
370	32	3
253	32	1
32	184	2
32	162	2
32	137	3
245	33	1
33	91	2
141	33	1
33	369	1
375	33	1
77	34	1
34	326	3
34	252	1
209	35	1
368	36	3
342	36	2
346	36	2
36	391	1
36	367	1
37	386	3
240	37	2
239	37	2
37	273	1
73	37	3
38	85	1
38	397	1
38	319	2
186	39	3
317	40	1
40	41	3
41	149	2
41	335	1
41	140	2
42	46	3
42	190	2
209	42	1
43	290	2
43	199	3
43	81	3
43	65	1
43	244	3
365	43	3
43	174	3
44	257	3
44	398	1
44	246	1
187	44	2
44	378	1
314	44	1
44	266	3
70	45	1
154	45	3
143	45	1
378	45	2
130	45	2
125	45	2
193	45	3
45	283	3
46	253	2
135	46	3
46	330	3
46	80	1
142	46	2
46	171	3
46	280	2
344	47	3
198	47	3
48	156	1
48	166	3
98	48	3
131	48	3
48	74	2
113	48	1
373	48	3
48	296	2
48	240	1
49	348	1
49	115	3
49	288	1
49	306	2
50	206	3
50	250	2
50	242	2
54	50	2
321	50	1
102	50	1
252	50	2
50	309	2
144	51	2
51	242	1
51	61	3
51	214	1
51	128	2
52	276	3
52	243	2
170	52	3
95	52	3
272	53	3
391	53	2
53	355	3
309	53	1
194	53	1
53	98	3
53	185	2
54	168	3
56	54	3
259	54	2
54	323	3
99	54	3
78	55	1
288	55	2
55	358	1
55	81	2
55	310	1
133	56	3
361	56	3
56	181	3
393	56	2
56	159	2
232	56	1
375	56	2
384	56	1
57	311	2
333	57	1
336	57	3
258	57	3
57	188	2
91	58	2
58	247	1
188	58	3
58	275	3
59	380	2
360	59	3
59	296	3
60	148	1
60	129	2
157	60	3
104	60	2
61	191	3
61	266	2
61	258	2
270	61	1
61	289	2
324	61	2
62	351	2
62	221	3
348	62	2
318	63	3
179	63	1
63	86	2
63	321	2
275	63	2
317	63	2
217	63	3
378	63	1
255	64	1
64	137	1
64	292	3
64	375	1
316	64	2
67	64	1
396	64	3
164	65	3
383	65	1
211	65	3
65	104	1
122	65	3
66	244	2
66	315	1
82	66	3
180	66	3
193	67	1
191	67	1
68	89	3
68	78	2
68	287	1
342	68	1
69	296	3
69	356	1
363	69	1
365	69	2
69	258	2
210	69	1
70	118	3
302	70	2
70	236	1
117	70	1
70	175	1
71	118	3
71	302	3
244	71	1
71	101	1
254	71	2
255	71	3
71	374	1
72	161	2
72	200	1
111	72	3
72	155	1
262	73	3
73	341	2
73	149	2
73	238	3
73	232	1
74	242	2
74	266	1
318	74	2
253	74	1
74	105	1
151	75	2
75	122	3
75	343	1
163	75	2
75	181	2
75	108	2
75	113	2
151	76	3
76	232	2
76	190	2
76	262	1
116	76	2
107	76	3
77	246	1
77	123	1
111	77	2
78	343	2
228	78	1
78	265	2
117	78	3
109	79	1
79	230	2
306	79	2
255	80	3
329	80	1
80	379	1
80	147	1
80	160	3
177	80	1
232	80	1
81	142	1
288	81	3
81	367	3
81	157	2
93	81	1
82	293	3
82	263	3
292	82	2
82	268	3
82	162	2
82	237	3
284	83	1
332	83	1
249	83	1
286	83	2
325	85	2
216	85	3
92	85	3
85	191	2
85	253	3
85	372	1
204	85	2
85	327	3
387	86	3
86	185	1
86	392	2
93	86	1
87	158	1
87	197	1
243	88	3
234	88	1
379	88	2
90	88	3
89	331	2
219	90	2
90	204	3
90	308	2
354	90	3
370	90	1
90	332	1
318	90	2
357	90	1
246	91	3
113	91	1
91	285	3
91	231	2
129	92	2
92	350	1
227	92	2
168	92	2
92	157	2
284	93	3
93	137	2
93	383	3
182	94	2
215	94	2
94	279	1
94	100	1
94	101	1
94	106	1
94	134	2
95	222	3
95	175	1
263	95	1
96	361	3
165	96	3
204	96	2
274	96	2
134	96	3
264	96	2
382	96	3
96	236	3
97	334	1
97	111	1
97	344	3
97	261	1
187	97	2
98	270	2
98	307	2
98	342	1
205	98	2
181	98	2
344	98	3
98	316	1
99	308	3
355	99	2
201	99	1
99	156	2
358	99	2
100	367	1
345	100	1
100	383	1
100	331	3
100	335	2
217	101	3
123	102	2
109	103	3
255	103	2
103	186	3
161	103	2
350	103	2
305	103	3
103	276	3
103	233	3
339	103	2
369	104	2
104	114	3
104	339	2
245	105	3
105	381	3
304	105	1
105	305	3
110	105	3
106	233	2
106	391	2
370	106	1
106	167	1
323	107	3
215	107	3
356	107	2
143	107	3
184	107	2
357	107	3
366	108	2
132	108	1
108	124	2
362	108	2
108	204	3
303	109	2
109	344	2
389	109	3
109	238	3
109	148	2
373	110	3
110	346	2
110	208	2
111	182	3
111	371	2
135	111	2
351	111	1
260	112	1
112	230	3
112	190	2
268	112	1
393	112	1
112	280	3
113	253	2
247	113	1
298	113	2
113	321	3
298	114	2
181	114	3
114	383	1
273	114	1
114	368	1
185	115	1
115	137	2
131	115	3
133	115	1
396	115	2
115	296	1
300	116	2
388	116	3
312	116	1
381	116	1
117	211	3
117	282	2
117	274	2
117	379	3
376	117	2
117	378	2
319	117	3
117	381	2
130	117	2
356	118	3
118	345	2
266	118	3
118	310	2
247	119	3
282	119	1
332	119	3
281	119	3
349	119	1
325	119	2
146	119	2
119	177	2
360	120	1
120	283	2
146	120	1
311	120	1
198	120	3
120	357	2
195	120	3
120	247	3
120	225	1
120	356	1
228	120	3
121	373	2
121	325	2
122	160	3
278	122	1
122	234	2
122	142	1
146	122	1
332	122	1
122	157	1
232	123	2
391	124	1
124	310	3
124	132	2
125	182	2
252	125	2
254	125	1
141	126	1
126	227	1
126	333	1
126	254	3
126	345	2
308	127	2
127	236	2
179	127	3
361	127	2
128	146	3
128	161	3
128	275	2
399	128	3
128	205	3
344	129	3
129	377	1
130	270	2
154	130	1
306	130	3
130	237	3
130	148	3
163	131	1
393	131	3
356	131	1
153	131	3
131	280	1
132	178	3
132	146	1
132	242	2
133	222	1
138	133	3
149	135	2
330	135	1
283	135	1
271	135	3
135	209	1
135	370	3
313	135	3
205	136	2
136	367	2
136	194	1
247	136	1
136	311	1
136	365	3
136	362	3
175	136	1
343	136	3
137	342	1
389	137	2
273	137	3
137	349	3
137	214	2
138	349	2
138	300	3
139	232	1
139	356	2
295	139	1
273	139	1
139	266	3
139	167	2
153	140	3
140	176	2
171	140	3
193	140	3
249	141	2
142	197	3
142	295	1
142	271	1
142	340	1
142	379	3
143	365	3
168	143	2
369	143	2
143	317	2
143	337	3
331	143	1
210	143	1
182	144	2
144	314	1
351	144	2
145	301	3
145	361	3
145	363	1
313	145	2
146	181	3
146	373	2
146	354	3
147	202	2
147	251	3
384	147	2
189	147	2
147	308	2
261	148	2
148	265	2
313	148	2
148	323	1
148	183	1
367	148	3
231	149	2
184	149	1
181	149	3
149	329	3
149	331	3
150	339	3
150	262	1
150	167	1
265	150	1
150	285	1
150	231	1
151	174	2
343	151	1
151	247	3
151	270	2
152	244	2
152	388	3
152	248	3
152	335	1
152	176	1
311	153	3
153	307	1
154	355	3
339	154	1
157	154	1
154	331	2
154	206	3
191	154	3
259	154	2
398	154	1
242	155	2
155	392	2
273	155	3
273	156	2
329	156	1
250	156	3
236	156	1
156	346	1
324	156	3
204	157	2
157	202	3
157	332	1
158	332	2
183	158	3
158	198	1
158	287	3
158	309	1
158	224	2
360	159	2
325	159	3
316	159	1
159	200	3
159	306	2
160	212	2
353	161	3
161	316	1
357	162	3
290	162	2
163	162	3
163	262	2
163	391	1
179	163	2
240	163	1
183	164	3
164	207	3
164	294	1
164	182	2
371	165	2
280	165	2
324	166	2
166	186	1
166	394	3
212	166	3
167	215	1
264	167	2
167	237	3
168	189	1
396	168	3
169	331	2
315	169	2
169	195	2
170	303	1
321	170	3
235	170	3
219	170	2
171	303	2
171	245	2
171	355	3
171	220	2
187	172	3
385	172	2
172	302	2
264	173	1
173	304	3
185	173	3
173	216	1
312	174	2
277	174	2
352	174	1
250	174	3
174	354	2
174	183	2
381	175	2
224	175	2
175	249	1
175	307	2
175	341	2
291	176	3
221	176	2
176	270	2
177	377	2
177	235	1
384	178	3
212	178	3
178	245	2
180	179	2
179	384	1
319	179	3
179	335	3
179	203	1
181	219	2
271	181	2
356	182	1
182	190	1
182	360	1
373	183	1
183	381	2
238	184	3
184	381	3
213	184	2
184	324	3
230	185	2
185	285	3
378	185	1
185	375	3
185	205	3
185	264	3
204	186	2
186	282	3
326	186	2
186	356	2
274	186	3
272	187	3
187	356	2
187	273	1
283	187	2
187	274	1
188	213	1
188	198	2
300	188	3
188	322	1
189	374	2
340	189	3
291	189	3
189	329	3
190	293	2
334	190	2
190	302	1
282	191	1
203	191	3
227	193	1
241	195	1
195	243	1
215	195	3
227	195	1
196	197	3
213	196	3
262	197	2
339	197	3
197	398	1
291	197	2
197	330	1
376	198	1
198	338	1
329	198	1
199	303	2
199	328	3
199	227	3
397	200	3
341	200	2
200	277	3
201	242	3
323	201	3
372	201	3
202	281	3
202	301	2
271	202	1
203	257	1
203	294	1
356	204	1
204	363	1
204	376	2
391	205	2
250	205	2
393	205	1
339	205	2
206	289	1
328	206	3
206	213	2
395	207	1
373	207	3
244	207	1
208	258	3
282	210	3
210	214	1
210	384	2
295	210	2
382	211	2
211	275	3
211	384	1
211	399	1
267	211	3
239	211	1
271	212	3
212	368	3
391	213	1
371	213	3
214	325	1
214	253	2
214	397	2
214	333	1
393	215	1
259	215	3
226	215	2
318	216	3
327	216	1
217	280	1
385	217	1
218	235	1
353	218	2
219	218	1
366	219	2
312	219	3
219	257	1
308	221	2
310	222	1
222	292	1
257	222	3
222	244	1
223	334	3
296	223	2
310	223	3
224	315	1
224	385	2
225	389	1
225	388	2
231	225	1
357	225	1
331	225	1
398	225	1
226	354	3
314	226	2
379	226	2
227	313	3
325	228	3
229	302	2
396	229	3
229	245	3
229	304	2
231	238	3
302	232	3
398	232	2
233	317	2
235	233	2
279	234	1
234	358	3
350	235	3
362	235	3
339	236	2
333	236	2
349	236	3
244	237	1
399	238	1
238	382	2
238	308	2
283	240	3
313	242	3
242	370	2
391	242	3
243	273	2
307	243	1
310	245	1
245	349	1
345	245	1
245	315	2
370	245	3
246	302	2
246	332	3
250	246	2
378	246	1
344	246	1
307	246	1
247	296	3
261	247	1
327	248	1
291	248	1
316	248	1
307	248	1
249	378	2
383	249	2
321	250	2
340	250	1
251	373	1
251	308	2
251	312	1
252	349	3
333	253	1
254	374	3
307	254	1
254	355	1
278	256	3
256	307	1
257	285	3
257	322	1
258	286	2
294	258	2
380	258	3
259	379	2
301	259	3
260	319	3
384	260	3
261	382	1
264	261	3
359	262	2
263	289	2
263	361	1
297	264	3
315	266	2
341	266	1
267	321	2
300	267	3
323	268	3
295	268	3
371	268	2
390	268	2
268	294	2
290	269	1
294	269	3
288	271	1
272	285	3
398	273	2
306	273	2
373	273	2
356	274	1
274	385	3
398	275	2
287	276	1
323	278	2
300	278	1
370	279	2
340	279	3
280	399	3
307	280	1
392	280	1
281	341	1
381	282	1
288	282	2
322	283	2
317	283	3
284	380	2
284	343	1
284	296	2
284	340	1
317	285	2
285	325	1
322	286	2
313	288	3
289	329	3
381	290	2
389	290	1
291	371	1
381	291	1
399	291	1
387	292	2
344	292	3
294	300	3
294	332	3
295	342	2
296	360	2
367	296	3
296	351	1
296	349	1
302	296	1
297	377	3
298	353	3
347	298	2
299	332	1
300	383	2
393	301	3
302	371	1
343	303	1
303	393	1
305	337	2
306	342	1
307	398	2
332	308	3
309	345	3
315	310	3
393	310	2
311	376	2
377	312	3
359	312	1
312	340	2
331	314	2
399	314	3
316	335	3
320	370	1
384	320	1
365	321	2
322	341	3
345	323	3
398	325	1
331	326	1
327	386	3
352	327	2
385	327	2
328	365	1
388	329	1
330	337	2
330	352	2
331	371	1
363	331	2
331	336	2
331	359	1
331	334	2
332	396	2
376	332	2
333	357	1
333	363	3
351	333	2
358	336	3
356	337	2
337	378	1
338	368	1
338	362	1
340	384	3
358	340	1
341	398	2
341	384	2
346	341	1
347	342	1
380	342	2
392	342	1
398	342	3
375	345	3
377	346	3
355	349	2
353	392	2
359	396	3
360	386	2
379	362	1
363	390	2
370	363	1
386	366	3
376	372	1
373	397	2
376	374	2
387	384	3
