0	312	3
100	0	1
52	0	3
268	0	2
257	0	1
0	372	2
314	0	1
285	1	2
1	128	1
1	243	3
233	1	1
2	84	3
2	352	3
2	354	3
368	2	3
245	2	1
2	229	1
209	2	3
102	2	1
180	3	1
3	212	1
281	3	1
139	3	1
307	3	2
4	360	3
247	5	1
5	245	3
309	5	2
34	5	3
5	345	3
5	38	1
5	271	1
5	286	3
50	6	3
269	6	3
239	6	2
6	238	1
6	128	1
6	57	3
7	232	3
108	7	3
7	21	2
365	7	1
181	7	1
28	7	2
246	7	2
54	7	1
188	7	3
158	8	3
8	181	2
8	75	2
268	8	3
21	8	2
299	8	3
161	8	2
8	50	3
332	9	2
9	177	1
9	242	1
223	9	3
154	9	3
316	10	2
10	327	3
181	10	2
335	10	1
288	10	2
144	10	1
10	345	2
183	11	3
386	11	3
11	276	3
50	11	3
170	11	2
11	182	2
209	11	1
12	130	2
12	289	3
12	395	3
13	149	3
51	13	2
13	333	2
115	13	3
13	106	2
13	52	1
13	207	2
13	337	2
14	355	2
115	14	2
14	332	1
163	14	1
43	14	1
15	135	3
253	15	2
283	15	1
15	200	2
155	15	1
16	58	3
16	195	3
202	16	3
17	186	2
17	353	1
157	17	1
17	333	1
270	17	3
44	18	2
281	18	1
306	18	1
102	18	1
146	18	2
72	18	3
302	19	2
55	19	2
223	19	1
107	19	2
372	20	1
20	116	2
20	144	3
20	32	2
21	147	3
21	51	2
21	176	1
357	21	1
387	21	2
212	22	2
22	75	3
288	22	2
54	22	2
161	22	2
259	22	3
135	22	1
23	57	2
23	214	3
299	23	3
210	23	3
151	23	2
23	261	3
327	23	2
25	23	3
286	23	3
24	104	1
24	72	2
289	24	1
342	24	1
24	193	3
268	25	1
25	386	3
335	25	1
291	25	3
394	25	3
25	296	1
26	263	2
81	26	3
51	26	3
212	26	1
128	26	3
26	239	3
43	27	3
27	122	1
391	28	3
368	28	1
29	184	3
29	177	3
29	209	1
30	360	3
347	30	2
124	30	3
123	30	3
30	246	2
30	294	3
225	30	3
337	30	3
31	349	3
336	31	1
352	32	2
32	136	3
32	127	3
322	32	2
32	334	1
282	32	2
147	32	2
359	33	1
33	159	1
101	33	1
332	33	1
33	186	3
175	33	1
33	279	2
92	34	3
35	373	2
35	251	3
218	35	1
179	35	3
35	137	3
35	76	2
35	246	1
35	367	1
155	35	2
265	36	2
339	36	3
36	259	3
36	345	1
36	159	2
323	36	3
36	209	3
368	36	3
36	96	1
50	36	1
177	36	3
37	370	3
37	231	3
184	37	2
37	233	2
38	37	2
37	165	3
38	190	1
38	333	3
261	38	3
38	177	1
39	371	3
39	76	1
39	40	1
160	39	3
368	40	1
40	92	3
389	40	2
40	297	2
40	245	2
102	41	3
377	41	3
188	41	1
290	41	3
41	104	2
383	41	1
120	41	1
41	265	3
317	41	2
42	243	3
377	42	1
142	43	2
188	43	3
43	151	2
86	43	2
328	43	1
43	171	1
44	158	1
44	117	3
98	44	1
44	360	1
171	45	2
288	45	1
93	45	1
125	45	2
46	283	2
46	224	1
46	328	2
46	157	2
46	304	2
46	184	1
155	47	3
54	47	1
347	47	2
47	198	2
398	47	1
47	309	2
107	48	1
48	95	1
48	255	2
48	373	2
387	48	2
48	72	1
48	76	2
49	147	1
315	49	1
49	141	3
49	138	2
57	49	2
338	50	3
50	132	2
398	50	1
50	320	1
50	186	2
294	51	3
51	177	1
128	51	2
270	51	1
394	52	3
52	167	1
52	341	1
84	52	1
174	52	3
220	53	1
53	357	2
301	53	1
308	53	2
215	53	2
267	53	2
166	53	3
394	53	1
53	233	1
53	332	1
196	53	3
119	54	1
54	190	3
184	54	1
397	54	1
55	241	3
127	55	1
55	58	2
138	55	2
55	111	3
56	262	2
316	56	2
96	56	1
56	274	2
56	222	3
56	80	3
117	56	3
60	56	3
56	396	3
163	57	3
57	263	1
58	57	2
131	57	2
57	209	1
123	58	2
58	210	3
187	58	1
58	374	1
97	60	1
272	60	1
271	60	2
60	293	1
63	60	1
60	108	3
130	60	3
350	60	1
287	61	3
61	291	2
148	61	2
61	182	1
236	62	1
62	162	1
303	62	3
230	62	2
63	192	1
63	100	1
172	63	2
63	348	2
63	193	1
201	63	3
63	262	2
63	145	1
64	241	3
64	106	1
161	64	2
64	138	3
64	333	1
64	186	2
65	67	3
261	65	2
65	232	3
65	135	2
389	66	3
66	228	2
284	66	2
66	184	1
66	348	1
214	66	1
234	66	1
67	335	1
67	393	2
298	67	2
67	320	2
67	390	2
67	317	2
68	215	2
77	68	2
304	68	3
142	69	1
69	89	3
325	69	1
130	69	3
69	254	1
213	69	2
191	69	3
106	69	1
73	69	3
194	69	1
69	252	1
290	69	1
69	175	1
70	345	2
70	109	1
70	253	3
70	135	1
70	226	2
177	70	2
70	132	2
70	153	3
70	312	2
184	71	1
176	71	1
121	71	1
71	243	3
376	71	1
241	72	3
186	72	2
73	108	2
73	205	1
115	73	1
205	74	3
134	74	2
212	74	2
74	118	1
267	74	3
74	195	3
74	362	2
75	280	2
106	75	2
76	291	1
81	76	1
76	250	1
76	233	1
374	76	1
76	105	3
76	272	3
327	76	1
158	76	3
90	76	2
77	90	1
258	77	3
78	127	2
257	78	2
345	78	1
320	78	1
227	78	1
281	78	3
371	78	2
79	336	3
79	314	3
79	290	3
108	80	2
378	80	1
80	315	3
81	219	1
317	81	1
81	338	2
81	193	3
81	372	3
339	81	1
181	81	2
95	82	3
82	248	2
230	82	2
83	296	1
256	83	1
83	327	3
241	83	2
83	304	1
83	188	2
84	275	1
84	298	3
118	84	3
85	193	3
85	386	1
320	85	2
109	85	2
279	85	1
86	195	3
334	86	2
183	86	3
86	214	3
358	86	2
87	155	3
87	218	1
98	87	1
87	333	2
235	88	3
272	88	1
205	88	2
138	89	2
89	210	1
176	89	1
89	105	2
90	170	1
90	193	1
102	91	2
91	322	1
229	91	2
92	131	3
92	122	2
93	124	1
125	94	1
362	95	2
320	95	3
237	95	2
375	95	3
203	95	2
95	182	3
342	95	3
177	95	1
96	160	1
266	96	2
196	96	1
96	117	1
214	96	3
97	226	3
287	97	1
97	197	1
97	291	3
97	392	1
97	143	3
327	98	3
98	326	3
99	253	1
99	167	2
113	99	3
188	99	2
99	156	1
99	303	1
227	100	2
100	354	1
164	100	1
101	247	3
287	101	3
101	244	1
101	114	2
101	129	1
101	257	2
195	101	1
201	102	3
107	102	2
276	102	2
114	102	1
166	103	1
103	254	3
103	151	1
104	373	1
280	104	1
104	173	2
105	208	3
105	203	1
105	224	2
105	202	2
245	105	3
228	105	1
184	105	2
167	106	3
247	106	2
351	107	2
108	189	1
112	108	3
109	266	1
190	109	1
366	109	2
251	110	3
211	110	3
110	355	3
110	358	3
299	110	2
263	111	2
256	111	2
237	111	3
112	272	2
112	295	2
112	140	1
112	320	1
156	112	1
113	399	2
271	113	3
285	113	2
113	298	2
369	113	2
290	113	1
167	114	2
114	192	3
245	114	1
115	383	2
342	115	1
115	330	1
201	115	1
325	115	1
305	116	2
204	116	2
116	166	1
116	172	3
116	196	3
342	117	3
223	117	3
301	117	2
321	118	1
118	175	2
118	140	3
387	118	1
118	297	2
118	213	2
119	222	2
119	130	2
119	274	3
235	120	3
120	372	2
120	392	2
121	167	2
177	121	1
272	121	1
387	122	2
122	157	1
323	122	1
122	198	2
122	344	3
122	371	3
389	123	2
123	390	1
289	124	1
328	125	2
125	150	3
126	240	1
375	126	2
126	172	2
368	126	1
126	192	3
126	379	2
126	190	2
126	209	2
126	281	1
386	127	3
127	142	2
127	352	3
127	168	3
128	247	1
163	129	3
262	129	1
168	129	1
161	130	2
341	130	1
190	130	3
130	240	2
130	356	1
245	131	1
289	132	1
132	218	1
134	356	1
134	183	3
135	335	1
280	135	2
385	135	1
135	147	1
271	136	3
145	136	3
279	136	3
136	189	1
136	140	2
323	136	2
136	384	2
354	137	3
137	303	3
157	137	3
344	137	2
137	288	2
367	137	3
137	324	3
253	138	1
385	138	2
272	138	1
138	380	3
138	332	2
193	139	2
139	247	2
222	140	2
140	319	3
140	199	1
141	272	3
288	141	1
141	171	2
394	141	1
141	259	3
326	141	1
142	321	3
142	234	3
375	143	2
143	352	3
143	320	1
173	143	2
347	144	1
144	374	3
144	236	1
144	385	2
144	350	1
360	144	3
363	144	2
147	144	3
227	145	2
355	145	1
172	145	1
295	146	3
146	291	1
146	271	3
378	147	2
147	354	1
172	147	2
147	349	1
394	148	3
148	374	3
347	148	2
318	148	2
148	193	1
241	148	1
335	149	3
149	211	3
150	248	1
150	297	3
313	150	3
150	282	1
276	151	2
317	151	1
303	151	2
151	231	3
363	151	1
151	330	1
233	151	1
389	152	2
152	277	2
152	195	1
224	153	1
347	153	3
153	171	3
373	153	2
154	370	3
300	154	3
154	204	2
154	176	2
155	386	1
207	155	3
156	203	1
156	266	3
238	156	2
157	384	2
356	157	2
360	157	2
157	313	3
158	195	1
295	159	2
159	215	2
159	346	2
160	365	1
235	160	1
327	161	1
260	161	3
176	161	3
242	161	2
162	276	2
162	335	3
163	399	2
163	214	2
298	163	2
255	163	3
391	163	3
242	164	2
164	178	3
164	194	1
320	165	2
190	165	2
186	165	2
252	165	3
172	165	1
261	166	2
166	337	1
166	167	3
166	363	3
175	166	3
167	242	1
167	250	2
168	241	3
168	220	3
291	168	3
229	168	3
168	289	1
174	168	3
231	169	3
290	169	3
377	169	1
170	175	1
311	170	1
370	170	3
171	307	3
251	172	3
172	317	2
172	329	3
173	209	3
174	260	1
174	235	1
174	266	3
301	175	1
175	190	3
395	176	3
332	176	2
176	287	2
176	367	2
176	214	3
176	321	1
334	177	1
214	177	2
243	177	2
178	300	1
178	190	3
178	339	3
178	238	1
238	179	1
180	302	2
254	180	2
357	180	3
356	181	1
181	197	2
181	309	3
181	272	1
182	370	1
182	214	3
341	182	1
182	204	3
383	183	1
183	314	1
232	184	3
373	185	2
185	353	2
368	185	3
392	186	2
186	292	1
186	243	2
244	186	2
301	187	2
187	278	2
187	192	3
188	325	1
232	189	2
237	189	3
317	189	2
189	284	2
190	349	1
225	190	3
190	277	2
250	190	1
190	216	1
190	361	1
383	191	1
316	191	2
191	210	3
307	191	1
253	191	1
191	390	2
290	192	3
210	193	1
193	234	3
294	194	1
353	195	1
195	317	2
337	197	2
199	228	1
295	199	2
328	199	1
254	200	1
250	200	3
200	370	3
200	331	3
201	369	1
201	375	2
201	323	1
236	202	1
384	202	2
202	345	3
323	202	2
215	202	1
202	371	2
206	202	2
202	308	3
203	295	2
226	203	3
205	259	1
205	243	2
205	345	3
209	206	2
216	206	3
206	268	1
206	358	3
238	207	3
208	230	2
250	208	3
245	208	1
209	208	3
392	208	1
209	335	2
274	209	1
209	316	1
340	209	3
209	387	2
210	396	2
336	210	2
322	210	1
210	219	2
366	211	3
256	211	1
211	269	2
370	211	1
230	212	1
293	213	2
214	354	1
366	214	2
215	276	3
215	388	3
215	393	2
215	392	3
374	216	1
216	295	1
291	216	1
217	216	3
216	399	2
365	217	1
316	217	1
267	217	3
217	222	2
337	217	1
377	218	2
291	219	3
219	391	1
219	254	3
379	219	2
220	314	2
220	331	1
364	220	2
260	220	1
220	342	1
363	221	1
306	221	2
222	285	1
222	259	2
317	222	3
302	222	3
331	223	2
223	238	2
303	223	3
267	223	2
223	373	1
223	291	3
270	224	2
302	224	3
282	224	3
225	373	1
226	276	1
227	356	3
255	227	3
256	228	2
229	333	1
249	229	2
230	271	1
230	262	3
230	273	3
230	289	2
247	231	2
231	237	1
235	231	2
339	231	1
388	232	3
233	237	2
233	285	3
364	233	2
233	256	3
304	233	1
346	234	3
364	235	3
236	284	3
236	357	3
236	385	1
291	236	3
237	284	1
237	281	1
287	237	1
238	376	3
239	298	3
249	239	1
274	239	3
239	299	3
240	328	1
371	240	3
370	240	3
342	240	3
241	272	1
382	241	1
242	256	2
242	315	3
367	242	3
242	395	1
326	243	2
246	243	1
244	243	3
244	281	2
244	275	3
282	244	3
245	299	3
323	245	3
252	246	1
246	311	1
246	378	1
246	332	1
247	291	1
247	342	2
293	247	2
368	247	1
248	264	1
293	249	2
249	278	3
353	250	2
300	250	3
397	250	1
250	359	1
300	251	3
331	251	3
251	310	1
251	330	2
252	373	3
354	253	1
384	253	3
253	379	3
357	253	3
262	253	2
253	293	2
253	279	2
300	253	3
374	254	1
322	254	1
254	350	1
255	334	3
255	382	1
255	301	2
376	256	1
390	256	2
257	367	2
389	257	3
257	309	2
258	278	3
325	258	3
267	259	2
259	310	1
289	259	1
259	316	3
279	260	3
345	260	2
275	261	2
262	279	2
263	262	3
262	314	2
343	264	2
303	264	3
265	388	1
265	379	2
283	265	3
265	380	1
266	357	1
396	266	2
266	377	2
302	268	2
269	286	3
270	357	2
270	280	3
270	299	2
270	364	2
347	271	3
272	324	1
343	272	3
272	376	1
306	273	1
345	273	2
274	373	2
274	351	1
279	274	2
274	277	3
274	304	2
275	359	1
380	275	2
276	329	3
276	377	2
322	277	3
277	306	1
326	277	2
278	311	3
397	279	3
326	280	3
379	280	1
390	280	1
280	377	3
281	291	2
281	394	2
317	283	3
345	283	2
311	283	1
316	284	3
285	299	1
351	285	2
287	343	3
287	340	2
287	376	2
287	328	3
348	287	2
299	288	1
288	317	2
289	314	1
289	322	1
289	358	1
290	292	3
362	290	2
290	387	3
292	316	1
350	292	2
338	293	3
317	293	3
381	293	3
293	378	3
296	333	2
358	296	2
297	320	1
399	298	1
298	361	2
298	353	3
351	300	1
394	300	1
300	377	1
301	371	1
302	387	2
302	304	1
303	398	3
303	383	2
334	304	3
335	304	3
305	370	2
389	305	3
395	306	2
307	365	2
331	308	1
308	387	1
309	328	1
390	312	3
312	351	1
377	313	1
313	364	1
397	313	1
341	313	2
316	314	2
318	316	1
376	317	3
325	317	2
318	337	3
318	358	1
318	389	1
318	351	3
351	319	1
375	320	2
323	398	2
323	344	3
342	324	2
334	324	2
326	348	3
332	327	3
375	327	3
342	328	3
329	345	1
384	329	1
391	331	1
332	351	1
334	337	3
336	344	1
390	336	3
338	381	1
338	369	2
339	345	2
353	339	3
350	340	1
340	394	2
341	356	2
353	342	1
350	344	1
395	344	3
397	345	3
346	372	3
347	356	1
352	349	2
374	351	2
375	354	3
354	399	2
391	358	3
386	359	2
362	388	1
381	363	3
368	389	2
368	382	3
388	369	1
384	370	3
383	373	1
396	375	3
378	375	1
382	392	2
383	399	3
396	392	1
