0	223	3
0	214	1
308	0	3
212	0	1
0	20	1
378	0	1
382	0	2
94	0	3
0	202	3
295	0	1
87	1	2
153	1	1
327	1	3
50	1	3
76	1	1
1	190	1
304	1	1
2	319	2
244	2	3
202	2	3
2	187	3
307	2	2
96	2	1
2	316	1
2	206	1
331	3	1
3	37	1
3	55	3
3	216	3
162	4	3
4	249	2
75	4	1
4	376	3
95	4	3
198	5	2
175	5	2
6	310	1
6	128	2
52	6	3
7	230	2
276	7	3
7	44	1
7	183	2
7	378	3
7	370	2
8	351	2
167	8	3
8	380	1
382	8	3
8	239	3
351	9	3
9	199	2
26	9	1
9	225	1
9	253	1
102	10	3
10	280	1
10	46	2
10	193	3
10	101	1
298	10	1
350	10	2
10	121	2
131	10	1
204	10	3
11	272	3
11	216	3
11	302	1
159	11	1
12	26	2
82	12	1
12	157	3
357	12	3
137	12	2
117	12	1
12	350	1
345	12	2
12	187	2
105	12	2
195	12	2
349	12	3
13	184	3
13	47	3
13	221	1
176	13	3
391	14	1
14	241	2
14	77	1
100	14	2
14	372	1
15	321	1
15	253	2
15	208	2
54	15	2
45	15	2
319	15	1
15	74	3
157	15	3
16	103	3
16	339	2
16	118	3
220	16	1
16	218	2
367	16	3
192	16	3
16	37	2
308	16	2
17	236	3
231	17	2
17	79	3
318	17	2
182	17	2
303	17	1
135	18	3
18	24	3
19	237	1
162	19	3
19	389	2
19	323	2
254	20	2
284	20	2
20	362	3
20	191	2
241	20	2
20	274	3
20	189	2
21	47	2
21	250	2
21	219	1
21	167	2
21	384	3
22	21	1
22	88	3
106	22	3
22	279	2
92	22	2
140	22	1
22	374	2
302	22	2
22	343	3
23	160	2
23	200	3
23	150	2
226	23	3
99	23	3
24	240	1
149	24	2
74	24	2
278	24	3
185	24	3
25	48	1
25	306	2
128	25	2
25	327	1
364	25	3
25	318	1
25	362	2
254	25	3
394	25	1
242	25	1
26	216	2
26	153	1
393	26	1
27	334	1
191	27	2
205	27	1
27	352	1
314	28	1
28	210	3
28	67	1
64	28	3
281	28	3
110	29	2
249	29	3
247	29	1
132	29	1
124	29	2
386	29	1
29	62	1
34	30	1
30	175	1
123	30	3
30	390	3
30	151	1
30	163	1
31	394	2
156	31	2
31	292	1
31	65	3
123	31	3
271	31	1
31	180	3
31	76	2
129	32	2
278	32	2
32	241	3
59	32	1
33	174	2
33	122	2
267	34	3
160	34	2
228	34	1
35	237	2
216	35	1
35	220	1
35	368	3
56	36	2
36	317	1
36	271	2
36	98	2
61	36	3
37	337	3
37	190	3
81	37	3
37	87	3
37	67	3
37	246	3
37	141	3
37	135	2
308	38	2
225	38	2
394	38	1
38	127	1
38	201	1
269	38	2
38	129	3
38	197	2
89	38	1
38	374	2
39	253	1
39	119	1
342	39	3
133	39	1
39	278	2
39	392	2
353	39	2
39	100	1
53	40	1
40	123	3
40	64	1
40	117	2
76	40	2
215	40	1
40	182	2
312	40	3
41	320	2
284	41	3
41	177	3
101	41	2
126	42	2
42	328	3
42	120	3
42	122	3
42	143	1
225	42	2
340	42	2
42	202	2
42	167	1
43	127	1
363	43	1
141	43	3
43	46	1
43	364	1
44	124	3
44	235	2
44	53	2
196	44	2
230	44	3
44	115	3
99	44	2
45	292	2
324	45	2
119	45	3
254	45	1
45	242	2
45	286	2
56	46	2
46	241	2
46	274	1
66	46	2
47	183	1
47	333	3
47	263	1
222	47	2
297	47	3
47	146	2
215	47	3
48	82	1
59	48	1
48	394	2
48	201	1
361	48	2
48	385	1
48	342	1
54	48	1
49	135	1
367	49	1
49	154	2
49	331	3
49	289	2
92	49	2
356	49	2
333	49	1
49	129	3
123	49	1
127	50	2
50	72	1
226	50	3
50	129	2
51	155	1
51	225	1
51	248	2
51	375	1
130	51	2
51	306	3
51	192	3
71	51	2
51	297	1
52	295	3
138	52	2
52	182	1
353	52	1
52	319	1
52	196	2
52	74	3
129	53	2
53	72	3
184	54	2
54	202	1
55	174	2
288	55	1
147	55	3
372	55	1
125	55	1
55	180	3
55	340	1
366	55	2
131	56	3
56	159	2
262	57	3
353	57	1
57	188	2
58	164	2
58	194	2
58	376	1
58	300	1
58	114	2
91	59	1
338	59	2
389	59	1
247	59	1
275	60	3
93	60	2
60	114	1
162	60	2
271	60	1
61	394	1
205	61	3
287	61	1
285	61	1
61	370	3
95	61	1
62	389	3
240	62	1
315	63	2
383	63	2
362	63	1
237	63	2
63	277	3
241	63	3
327	63	1
364	63	2
63	386	1
64	98	3
142	64	3
64	170	1
64	301	2
64	224	2
64	182	2
194	64	2
64	371	1
64	132	1
65	165	2
370	65	3
65	385	3
160	65	1
65	142	1
278	65	3
66	319	1
66	366	1
220	66	1
66	82	1
67	315	3
233	67	2
267	67	2
277	67	3
67	342	2
189	67	3
203	68	2
68	84	2
290	68	1
68	163	1
159	68	2
278	68	2
197	68	3
233	68	1
237	69	3
69	150	3
239	70	3
70	157	3
152	70	2
70	396	1
70	88	2
123	70	1
311	70	1
344	70	1
70	97	3
396	71	1
207	71	1
71	84	1
71	237	2
216	71	1
71	345	3
226	71	2
377	71	3
385	72	1
72	315	1
73	130	1
143	73	3
73	251	3
345	73	3
171	73	2
190	73	3
74	194	3
74	104	2
74	399	2
74	205	2
147	74	1
370	75	3
75	356	3
219	75	1
75	151	2
75	313	2
307	75	3
75	220	3
398	76	1
76	123	2
240	76	2
77	382	1
200	77	3
398	78	3
89	78	1
79	309	3
396	79	1
79	272	1
235	80	3
80	260	1
192	80	2
81	305	1
258	81	2
81	168	3
81	342	3
128	82	1
210	82	3
102	82	3
219	82	2
174	83	1
293	83	2
220	83	2
276	84	2
373	84	3
177	84	3
346	85	3
156	85	2
230	85	1
85	291	3
222	85	3
140	85	2
85	383	3
354	86	3
86	137	1
287	87	3
87	120	3
378	87	2
147	88	2
88	118	1
241	88	1
197	88	3
91	89	1
268	89	1
232	89	3
89	393	3
89	324	2
92	239	2
92	155	2
92	324	2
172	92	1
93	263	2
93	172	2
93	268	1
144	93	3
93	330	1
240	93	2
154	94	2
297	94	1
170	94	1
94	286	1
354	94	3
150	95	2
251	95	2
335	96	2
97	100	2
97	201	2
97	156	3
114	97	2
208	97	1
97	120	3
281	98	2
338	98	1
253	98	1
98	298	2
283	99	2
99	142	2
127	99	2
99	385	3
336	99	2
99	252	2
99	245	3
279	99	1
99	259	1
193	99	1
254	100	2
100	164	1
170	100	3
393	101	2
299	101	3
101	219	1
101	231	3
101	129	3
186	102	1
102	179	1
102	273	1
375	102	3
102	187	1
107	103	2
143	103	3
103	134	2
302	103	2
104	315	3
104	306	2
153	104	2
250	104	2
104	342	1
104	247	3
329	105	1
150	105	1
277	106	1
106	129	2
106	144	1
233	106	2
107	149	2
208	107	1
107	157	2
107	166	1
107	397	1
107	252	2
335	108	3
108	340	2
302	108	3
143	108	1
309	109	3
391	109	2
266	109	2
109	231	1
109	324	3
109	136	2
371	110	1
110	249	3
110	267	1
111	201	2
285	111	1
111	294	2
111	271	1
168	112	3
377	112	3
191	112	3
184	113	1
113	218	1
113	210	3
269	113	3
224	113	1
113	295	3
383	113	2
239	114	1
242	114	1
114	146	2
114	336	3
114	344	1
290	114	2
114	392	1
115	181	3
150	115	3
351	116	3
171	116	1
116	211	1
116	133	2
184	117	1
160	117	1
251	117	1
124	117	2
118	332	2
118	247	1
216	119	1
119	238	1
119	389	2
119	350	2
119	254	1
120	382	2
120	221	2
249	120	1
120	222	2
121	134	2
332	121	2
121	200	3
235	121	3
122	290	3
122	388	3
352	122	3
122	242	2
317	122	3
297	122	1
130	123	2
123	378	3
123	315	2
223	123	1
373	123	2
389	123	2
124	306	2
140	124	3
342	124	2
124	135	2
125	142	3
199	125	2
125	292	2
126	366	2
126	218	3
127	165	3
180	127	2
153	128	2
128	190	1
128	228	2
286	128	3
151	128	1
129	360	3
208	129	2
274	130	3
130	228	1
130	280	1
359	130	2
130	148	3
156	131	1
131	177	2
132	241	1
132	300	3
170	132	3
154	132	2
132	164	1
334	132	1
132	151	3
341	133	3
133	242	3
358	133	1
373	133	1
360	133	3
133	318	2
283	134	1
316	134	2
172	134	1
207	134	2
332	134	3
134	168	2
135	382	1
135	345	3
135	277	2
293	135	2
135	251	3
254	135	1
135	233	1
171	135	2
137	304	1
275	137	1
138	211	2
159	138	3
138	199	1
303	139	2
139	399	3
139	353	3
260	139	1
139	264	3
141	139	1
204	139	1
140	343	2
235	140	1
141	160	3
141	286	3
205	142	1
330	142	3
362	142	3
360	142	1
353	142	3
385	142	3
175	144	1
144	267	2
222	144	3
327	144	3
362	144	2
399	144	1
244	145	2
145	168	2
149	145	1
370	146	1
146	319	3
146	386	3
253	146	1
368	147	2
349	147	2
190	147	3
261	148	3
148	277	2
148	380	2
255	148	3
256	148	2
148	231	2
149	370	3
308	149	2
151	183	1
151	289	1
151	214	3
151	390	1
152	308	3
152	294	2
152	315	1
299	152	3
189	152	2
372	152	2
203	152	2
349	152	3
153	390	2
328	153	1
292	153	2
244	154	3
154	271	1
175	154	1
154	334	3
368	155	2
155	265	3
273	155	3
155	340	1
351	155	3
268	155	2
155	376	3
155	296	2
225	155	2
155	289	1
155	396	3
155	311	2
156	171	1
156	385	1
332	156	1
301	157	1
336	157	2
157	207	1
157	315	1
323	158	1
225	158	1
327	158	3
158	183	1
245	158	3
159	268	3
340	159	1
159	332	2
159	257	3
159	357	2
159	181	3
351	159	1
182	159	1
159	186	2
317	160	2
337	160	3
160	258	1
161	211	3
216	161	1
335	161	1
281	161	2
251	161	1
202	161	3
290	161	1
162	297	1
162	384	3
359	162	3
162	267	3
162	222	3
162	169	1
182	163	1
340	163	2
233	163	3
278	164	1
376	164	2
198	165	3
165	167	3
214	165	2
165	342	2
329	166	3
167	185	1
303	167	2
320	167	1
186	167	2
168	356	1
287	169	1
169	244	1
397	169	3
312	169	1
170	281	2
170	341	1
316	171	3
171	399	3
171	188	3
171	324	3
172	374	3
358	172	3
399	172	3
191	172	1
172	207	3
390	173	1
173	362	2
250	174	2
238	174	1
243	175	1
175	179	3
176	212	1
176	235	2
176	185	2
176	288	2
353	176	1
375	177	1
181	177	1
177	294	2
384	177	1
177	377	3
178	377	2
369	178	2
178	190	2
259	179	1
179	253	2
213	179	3
366	180	3
180	318	3
181	359	2
202	181	2
181	231	1
181	212	2
314	181	1
226	182	1
182	349	2
265	184	1
352	184	2
184	257	1
184	241	3
184	193	1
275	185	1
185	280	2
186	198	3
249	186	3
193	186	3
186	210	3
186	226	1
186	211	1
187	199	2
188	207	2
188	390	3
387	188	2
260	188	1
232	188	3
188	270	3
397	189	1
229	189	2
256	189	1
190	393	2
399	190	1
190	313	1
190	344	1
322	191	3
264	191	3
191	238	1
192	199	1
192	361	3
359	192	1
193	316	3
193	258	1
193	379	2
253	194	1
194	359	2
194	298	3
194	360	2
195	217	3
307	195	2
195	260	1
195	271	1
248	195	2
196	260	3
223	197	1
265	197	1
255	197	3
197	382	1
353	198	1
198	345	1
199	249	3
200	314	1
200	350	2
213	200	1
200	369	2
200	207	1
200	318	2
224	201	1
201	318	3
382	202	1
388	202	1
239	202	3
203	267	3
379	203	3
334	203	2
224	203	2
394	204	1
204	310	2
223	204	2
335	204	1
204	285	3
207	319	3
286	207	3
207	342	3
207	357	3
207	365	3
207	372	1
366	208	1
208	322	1
350	209	1
209	375	2
266	210	2
210	354	2
280	210	1
210	310	1
295	211	2
242	211	1
211	302	1
211	313	1
212	296	3
379	213	2
394	213	3
213	261	3
302	213	1
213	256	2
253	214	2
215	262	3
272	216	1
240	216	1
358	216	2
216	384	1
217	363	3
287	217	1
291	218	2
372	218	1
218	329	2
337	218	2
395	218	2
333	219	1
256	219	3
240	219	1
322	219	2
219	291	3
219	258	2
242	219	2
267	220	2
296	220	1
298	221	2
281	221	3
326	222	1
352	222	2
223	394	2
224	341	1
224	241	1
375	225	2
225	361	2
331	225	1
226	330	2
282	226	3
227	366	1
227	327	3
359	229	3
231	230	2
230	381	1
368	231	1
334	231	2
232	235	3
232	277	1
233	350	3
233	345	3
233	302	2
234	295	3
234	343	2
235	283	2
331	235	2
279	236	1
238	306	1
248	238	3
360	239	3
245	239	1
259	240	3
240	315	1
295	241	2
358	241	1
359	241	3
329	242	1
363	242	1
243	347	1
276	243	1
322	243	2
244	327	2
246	278	1
350	246	3
247	312	2
247	310	3
247	389	3
249	247	1
248	256	2
249	349	2
249	301	3
309	249	2
268	249	2
359	251	1
264	251	3
251	348	2
332	252	2
252	382	1
252	325	3
253	317	2
369	253	3
307	253	1
253	264	3
254	372	2
254	275	3
255	393	1
263	255	3
255	378	2
370	255	2
256	357	1
257	315	2
257	265	3
293	257	2
259	368	2
316	259	3
399	259	3
259	385	3
355	260	1
260	322	1
260	285	3
327	260	1
336	261	3
302	261	1
306	262	3
262	267	2
394	262	1
262	273	1
312	263	1
264	263	2
270	264	1
264	319	3
265	323	2
267	376	1
268	346	2
348	268	1
338	269	1
363	269	1
351	270	2
301	270	3
271	303	3
334	271	3
321	273	3
274	318	3
275	279	1
275	299	2
374	275	3
361	276	3
370	276	3
276	366	3
337	276	2
277	367	2
277	346	3
278	320	3
328	279	2
279	306	2
322	279	1
352	280	3
286	280	2
281	325	1
281	300	2
282	304	2
352	282	1
283	334	3
386	283	1
354	284	2
346	284	2
284	382	3
313	285	1
286	347	3
358	286	2
287	289	1
335	287	1
287	296	3
288	353	3
342	288	1
330	289	1
305	289	3
396	290	2
291	377	2
339	293	1
345	293	2
293	398	2
294	328	2
294	399	1
294	341	3
295	386	1
308	295	3
321	296	1
359	296	1
303	394	2
323	304	2
305	380	1
305	395	1
359	305	2
306	359	2
337	306	3
331	307	3
307	354	2
324	308	1
309	385	2
309	326	1
310	383	2
311	382	1
312	311	3
312	390	2
313	366	3
313	392	3
389	313	3
314	324	1
314	399	2
356	315	1
317	379	3
374	317	2
340	317	3
356	317	3
325	318	2
320	399	3
327	321	3
321	368	2
321	371	1
344	322	3
376	323	3
324	343	3
327	346	1
362	329	3
330	391	1
378	330	1
331	332	2
335	351	2
340	363	3
342	372	1
349	343	3
372	343	3
344	353	2
347	393	2
379	347	3
363	348	2
376	349	3
353	368	3
355	385	1
357	373	2
360	388	2
361	388	3
362	379	2
376	365	2
374	366	1
367	387	2
367	396	2
368	371	2
370	390	3
373	388	1
377	376	3
399	382	1
390	388	2
396	391	2
