0	351	1
307	0	3
0	148	1
1	39	2
34	1	2
1	133	2
1	390	1
318	1	1
130	1	3
160	1	2
1	372	3
1	338	1
2	389	2
2	157	1
2	221	2
2	82	3
2	15	2
3	356	1
3	178	3
3	387	1
322	3	2
214	3	2
29	3	3
3	277	2
236	3	3
361	3	3
152	3	3
3	326	3
3	164	3
4	183	1
103	4	2
4	277	3
175	4	1
4	300	2
4	67	2
4	381	2
45	4	2
307	4	2
4	145	2
334	5	1
103	5	3
269	5	3
227	5	1
16	5	1
5	145	3
5	339	2
6	27	2
353	6	3
319	6	3
6	148	2
199	6	1
6	168	1
7	355	1
75	7	1
99	7	2
7	96	2
7	337	3
206	7	2
7	47	1
7	265	1
7	375	3
8	205	3
8	150	2
8	229	2
106	8	3
345	9	3
9	279	2
208	9	1
314	9	1
23	9	3
9	249	3
182	9	2
10	301	2
267	10	1
11	143	1
11	226	1
147	12	2
12	182	2
95	12	3
99	12	3
183	13	2
254	13	2
13	368	3
13	51	2
14	150	3
26	14	1
372	14	3
14	394	2
14	320	1
14	362	1
15	205	2
363	15	2
355	15	1
15	191	1
15	328	1
15	286	3
16	175	1
55	16	2
53	16	1
16	308	2
16	358	2
287	16	3
110	17	1
92	17	2
148	17	1
297	17	3
17	111	2
213	18	1
18	182	3
18	191	2
18	111	1
18	307	2
178	18	3
337	19	3
19	248	1
19	245	2
19	178	1
19	155	2
19	278	2
20	342	1
20	330	2
374	20	3
209	20	1
20	280	2
20	329	1
386	21	3
21	78	1
320	21	1
21	324	2
137	21	1
318	21	1
91	21	2
240	21	2
22	322	3
398	22	2
22	192	2
22	227	3
22	202	1
23	251	1
385	23	1
379	23	3
23	220	3
24	270	3
24	124	2
150	24	2
333	24	3
25	24	1
24	159	2
186	24	1
68	25	3
25	396	2
392	25	1
25	399	2
25	112	1
26	344	3
26	292	2
26	314	3
26	170	3
357	26	2
203	26	3
119	26	2
298	26	1
26	333	2
26	62	2
358	27	2
27	78	1
216	27	2
62	27	2
107	27	1
64	28	2
28	43	3
28	323	1
193	28	2
129	28	2
28	349	3
128	29	3
81	29	3
29	380	3
29	148	2
198	29	3
29	146	1
279	29	3
123	29	3
30	140	2
30	35	1
61	30	1
30	263	3
30	280	3
217	31	1
83	31	2
177	31	3
236	31	3
31	345	2
74	31	2
128	32	1
138	32	1
36	32	3
33	204	3
33	257	2
33	213	1
360	33	3
267	33	3
47	33	2
220	33	1
33	218	2
33	303	3
151	34	1
34	355	3
34	227	1
35	114	3
341	35	1
35	306	2
36	289	3
36	288	3
381	36	3
36	236	1
62	37	3
366	37	2
201	37	2
37	71	1
37	146	1
45	38	3
38	205	1
274	38	2
38	55	3
38	360	2
38	210	2
38	386	2
38	303	3
38	232	1
39	205	2
39	312	1
39	257	1
89	39	2
39	326	3
133	40	2
40	127	1
40	258	1
363	40	2
41	220	2
352	41	3
399	41	1
41	250	3
137	41	3
114	41	1
334	41	3
42	214	3
42	360	3
42	321	2
42	159	3
42	363	3
274	42	3
240	42	2
43	284	1
43	378	2
145	43	2
43	336	3
43	347	1
44	305	3
357	44	1
44	274	2
275	45	3
45	119	1
146	45	3
187	46	1
46	73	1
46	238	2
163	46	1
142	46	2
364	46	1
46	342	3
47	103	1
47	318	2
47	77	2
308	47	3
71	47	2
47	170	1
279	47	1
275	47	2
233	48	3
74	48	2
48	95	3
278	48	2
48	55	3
115	48	2
372	48	2
285	49	3
49	304	2
50	148	1
50	104	2
50	144	1
219	50	2
67	50	3
50	314	2
51	103	3
327	51	2
153	52	3
314	52	2
325	52	3
52	118	2
52	331	1
52	347	2
53	213	2
53	384	2
53	176	3
53	239	3
270	53	3
53	351	2
54	360	3
277	54	2
54	67	2
54	290	3
54	157	2
55	176	2
360	55	1
55	368	1
383	55	3
55	330	2
142	55	2
55	221	2
57	341	2
183	57	3
57	367	1
57	271	1
86	57	3
57	105	3
58	114	1
110	58	3
73	58	1
58	294	3
58	161	2
59	339	2
59	260	1
59	314	1
89	59	2
59	368	1
59	318	1
60	77	2
60	201	2
74	60	2
60	194	2
253	61	1
61	356	1
61	339	1
61	128	3
62	330	1
125	62	2
62	144	3
214	63	2
324	63	1
337	63	2
63	277	2
155	63	2
63	339	3
296	64	3
277	64	3
64	181	1
65	217	2
65	167	1
65	275	1
65	265	2
65	334	2
131	65	1
66	257	2
248	66	3
66	210	1
281	66	3
237	66	2
105	66	3
66	179	2
67	202	3
67	213	1
191	67	2
67	357	3
67	244	3
390	67	1
68	369	2
83	68	2
68	317	3
68	393	3
295	68	3
330	69	3
69	323	2
196	69	3
69	380	1
229	70	3
70	238	3
70	233	3
70	253	1
71	393	1
155	71	3
266	71	1
71	270	3
71	228	1
308	72	2
278	72	3
72	232	3
72	85	1
232	73	3
147	73	2
188	74	1
74	323	3
170	74	3
74	305	1
169	74	3
146	75	3
75	140	1
75	287	1
75	272	3
96	76	3
290	76	1
119	76	1
99	76	2
266	77	1
81	77	2
364	77	1
77	166	2
77	338	1
77	295	2
199	77	1
288	77	1
78	389	1
78	261	3
78	325	1
356	78	1
329	78	3
350	78	1
78	290	2
78	273	2
322	78	3
177	79	1
79	94	3
247	79	3
79	254	1
222	79	3
79	93	3
331	80	1
216	80	3
80	188	2
296	80	2
81	393	1
81	384	2
259	81	2
155	81	3
81	186	1
82	130	1
83	371	2
84	240	1
84	93	3
84	318	3
374	84	3
84	388	2
156	85	2
268	85	1
175	85	3
86	166	1
86	299	2
321	86	3
86	272	2
285	86	1
86	232	3
86	290	3
222	87	2
189	87	1
304	87	3
88	305	1
283	88	3
327	88	1
88	394	1
163	89	2
89	118	3
89	205	3
89	109	1
89	357	3
89	133	3
327	90	1
210	90	1
143	90	3
139	90	2
156	90	2
90	206	3
212	90	1
201	90	3
352	90	3
91	333	3
91	355	3
303	91	2
91	243	3
91	338	3
226	91	3
224	91	1
91	102	3
154	92	1
241	92	3
92	238	2
214	92	2
92	323	1
265	92	1
114	92	2
399	93	1
93	165	2
261	93	2
93	358	2
94	180	1
94	158	2
95	349	2
95	284	3
376	95	3
310	95	1
95	327	1
95	348	1
96	223	2
96	162	2
290	97	2
207	97	3
158	98	1
98	125	2
98	177	3
98	372	2
186	98	2
106	100	3
186	100	1
100	399	2
154	101	2
319	101	2
101	102	1
396	102	1
144	102	1
122	102	1
102	241	3
144	103	1
103	139	1
103	154	2
103	245	3
103	145	1
158	103	1
103	224	3
262	104	3
104	349	1
384	104	1
234	104	1
226	104	2
395	104	2
104	339	1
378	104	2
104	233	1
105	356	1
105	381	2
105	218	3
105	265	2
105	383	3
158	105	2
385	105	3
105	161	1
106	388	3
124	106	3
106	264	2
106	141	1
107	328	2
107	361	2
107	243	2
215	108	1
108	213	3
298	108	3
108	398	1
108	374	2
257	108	2
109	207	2
109	243	1
109	377	3
330	109	1
399	110	3
110	202	2
179	110	2
389	111	1
287	111	2
111	283	1
112	345	2
241	113	1
113	143	3
157	113	3
113	116	1
240	114	3
343	114	2
298	115	1
344	115	2
115	188	2
214	115	2
324	115	2
189	115	2
116	177	2
116	197	1
116	304	3
116	341	1
116	298	1
117	221	3
118	270	2
223	118	1
118	294	2
119	357	3
264	119	2
119	301	3
119	169	2
213	120	3
327	120	2
120	122	3
367	120	1
120	316	3
120	157	2
121	133	3
384	121	1
121	248	1
121	229	3
141	122	2
122	363	1
123	242	2
123	169	1
295	123	1
333	123	1
337	123	1
124	162	1
124	326	3
355	124	2
377	125	2
205	125	2
125	316	2
186	125	1
228	126	1
126	131	1
126	395	2
126	227	3
126	168	2
127	191	2
127	338	3
257	127	3
127	360	1
331	127	1
127	393	1
128	165	2
305	128	1
145	128	1
129	341	2
129	150	1
177	129	3
129	225	1
129	146	2
129	311	1
393	130	1
185	130	1
130	146	2
264	130	1
131	311	1
330	131	2
336	131	3
131	378	1
132	320	1
132	377	2
391	132	2
133	277	1
329	133	3
394	133	2
318	133	3
275	133	2
133	328	3
134	203	2
134	238	3
261	134	1
134	353	3
314	135	2
135	248	1
136	358	2
167	136	3
344	136	2
223	136	3
137	208	1
137	315	2
235	137	1
137	296	3
372	137	3
137	191	1
175	138	2
267	138	2
371	138	1
146	139	2
165	139	1
215	139	2
140	370	3
140	147	2
224	140	2
316	140	2
146	141	2
141	271	3
141	223	2
141	265	3
142	355	1
142	367	2
197	142	2
242	142	1
185	142	1
143	225	1
177	144	2
211	144	3
144	224	3
146	274	3
146	347	3
146	313	3
399	146	3
146	323	3
328	146	3
147	160	3
147	296	3
147	238	2
147	339	3
347	147	3
207	148	3
384	148	1
202	148	3
149	166	3
149	248	1
175	150	3
359	150	1
396	150	2
259	151	2
294	151	2
151	189	2
333	152	2
357	152	3
175	153	1
180	153	1
281	153	3
153	221	1
348	153	3
153	186	3
233	153	3
287	154	2
156	154	1
154	191	2
154	393	3
216	154	1
154	184	2
154	364	1
332	154	3
188	155	2
194	155	2
315	155	2
261	156	3
229	156	2
223	156	1
156	305	3
173	156	3
157	342	1
157	343	3
157	160	1
203	158	1
158	256	2
235	158	2
324	158	1
329	159	2
159	266	1
159	182	1
396	159	3
161	245	1
367	161	3
161	255	3
274	162	2
372	162	1
242	162	3
203	162	2
329	162	2
393	163	1
287	163	2
199	163	2
163	331	1
164	376	2
342	164	1
215	164	2
282	165	3
165	306	3
165	265	3
354	165	1
165	361	3
165	318	3
165	332	1
304	165	3
360	165	1
166	316	3
256	166	2
166	226	2
242	166	3
278	166	1
166	372	2
166	323	1
332	167	3
338	167	1
168	177	3
347	168	2
257	168	2
169	168	3
169	295	2
262	169	1
169	202	3
235	169	2
170	256	1
221	170	2
171	374	1
357	171	1
293	172	2
242	173	2
229	173	2
173	362	3
174	376	2
190	174	2
302	174	1
174	198	3
174	395	1
175	246	3
175	348	3
175	204	2
176	368	2
176	294	1
176	290	3
254	176	1
176	210	2
282	176	1
392	177	1
346	177	3
177	200	1
177	386	3
248	178	3
179	303	3
215	179	1
344	179	3
179	328	2
354	179	3
362	179	1
316	179	2
356	180	3
361	180	1
181	373	2
242	181	3
181	203	1
340	181	3
233	181	2
243	182	1
183	189	1
183	386	1
183	370	1
221	183	1
183	379	3
240	184	3
271	184	3
185	306	3
384	185	1
186	391	3
186	389	2
387	186	2
316	186	3
186	250	1
351	187	1
188	197	2
322	188	1
188	372	1
399	189	3
277	190	3
382	190	3
215	191	3
191	318	3
191	299	2
191	249	3
380	191	1
193	232	2
290	193	1
282	193	2
385	193	3
294	193	3
194	278	2
253	194	1
195	354	3
317	195	2
303	195	3
196	229	2
219	196	1
357	196	2
196	287	3
196	298	1
217	197	1
299	197	2
371	197	3
197	342	2
214	197	1
198	283	2
397	198	2
199	257	3
288	199	2
199	230	2
306	200	2
263	201	3
201	378	1
205	201	2
264	202	1
202	310	3
317	202	2
381	203	3
373	203	2
203	204	2
308	204	2
204	354	3
236	205	3
358	205	1
205	377	3
398	207	2
207	326	3
266	208	1
383	208	1
208	356	3
208	280	3
210	360	2
276	210	3
352	210	2
357	210	1
211	341	1
330	212	3
213	259	2
213	330	1
345	213	1
214	251	3
214	333	3
261	214	3
215	376	2
230	215	3
216	220	1
296	216	1
226	216	3
216	353	3
372	217	2
217	396	2
304	217	3
369	217	2
399	218	2
275	218	3
218	223	1
298	219	2
219	323	3
219	251	2
385	219	3
219	302	1
220	269	2
266	220	1
263	220	1
220	251	3
220	378	2
310	220	2
221	324	3
221	293	2
221	333	2
314	221	3
222	318	3
356	222	3
222	372	3
322	223	1
298	223	3
224	383	2
224	276	1
373	224	2
224	290	2
224	278	1
340	225	3
225	258	3
322	225	2
350	225	1
357	226	2
257	226	3
247	228	1
343	228	1
229	377	1
277	230	3
230	282	2
230	362	2
230	293	1
231	297	2
306	231	3
234	231	2
232	297	3
232	250	2
232	321	2
232	346	2
233	356	3
339	234	3
237	234	2
234	276	2
234	375	3
358	234	2
316	234	1
357	234	1
291	235	1
258	235	3
236	396	1
236	262	3
293	237	2
241	237	1
329	237	1
237	374	3
338	237	1
238	319	2
292	239	3
272	239	2
269	239	2
272	240	3
241	366	3
241	341	3
241	269	2
294	241	1
242	394	1
386	242	2
397	244	1
244	347	2
285	244	2
244	252	3
245	370	1
245	382	1
369	245	3
343	246	1
250	246	2
247	262	1
384	248	3
248	266	2
338	249	1
286	250	2
250	399	1
251	278	1
251	322	3
251	386	2
252	336	1
252	382	3
252	328	3
252	261	1
253	284	3
253	323	1
397	254	2
255	334	2
255	394	3
382	256	3
326	256	2
256	328	1
256	282	2
256	353	1
258	359	3
259	381	2
277	259	2
368	259	2
261	259	3
356	260	3
318	260	3
260	265	3
286	261	2
398	262	2
266	262	3
262	395	2
305	263	3
265	306	3
266	396	1
266	305	3
372	268	1
361	269	2
360	270	1
285	270	2
303	271	2
322	271	2
309	271	3
272	377	2
272	349	3
272	324	3
317	272	1
285	272	3
340	272	1
273	343	1
273	370	1
274	283	1
341	275	2
275	287	2
275	340	3
281	276	3
276	278	3
279	276	1
277	394	3
277	280	1
304	277	1
278	322	2
278	353	1
278	361	3
354	278	3
279	331	3
279	300	2
280	305	2
280	309	3
280	281	2
356	281	1
281	349	1
283	392	3
283	301	1
331	283	1
382	283	3
284	397	2
284	308	3
285	339	3
286	397	1
286	381	1
286	360	2
288	310	1
303	288	3
288	368	3
290	366	2
385	290	2
321	291	3
291	312	1
292	321	3
343	292	2
295	356	3
295	336	1
372	295	1
344	297	3
297	365	2
314	298	3
299	363	2
331	300	3
300	330	3
301	309	3
302	347	1
320	303	3
303	341	1
304	338	3
304	329	3
306	345	3
308	321	1
309	382	1
310	327	1
390	311	1
312	388	2
386	312	2
312	336	2
332	312	1
334	312	3
313	332	1
375	313	3
397	314	2
376	314	3
315	334	3
316	315	1
343	315	3
315	346	2
316	368	3
365	316	2
320	371	2
326	321	2
322	331	2
342	323	1
324	386	2
324	333	2
359	325	1
357	325	1
353	329	1
330	366	3
395	331	3
339	332	3
332	360	3
333	375	3
334	377	2
375	334	3
334	353	3
335	355	1
336	382	1
336	377	2
337	375	2
368	337	2
338	388	3
366	339	3
370	339	1
381	341	2
365	342	3
362	342	3
343	394	2
345	343	1
393	346	2
348	361	3
350	378	3
353	389	3
354	369	2
371	356	2
388	357	3
358	391	3
361	396	2
362	390	2
363	381	1
369	366	3
370	382	2
398	371	2
372	397	1
390	375	3
383	382	3
394	393	1
