223	0	2
0	12	1
77	0	2
0	360	2
0	326	1
248	1	1
128	1	3
364	1	2
1	233	1
214	1	3
1	49	1
2	241	1
2	109	3
222	2	3
176	2	3
40	2	1
204	2	1
353	3	1
70	3	1
35	3	2
3	370	2
3	202	2
3	39	3
314	3	1
32	4	2
218	4	3
336	4	1
325	4	3
4	224	3
205	4	2
5	89	2
391	5	3
269	5	2
77	5	3
352	6	2
6	389	1
35	6	3
99	6	2
91	6	3
6	27	1
306	6	2
109	6	2
7	283	3
249	8	2
8	152	1
8	333	3
185	8	3
8	225	3
266	8	1
184	9	2
9	149	2
9	328	2
9	199	3
33	9	1
124	10	3
10	260	3
10	41	2
10	239	2
76	10	3
96	10	1
10	132	2
10	227	3
241	11	2
154	11	2
11	331	3
11	178	3
23	11	2
12	305	1
12	158	2
17	12	3
12	78	2
12	19	3
12	322	2
13	239	2
389	13	1
129	13	1
13	81	1
14	153	2
354	14	2
312	14	1
193	14	1
15	303	1
195	15	3
154	16	1
317	16	2
101	16	2
355	16	2
16	308	1
319	17	1
176	17	2
17	53	2
17	153	1
74	17	2
17	54	2
234	17	2
17	115	3
41	17	3
17	399	1
373	18	2
295	18	3
129	18	3
19	314	1
19	55	2
19	367	3
19	351	1
19	127	3
227	19	3
20	260	3
20	318	2
121	20	2
20	65	1
20	134	1
21	249	2
21	292	1
119	21	2
115	21	2
291	21	1
90	21	1
35	21	1
156	21	1
21	165	2
21	91	2
316	22	3
22	324	1
22	46	1
307	22	1
22	365	2
265	22	2
167	22	1
23	323	1
92	23	2
24	116	2
155	24	2
24	26	1
305	24	3
320	24	2
147	24	3
24	386	3
156	25	1
171	25	1
25	81	2
25	161	1
25	299	2
136	25	3
367	25	3
103	25	3
339	26	1
26	122	3
374	26	2
26	80	1
96	26	3
27	76	1
27	134	2
257	27	1
27	102	1
240	27	2
46	27	2
28	78	1
379	28	1
332	29	1
388	29	3
29	298	3
30	175	1
201	30	3
192	30	1
245	30	1
276	30	1
167	30	3
30	283	2
31	80	2
286	31	2
31	114	1
31	377	3
31	221	3
31	336	1
362	32	2
32	221	1
291	32	1
166	33	1
142	33	1
232	33	2
33	157	2
33	381	3
33	320	3
33	169	3
393	33	3
260	34	2
34	207	1
316	34	2
71	34	1
172	34	1
34	236	2
113	34	2
35	253	1
35	298	2
35	76	2
331	35	2
35	286	3
35	352	2
45	35	1
287	35	1
35	173	3
35	370	3
35	325	3
35	256	3
378	35	3
313	36	2
36	375	1
36	380	2
355	36	1
36	75	3
116	37	2
37	164	3
37	387	2
41	38	3
258	38	2
291	38	1
344	38	2
39	291	1
39	347	3
39	52	2
39	360	1
40	279	3
390	41	3
41	97	1
303	41	1
42	215	3
42	384	2
385	42	3
364	42	3
291	42	3
366	42	1
42	383	1
279	42	1
42	209	1
254	42	2
84	42	3
43	112	1
43	156	1
43	239	3
196	43	3
43	180	2
43	289	3
43	91	3
312	44	1
44	333	2
44	294	2
381	44	1
87	44	1
250	45	2
163	45	3
45	332	1
45	95	1
132	46	2
163	46	3
396	46	1
225	46	1
378	47	1
314	47	2
47	339	2
349	47	1
47	78	1
114	48	3
134	48	2
48	67	2
266	48	2
48	228	1
377	48	1
235	48	2
48	376	2
393	48	3
336	49	3
348	49	3
49	236	1
143	49	3
49	60	3
49	356	2
335	49	1
49	249	1
67	49	1
49	227	2
50	375	3
50	106	1
50	225	1
370	50	1
338	50	1
50	88	3
50	220	3
55	51	2
51	262	2
51	189	2
355	51	1
58	51	1
51	345	2
362	52	2
127	52	1
52	398	3
148	52	1
71	52	3
140	52	1
285	52	3
53	389	2
54	257	3
54	326	3
131	54	3
55	86	3
55	187	3
234	55	1
55	284	1
352	56	3
56	60	3
211	56	2
56	373	3
56	231	1
289	56	3
384	56	2
56	159	1
295	56	2
211	57	1
180	57	2
57	83	3
136	57	2
388	58	2
247	58	1
234	58	3
164	58	2
59	184	1
340	59	2
59	151	1
59	110	2
60	85	1
193	60	2
60	304	1
60	307	3
183	60	2
60	155	3
294	60	2
61	315	2
326	61	1
61	251	2
291	61	3
62	282	1
380	62	1
99	62	2
62	196	3
62	367	1
96	63	2
63	124	2
63	156	2
63	353	2
72	63	3
101	63	1
64	321	3
66	64	3
64	88	2
65	73	1
191	65	3
187	65	3
65	315	2
65	189	3
65	232	1
117	66	2
130	66	1
394	66	3
196	66	2
66	297	3
214	67	1
67	365	2
106	67	1
398	67	1
67	213	3
261	68	2
351	68	1
274	69	1
69	321	2
386	70	2
360	70	3
70	316	1
178	70	2
70	269	3
259	70	2
283	71	1
71	224	2
386	71	3
71	76	3
71	81	1
71	181	3
397	71	1
326	72	3
201	73	2
353	73	3
73	137	3
73	298	1
224	73	2
73	236	1
215	73	3
73	136	3
73	383	3
74	226	3
202	74	3
74	154	3
74	80	3
146	74	2
390	74	3
125	74	2
74	291	3
263	75	3
75	143	3
75	347	1
322	75	1
75	372	2
94	75	2
75	202	3
326	76	2
325	76	1
76	195	2
76	285	1
359	77	2
88	77	3
77	241	3
78	83	1
328	78	1
78	209	1
78	343	2
79	259	2
79	149	2
200	79	2
79	299	3
248	79	3
178	80	2
80	114	3
80	311	3
80	263	1
80	377	3
262	80	3
81	258	2
112	81	2
131	81	1
324	81	3
81	217	1
206	82	3
125	82	3
259	83	2
327	83	1
301	83	1
83	177	2
83	324	1
83	205	3
392	83	1
318	83	2
83	387	3
315	84	3
84	206	3
247	84	1
84	186	1
84	261	3
84	262	2
84	223	3
159	84	2
84	213	2
84	271	3
85	208	3
332	85	3
85	277	2
86	152	3
86	282	1
86	353	1
246	86	1
86	350	3
329	87	2
92	87	2
87	211	2
87	357	2
87	380	1
390	87	3
87	263	2
87	351	3
87	290	3
88	353	2
153	88	1
307	88	1
88	299	1
132	88	1
300	88	2
306	88	1
164	88	3
89	90	3
89	239	2
89	325	1
89	321	2
89	178	1
171	90	3
90	283	2
391	90	1
90	189	2
173	90	3
240	90	1
90	214	2
90	143	1
90	222	1
90	204	2
91	198	3
91	314	2
269	92	1
136	92	3
92	341	1
92	207	1
243	92	3
347	92	1
92	381	3
92	244	1
373	93	2
93	157	2
94	136	1
94	363	1
361	94	3
94	116	1
94	124	1
94	326	1
95	328	1
95	339	3
140	95	2
96	240	3
96	119	3
96	259	3
97	385	2
140	97	2
254	97	2
258	98	2
129	99	1
338	99	3
213	99	1
125	99	3
110	99	3
100	210	3
100	196	2
365	100	1
101	246	2
101	257	3
101	126	1
162	101	1
392	102	1
175	102	1
210	102	1
337	102	3
102	165	2
103	302	3
103	218	3
103	113	3
103	239	1
103	222	1
103	278	1
104	116	2
104	175	2
271	104	1
104	260	3
105	258	3
105	305	3
105	274	1
105	365	2
377	105	1
105	203	3
144	106	1
269	107	1
296	107	1
228	107	1
169	107	3
107	208	3
249	107	3
107	376	3
204	107	2
318	108	1
109	128	1
264	109	3
229	109	2
109	115	3
227	109	3
187	109	1
388	109	1
271	110	3
132	110	1
224	110	2
218	110	1
110	114	3
110	180	1
110	246	1
275	110	2
111	234	3
267	111	3
111	138	1
111	182	2
315	112	1
112	156	2
112	293	1
393	112	3
112	319	2
112	385	1
171	112	1
142	113	3
113	377	1
342	113	2
113	130	3
113	297	1
366	113	3
113	367	3
113	245	1
378	113	2
114	338	1
256	114	3
114	124	2
114	133	3
114	247	1
114	375	2
132	115	3
115	272	3
153	115	2
115	376	2
340	116	1
299	116	3
116	379	1
117	224	3
117	391	3
117	126	3
118	263	2
131	118	2
331	118	1
341	118	1
119	392	1
119	134	1
119	233	2
324	120	2
273	120	2
389	120	1
257	121	1
326	121	3
121	191	3
317	121	1
266	122	1
122	151	2
122	173	3
123	356	3
123	196	1
391	123	2
176	123	3
124	179	1
227	124	1
124	341	2
264	124	1
299	125	1
268	125	1
249	125	2
128	125	2
350	126	1
331	126	1
316	127	1
287	127	2
127	193	1
138	127	1
281	127	2
328	128	1
194	128	3
129	235	1
398	130	3
247	130	3
203	130	3
253	130	3
199	130	3
373	130	3
241	131	2
131	289	2
135	131	2
131	291	1
131	280	3
131	153	1
132	385	3
132	326	1
132	221	1
133	205	2
133	288	2
146	133	1
317	134	2
222	135	1
244	135	3
390	135	3
175	135	2
173	136	3
136	357	3
259	136	1
353	136	2
137	290	2
264	137	2
206	137	3
138	283	2
138	338	1
139	160	1
140	309	1
140	225	2
304	140	1
254	141	1
141	256	2
141	347	2
142	365	1
180	142	1
323	142	2
143	338	3
143	171	1
181	143	3
215	143	2
143	167	2
370	145	1
145	194	3
234	145	1
201	145	3
371	145	1
145	195	2
145	268	1
184	146	2
394	147	2
267	147	1
166	147	3
387	147	3
231	147	1
183	148	1
215	148	1
148	367	2
171	148	1
332	148	1
334	148	1
148	379	3
148	344	3
340	149	1
149	352	2
200	149	2
149	184	3
334	150	3
276	150	2
324	150	2
150	189	3
354	151	1
226	151	2
151	376	3
169	151	1
244	152	2
367	152	1
152	187	1
300	153	3
264	153	1
153	172	2
304	153	1
154	214	3
391	154	1
346	154	1
318	154	1
307	154	2
201	155	2
245	155	1
155	290	3
365	155	3
155	379	2
301	156	3
182	156	2
211	156	1
330	156	3
162	157	1
310	157	3
279	157	3
259	157	1
335	158	2
294	158	3
362	158	3
158	329	3
158	291	1
374	158	2
300	158	3
158	188	3
158	179	2
279	159	1
277	159	2
159	384	3
159	275	2
159	246	1
160	161	2
295	160	2
160	198	3
282	160	2
160	224	2
379	161	1
252	161	3
241	161	1
270	161	1
199	161	3
162	396	3
162	367	1
172	162	3
293	162	1
163	254	1
163	239	3
372	163	2
195	164	1
364	164	3
388	164	3
164	183	2
165	332	2
216	165	3
392	165	3
165	212	3
222	165	3
238	165	2
166	232	3
370	166	2
166	349	2
176	166	1
166	322	3
166	373	2
166	340	1
167	314	1
167	350	3
167	279	2
211	167	2
169	343	1
169	182	1
169	191	1
170	208	3
251	170	3
170	197	2
289	170	1
176	170	1
372	170	3
260	171	1
216	171	3
171	312	2
171	391	1
349	172	2
298	172	3
172	173	1
173	292	1
173	195	3
262	173	3
311	175	2
205	175	2
175	335	1
175	213	2
318	176	3
176	337	1
308	177	2
383	177	2
273	178	3
356	178	1
178	224	3
321	179	3
179	280	1
179	347	1
179	323	3
349	179	3
180	257	1
180	360	3
380	180	2
181	359	2
342	181	2
181	383	3
323	181	3
181	264	2
181	258	2
182	324	3
182	380	2
183	315	3
265	183	1
231	183	3
184	316	1
184	309	2
185	254	1
215	186	1
186	366	2
348	186	1
186	355	1
343	186	3
187	306	2
187	228	1
295	188	1
299	188	3
188	201	1
189	202	3
279	189	1
328	189	1
358	190	3
190	359	2
278	190	3
224	190	1
206	190	3
302	191	1
258	191	1
267	192	2
192	271	2
283	193	1
325	194	1
388	194	1
194	270	3
194	265	2
206	195	2
244	195	2
195	273	2
196	290	1
196	249	1
196	271	1
236	196	3
197	339	2
197	252	1
204	197	1
343	198	2
361	198	2
323	199	2
199	237	1
343	199	1
273	200	1
284	200	1
241	201	3
201	230	2
202	271	1
383	202	1
202	338	1
296	202	3
215	202	2
202	347	1
374	203	1
203	309	2
204	347	3
288	205	1
205	216	1
386	206	3
207	337	2
243	207	3
208	366	3
358	208	3
321	209	1
209	344	2
209	373	3
210	318	1
210	327	2
225	210	3
341	211	2
217	211	1
370	211	2
270	211	1
212	370	1
212	245	2
229	212	1
212	321	1
213	352	3
331	213	2
263	213	3
305	214	1
367	214	1
314	215	1
215	246	1
216	299	2
256	217	1
218	309	2
218	365	2
307	218	1
328	218	3
219	325	2
219	268	3
219	371	3
220	362	3
221	385	2
221	256	3
221	349	1
339	223	2
223	341	3
223	380	3
225	364	3
225	366	1
370	225	3
346	225	2
274	226	2
226	330	2
227	263	2
304	228	3
229	300	1
234	230	1
230	392	2
231	352	1
231	371	3
231	307	3
317	232	1
290	232	3
364	232	1
233	315	2
233	267	3
301	233	3
234	397	1
234	378	3
235	305	2
235	279	2
235	322	3
236	267	3
236	348	2
237	236	2
236	357	3
237	246	3
237	306	1
334	237	3
238	315	2
238	383	2
239	339	2
349	239	1
239	369	1
240	323	2
240	324	3
287	240	1
350	242	1
242	284	1
380	242	1
259	242	2
242	329	3
271	242	2
280	243	3
243	261	1
374	243	3
243	266	1
243	361	3
244	252	1
384	244	3
244	351	3
245	337	1
325	245	1
245	252	1
324	246	3
246	261	3
246	309	1
373	246	2
322	247	1
247	363	2
248	326	3
248	265	2
248	344	1
248	335	2
282	249	1
359	249	3
251	305	1
309	252	1
375	252	3
319	253	2
313	254	1
385	255	3
326	255	3
255	256	2
256	315	2
257	389	2
380	257	1
372	257	1
308	258	3
310	258	2
258	277	1
333	259	1
390	259	1
297	259	2
260	397	2
290	260	2
387	260	2
323	260	3
260	307	1
321	261	2
261	370	1
388	261	3
311	261	2
262	344	3
263	322	1
323	264	3
265	284	3
374	266	3
266	346	1
268	368	2
307	268	1
358	268	3
268	314	1
269	279	1
344	269	1
269	397	2
287	270	1
272	324	1
277	274	3
274	339	3
275	333	1
364	275	1
275	375	3
313	277	3
277	376	1
321	277	3
278	281	1
278	392	2
279	347	2
279	313	1
353	280	1
392	280	3
378	280	3
281	355	2
345	281	1
283	287	2
283	308	1
365	283	1
289	283	3
283	311	1
284	356	2
284	298	3
385	285	3
288	317	2
288	358	1
288	330	1
346	288	1
288	365	3
290	308	3
290	354	2
290	313	2
385	290	3
389	291	2
291	392	1
393	292	2
336	292	1
336	293	2
293	388	2
294	322	2
294	346	2
295	381	2
296	387	3
303	296	2
296	298	3
297	363	2
298	323	1
362	299	2
312	299	3
329	300	2
302	300	3
347	300	2
301	319	1
301	386	3
355	302	3
353	302	2
379	302	3
392	304	1
304	397	3
304	378	2
305	374	3
328	305	2
306	351	1
306	311	3
307	358	1
307	399	3
307	371	1
367	307	2
310	316	2
313	317	3
315	326	3
327	315	1
347	316	2
316	367	2
320	317	1
342	318	3
319	337	1
321	392	3
321	396	1
328	322	1
369	323	1
323	345	2
352	324	2
324	339	1
325	357	1
326	357	1
352	326	1
326	392	2
364	327	3
370	328	2
344	328	3
346	330	2
331	348	1
391	331	1
331	353	3
335	354	1
336	376	2
364	336	3
391	341	3
357	342	3
342	365	2
344	379	3
346	396	2
349	357	1
352	351	2
371	352	3
355	396	3
355	360	3
394	357	3
358	391	1
384	361	1
371	361	1
379	362	1
371	387	1
380	378	2
396	382	1
393	384	2
394	388	3
