388	0	2
259	0	3
59	0	1
0	244	2
111	0	3
1	380	2
1	228	1
1	303	3
1	110	2
1	267	1
1	31	1
1	192	3
378	1	2
154	1	3
2	176	1
182	2	3
2	349	2
364	2	2
2	219	3
3	341	2
3	150	3
3	85	2
132	3	2
3	116	1
71	4	2
141	5	1
5	306	2
5	75	1
262	5	2
275	6	2
6	298	1
153	6	3
343	6	1
6	80	3
6	295	3
194	6	1
14	7	2
223	7	3
7	161	1
98	7	3
7	277	2
66	7	1
296	7	2
7	396	1
294	7	3
70	8	2
8	100	2
8	333	3
135	8	3
8	183	1
8	126	3
8	98	1
9	114	3
264	9	2
9	268	3
288	9	3
263	10	2
10	148	3
10	271	1
10	304	2
10	208	1
17	10	3
10	396	3
10	378	2
10	127	1
10	69	1
302	10	2
155	11	3
160	11	1
40	11	1
236	11	1
314	11	2
11	176	1
63	11	2
12	196	1
390	12	3
12	23	2
343	12	2
208	12	3
12	103	3
12	222	2
12	119	2
310	12	1
12	312	1
199	13	2
166	13	2
117	13	3
13	266	2
14	77	2
327	14	3
14	315	1
331	14	1
14	113	2
14	121	1
14	241	3
14	307	1
14	54	3
346	15	1
15	106	3
231	15	1
376	15	1
32	15	2
15	68	3
16	68	2
16	135	2
114	16	3
272	16	1
17	339	1
167	17	3
17	70	3
17	378	2
17	333	2
87	17	2
347	17	1
18	251	2
370	18	2
18	345	2
18	176	2
390	18	1
18	161	2
159	19	2
19	354	2
100	20	1
147	20	1
20	283	2
20	240	1
244	20	2
21	255	1
21	209	2
22	185	1
22	367	1
248	22	3
22	70	2
261	22	1
23	314	1
382	23	3
23	274	3
261	23	2
36	24	1
98	24	3
161	24	1
62	24	3
24	95	2
24	65	2
24	329	3
24	299	3
24	154	1
24	276	3
25	314	3
25	86	2
25	57	2
169	25	3
28	25	3
132	25	1
264	25	3
25	343	2
392	25	3
26	364	2
198	26	2
228	26	2
26	333	1
341	26	1
161	26	1
202	27	1
135	27	1
27	188	3
27	377	1
27	227	3
232	27	1
283	27	1
27	284	2
209	27	3
27	77	2
27	282	1
177	28	2
28	208	3
256	28	3
369	28	1
28	91	2
29	126	2
325	29	2
151	29	1
29	197	2
29	330	3
29	160	2
29	62	3
59	29	3
130	30	1
120	30	2
30	186	3
252	30	1
47	30	1
30	375	3
31	356	3
31	286	1
31	288	2
31	317	2
31	39	1
168	32	2
126	32	2
32	183	3
64	32	2
275	32	2
109	32	1
254	32	1
32	157	2
32	133	2
38	33	1
33	173	3
33	278	3
269	33	1
229	33	1
33	217	3
34	264	2
34	317	1
34	293	3
134	34	2
190	34	1
223	34	2
246	35	2
164	35	3
285	35	3
41	36	1
36	370	2
67	36	3
163	36	3
36	144	1
289	36	3
146	36	3
36	172	1
37	233	2
37	61	1
37	69	3
79	37	1
38	138	1
311	38	3
39	125	1
39	216	1
229	39	1
39	61	2
93	39	3
39	203	1
174	39	1
70	39	2
288	40	2
393	40	2
40	181	1
40	285	1
40	202	3
295	40	1
137	40	2
291	40	3
41	284	1
184	41	3
41	226	3
41	364	2
289	41	1
42	170	2
42	80	2
43	162	2
369	43	1
183	43	3
214	43	3
219	43	2
331	43	2
316	43	1
43	342	2
44	345	2
292	44	1
44	182	2
44	276	1
369	44	2
44	321	2
44	152	1
330	44	3
44	335	2
84	45	1
161	45	3
293	45	1
323	46	2
96	46	1
68	46	3
47	141	2
47	280	1
47	182	1
48	248	2
358	48	3
48	173	2
63	48	3
48	324	3
48	85	3
49	397	3
329	49	3
394	49	2
49	143	3
283	49	3
349	50	1
84	50	3
207	50	3
50	181	1
98	51	3
193	51	1
51	70	1
301	51	3
51	246	3
365	52	2
261	52	1
52	162	3
53	327	3
178	54	1
55	206	1
267	55	1
55	317	1
55	279	1
55	62	3
377	55	2
55	275	3
340	56	1
56	152	2
56	259	1
56	370	3
238	56	1
209	56	3
57	322	3
57	265	3
169	57	1
57	180	3
218	57	2
57	178	1
362	57	2
57	364	3
315	57	3
58	95	3
58	228	2
58	165	2
58	340	2
199	58	2
59	58	1
332	59	2
59	218	3
321	59	2
59	368	3
59	152	1
59	94	1
59	194	1
60	173	2
60	312	1
60	322	1
61	290	1
61	156	3
258	61	1
133	61	2
62	174	1
272	62	2
93	62	3
62	103	1
394	63	1
63	309	3
63	173	2
186	63	3
63	281	2
63	381	2
250	63	2
340	64	1
341	64	3
182	64	1
241	64	2
64	265	1
111	64	1
331	65	3
386	65	2
90	65	2
65	337	2
318	65	3
342	65	2
162	65	2
255	65	2
336	65	2
189	66	2
339	67	1
67	371	2
122	67	3
343	67	3
67	173	2
341	67	2
67	337	3
220	67	3
68	343	1
288	68	2
287	68	1
266	68	1
88	69	2
69	323	1
69	78	1
69	268	3
70	233	1
240	70	3
385	70	1
70	392	1
151	70	3
70	271	3
75	71	1
71	79	3
366	71	2
71	357	1
193	72	2
314	72	2
277	72	3
72	352	3
320	72	3
73	355	3
73	84	2
73	276	3
73	267	2
165	73	2
73	385	2
74	333	3
74	300	1
74	328	3
360	74	3
302	75	3
75	161	2
292	75	1
76	281	3
342	77	1
77	345	3
321	77	1
77	309	2
77	350	3
128	78	1
78	165	1
301	78	3
78	352	1
78	212	2
78	219	1
79	273	3
79	167	3
79	80	3
314	79	2
298	80	3
80	341	1
195	80	3
80	357	2
228	81	3
159	81	3
257	81	1
144	81	3
393	81	3
81	303	2
81	330	2
198	81	2
82	271	3
82	253	2
339	82	3
290	82	3
169	82	2
142	83	3
83	195	2
182	83	1
83	224	2
83	86	2
272	83	3
335	83	1
84	323	1
339	84	2
227	84	3
85	173	3
85	228	2
85	181	3
390	86	3
286	86	1
177	87	2
87	302	3
87	280	3
87	254	1
87	184	3
87	370	3
313	87	2
88	108	2
370	88	2
107	89	3
166	89	2
89	283	2
350	89	3
353	90	1
90	143	2
90	207	3
90	263	1
337	90	3
339	90	1
90	107	2
148	91	1
91	299	2
91	94	1
175	91	3
91	346	1
196	91	2
91	159	2
238	92	2
134	92	2
92	213	2
397	92	3
92	382	1
92	247	3
93	277	2
126	93	1
206	93	3
352	94	1
332	94	3
94	171	3
94	257	2
94	361	2
94	152	1
160	95	2
254	95	1
372	95	2
95	271	2
96	304	1
96	269	3
96	207	3
96	149	3
360	96	3
96	322	1
103	97	1
97	234	3
112	97	3
316	97	3
98	389	1
98	398	2
203	98	1
98	195	3
99	102	3
99	327	3
107	99	3
352	99	3
100	253	2
199	100	1
100	351	2
100	280	2
100	121	1
134	100	1
100	282	2
100	231	3
101	320	3
326	101	2
137	101	2
192	101	3
101	170	2
192	102	1
367	102	3
290	102	1
370	102	2
103	339	2
142	103	2
252	103	3
259	104	3
107	104	2
104	170	2
253	104	1
105	242	1
105	244	2
246	105	3
178	105	3
181	106	3
106	284	2
308	106	1
323	106	2
137	106	1
371	106	1
361	107	3
279	107	2
107	127	3
319	108	3
300	108	3
108	220	2
347	108	2
380	108	3
352	108	2
260	109	1
195	109	3
397	109	1
150	109	3
255	109	1
300	110	2
299	111	1
111	300	3
151	111	1
249	112	2
112	118	1
113	207	1
123	113	3
220	113	3
114	326	2
363	114	2
114	121	3
114	268	2
114	316	1
114	392	3
115	152	1
193	115	1
115	262	1
116	312	3
350	117	2
117	306	2
176	117	1
143	119	2
216	119	3
120	339	1
120	205	3
120	166	1
120	315	1
120	388	1
120	197	1
269	121	1
223	121	3
121	326	1
121	291	3
288	121	2
122	297	2
161	122	1
372	123	1
123	355	3
377	123	1
124	375	1
384	124	2
124	247	2
124	292	1
394	124	1
124	261	2
125	156	1
296	125	2
161	125	2
126	324	2
356	126	1
283	126	1
126	383	1
127	322	2
127	391	3
201	127	3
128	293	2
128	206	3
218	128	3
184	128	3
264	129	2
129	272	1
129	307	3
316	130	1
130	177	2
147	130	1
264	130	2
209	131	1
131	398	1
131	192	3
254	132	3
132	161	3
180	132	1
132	277	3
132	183	2
170	133	1
257	133	3
175	133	2
133	249	1
199	134	2
134	280	2
134	232	1
181	134	1
134	314	1
134	286	2
357	134	2
134	158	1
175	134	2
383	135	3
200	135	2
135	267	1
317	135	1
135	336	2
337	135	2
136	336	2
136	195	3
136	200	2
136	251	3
301	136	2
137	369	3
286	137	2
137	316	3
137	378	3
179	137	1
243	138	1
319	138	2
138	206	2
170	139	1
139	287	3
139	271	2
358	140	3
140	302	3
331	140	3
141	304	2
141	233	3
335	141	2
141	261	2
141	278	3
324	141	1
288	141	1
141	242	3
142	231	1
284	143	2
275	143	3
143	394	2
143	187	1
289	143	2
234	144	2
144	174	1
144	306	2
192	144	1
225	144	2
229	145	2
335	145	2
146	187	1
146	396	3
251	146	2
146	185	3
368	146	1
203	146	3
147	358	3
300	147	2
147	189	1
251	147	3
351	147	2
148	150	3
148	331	1
319	148	3
330	148	1
381	149	2
149	280	2
150	192	3
150	215	2
316	150	2
151	365	2
152	371	3
153	330	3
154	290	2
155	362	3
378	155	2
196	155	3
155	237	1
155	351	1
322	156	1
156	203	1
160	156	3
332	156	1
343	156	3
156	262	2
293	157	1
157	223	3
157	395	1
349	157	2
157	297	1
157	164	2
179	157	1
158	392	1
158	218	3
229	158	1
182	159	3
159	198	2
160	228	2
160	366	2
160	372	2
161	294	3
373	161	2
161	253	2
271	161	1
190	161	1
344	161	1
162	323	3
162	166	1
324	162	2
226	163	2
163	270	1
163	345	3
325	163	2
290	163	2
170	163	3
350	163	1
163	303	2
206	164	2
189	164	1
198	165	2
249	165	1
232	165	2
166	298	3
248	166	2
166	294	2
166	189	3
218	166	1
167	375	1
379	167	2
343	169	1
352	169	1
322	170	1
331	170	2
384	170	1
326	170	3
170	360	3
171	325	2
171	209	3
171	319	3
348	172	1
172	380	2
172	188	1
262	173	1
263	173	1
173	179	3
373	174	2
175	382	2
326	176	2
202	176	1
226	176	2
177	299	1
177	257	1
178	256	3
178	236	1
399	179	1
274	179	3
179	213	3
255	179	3
224	179	2
320	179	3
306	180	1
180	216	3
180	222	3
181	394	2
181	262	2
219	181	3
324	181	1
182	267	1
182	274	2
324	182	2
182	221	2
182	222	2
183	314	3
183	320	2
183	323	3
184	188	2
184	189	3
387	184	3
184	342	3
184	394	3
185	301	3
197	185	1
185	389	2
185	277	2
319	186	2
186	270	3
186	306	3
298	187	1
187	309	3
266	187	2
187	390	1
321	187	3
187	233	1
303	188	2
227	188	1
275	188	2
286	188	2
189	384	1
260	189	3
353	190	2
190	324	1
373	191	2
191	323	2
253	191	3
191	239	2
285	191	2
191	286	2
374	192	2
192	318	3
192	391	3
296	192	1
193	295	2
309	194	3
208	194	3
271	194	1
214	194	3
316	195	1
334	195	1
195	323	3
280	195	3
376	195	3
219	196	3
290	196	2
351	196	3
196	367	3
279	197	1
346	197	1
275	197	3
231	197	3
197	320	2
344	197	2
198	316	1
289	198	2
199	223	1
199	317	2
366	200	3
201	207	1
202	297	2
253	202	2
202	375	3
203	318	1
203	354	1
203	390	2
223	203	1
203	347	1
203	214	3
203	327	3
204	251	1
204	265	2
204	368	2
398	204	2
205	295	3
340	205	3
206	290	1
206	216	3
206	287	3
206	367	2
283	206	1
266	206	2
207	333	2
207	329	1
308	207	2
381	207	3
270	208	3
297	208	2
208	336	2
208	355	2
307	208	1
296	209	2
209	371	2
210	365	3
210	234	3
327	210	1
289	210	3
255	211	2
212	305	3
213	320	1
240	213	3
213	371	1
374	213	1
214	318	1
214	280	2
215	315	2
392	215	3
367	215	1
216	274	2
261	216	2
297	218	2
218	389	1
218	283	2
219	295	3
220	244	2
224	220	3
220	223	3
220	257	2
250	220	1
225	220	3
221	353	3
230	222	2
223	339	2
223	265	3
268	224	3
224	298	2
225	384	1
352	225	2
225	389	3
327	226	2
226	255	2
353	227	3
227	356	1
370	227	3
313	228	2
228	373	2
360	230	2
236	230	2
321	230	3
310	230	3
247	230	3
230	293	2
348	230	3
249	230	3
271	231	2
293	232	2
307	233	2
233	246	3
233	389	2
264	233	1
233	370	3
233	278	1
339	235	2
341	235	1
235	334	2
261	235	2
235	264	3
262	236	1
236	327	3
295	236	3
383	236	1
236	276	1
237	240	3
237	326	2
238	271	2
352	239	3
239	259	1
348	239	3
240	272	2
302	240	2
337	241	2
315	241	1
381	242	3
247	242	3
243	247	2
392	244	3
244	309	3
339	244	1
244	376	2
244	346	3
245	376	2
382	245	3
280	245	2
253	245	3
385	246	3
247	321	1
247	306	3
248	276	3
396	248	2
350	248	3
330	249	1
387	250	3
250	317	2
356	250	1
251	306	1
300	251	2
251	291	3
251	278	3
279	252	2
272	252	2
325	252	3
252	368	3
252	351	1
253	294	3
254	314	3
254	264	1
353	254	1
255	290	3
255	378	1
256	291	2
256	368	2
392	256	3
340	256	1
257	377	2
361	257	1
325	257	2
258	294	1
258	366	3
258	324	3
259	314	3
289	261	3
261	392	3
261	313	3
262	368	3
336	262	3
270	264	1
264	367	2
290	265	3
268	265	3
294	266	3
345	267	3
268	303	3
268	384	2
270	363	1
270	334	2
271	346	1
271	357	1
295	271	2
272	283	3
317	272	2
314	272	1
272	311	3
286	273	3
273	287	1
340	274	1
274	354	1
385	276	1
276	319	2
362	276	3
277	389	3
278	298	1
358	278	3
278	301	3
280	296	3
281	302	2
282	337	3
371	282	3
282	326	1
282	294	2
366	283	1
297	285	1
285	296	1
285	381	2
303	286	3
288	286	1
286	325	3
287	381	3
386	287	2
287	397	3
287	301	3
288	292	3
289	333	1
354	289	1
303	289	2
291	313	3
292	304	3
294	388	2
295	355	1
384	295	2
367	295	1
295	377	3
296	362	3
298	314	3
366	300	3
301	381	2
378	302	3
303	337	3
304	308	2
358	304	2
359	304	2
305	385	1
306	394	1
310	307	3
309	313	1
309	394	1
309	371	3
310	357	1
330	310	1
351	311	1
311	317	1
312	361	1
398	312	3
376	312	2
336	313	3
362	314	1
342	314	3
314	386	1
315	399	3
376	315	2
317	394	2
320	348	3
321	380	1
321	325	2
322	331	1
335	322	2
332	322	3
324	399	1
324	360	2
325	370	1
326	375	1
376	327	3
328	395	2
328	368	3
343	329	2
330	366	1
342	332	3
333	375	1
341	336	3
338	356	2
397	341	1
343	380	3
344	394	1
344	399	1
383	346	2
361	349	3
375	350	2
351	389	3
351	374	1
378	352	2
352	396	3
397	352	1
360	356	3
382	358	1
361	395	2
374	362	1
382	362	3
363	365	3
366	389	2
371	381	3
385	373	1
375	389	3
379	376	2
396	383	2
385	388	3
388	394	2
394	397	3
