0	2	2
3	0	3
398	0	3
0	399	2
0	171	2
0	226	2
0	249	2
1	2	2
1	4	3
399	1	1
84	1	2
1	163	1
113	1	2
271	1	2
4	2	3
2	5	1
2	118	3
11	2	2
238	2	2
4	3	1
3	6	2
124	3	2
3	107	1
163	3	1
354	3	3
3	376	1
6	4	2
4	197	2
292	4	2
202	4	2
4	350	1
7	5	3
5	8	3
5	20	3
185	5	1
279	5	3
6	7	1
6	9	2
6	145	1
6	242	2
6	319	1
7	9	1
7	10	2
7	228	2
7	283	1
7	329	2
10	8	1
11	8	2
252	8	3
8	103	2
8	194	2
11	9	2
130	9	2
292	9	3
9	59	3
216	9	1
10	11	3
12	10	3
109	10	3
10	236	2
10	317	2
13	11	2
11	14	3
11	304	2
123	11	2
310	11	1
12	14	2
15	12	2
51	12	2
14	13	1
15	13	1
13	16	1
13	356	2
14	15	2
17	14	2
14	354	1
14	75	2
132	14	2
15	16	3
15	17	3
15	297	1
88	15	2
15	206	2
331	15	1
18	16	3
16	19	1
51	16	3
37	16	1
320	16	3
18	17	1
20	17	2
17	325	1
17	150	3
17	323	1
18	19	1
20	18	3
339	18	2
124	18	1
18	190	3
393	18	1
21	19	1
19	333	2
19	206	2
22	20	2
20	23	3
215	20	3
20	25	1
20	36	2
69	20	2
20	75	1
98	20	1
21	22	1
21	23	2
243	21	3
97	21	3
21	144	2
21	252	1
22	23	1
22	24	3
25	22	1
84	22	1
22	253	1
24	23	2
23	26	2
323	23	3
365	23	1
24	26	3
27	24	2
24	299	3
24	87	1
210	24	3
25	27	3
25	92	2
147	25	1
27	26	2
28	26	3
26	274	2
28	27	3
27	29	2
27	30	3
124	27	3
145	27	3
30	28	2
349	28	3
28	164	1
28	362	2
30	29	2
29	32	3
120	29	2
184	29	2
196	29	3
31	30	2
30	33	1
44	30	3
30	294	2
33	31	3
31	34	2
107	31	1
32	34	2
35	32	1
32	54	2
206	32	3
32	332	2
33	35	2
33	70	2
123	33	1
258	33	2
34	36	1
37	34	3
34	114	2
35	36	3
35	38	3
35	114	1
35	293	1
38	36	3
36	317	1
178	36	2
39	37	2
62	37	2
37	47	1
154	37	1
37	353	1
38	39	1
38	40	2
38	41	2
160	38	3
38	231	2
39	40	3
42	39	1
288	39	2
215	39	2
40	42	2
40	43	2
40	119	2
95	40	2
40	269	1
42	41	1
43	41	1
44	41	3
44	42	2
42	60	1
42	308	1
222	42	1
44	43	2
45	43	2
46	43	2
199	43	3
378	43	1
44	45	3
47	44	1
44	80	2
263	44	3
44	364	3
45	47	2
45	137	2
45	385	3
45	204	1
46	47	3
49	46	2
113	46	2
60	46	3
170	46	3
337	46	2
48	47	1
50	47	1
48	49	1
51	48	2
85	48	2
49	51	2
49	275	1
163	49	2
51	50	1
50	53	2
273	50	2
394	50	3
51	53	2
51	54	2
261	51	1
85	51	3
51	315	3
52	54	2
101	52	2
100	52	1
52	289	2
377	52	2
388	52	2
55	53	3
53	56	1
271	53	2
54	56	2
54	57	1
54	89	2
103	54	1
57	55	1
58	55	3
88	55	3
81	55	3
55	217	1
55	300	3
56	58	2
56	59	2
56	352	2
57	59	3
57	60	1
57	94	1
57	90	1
59	58	3
60	58	1
324	58	2
81	58	1
108	58	1
61	59	2
131	59	3
393	59	1
62	60	1
157	60	2
60	173	1
62	61	3
63	61	3
61	283	2
62	64	2
65	62	3
62	232	2
62	117	2
62	314	2
63	65	2
89	63	1
306	63	2
64	65	1
64	66	1
67	64	3
138	64	1
65	66	1
68	65	1
65	161	1
121	65	3
66	68	2
66	287	1
66	350	3
262	66	2
67	68	3
69	67	2
67	70	2
69	68	2
70	68	2
71	68	1
68	181	1
69	71	1
69	72	1
109	69	1
195	69	1
71	70	1
70	72	2
70	73	2
292	70	1
308	70	3
72	71	1
73	71	1
71	74	1
175	71	1
73	72	3
74	72	2
357	72	3
74	73	2
76	73	2
73	141	1
73	284	1
75	74	1
74	77	2
74	389	1
151	74	2
159	74	2
242	74	2
75	77	3
96	75	1
76	78	2
79	76	3
169	76	3
76	164	3
77	78	3
79	77	1
77	80	3
77	221	2
390	77	3
78	80	1
78	250	3
78	151	3
159	78	1
78	162	1
78	172	1
81	79	1
82	79	1
79	98	3
79	321	2
79	392	1
80	82	1
80	83	3
263	80	3
83	81	2
136	81	1
82	83	2
82	85	2
82	135	2
241	82	2
83	84	3
85	83	1
83	86	1
346	83	3
84	85	3
87	84	3
84	195	2
85	86	2
88	85	3
86	88	3
89	86	1
283	86	3
213	86	2
87	89	1
90	87	3
129	87	1
237	87	2
90	88	1
88	257	2
88	160	1
90	89	3
89	91	2
384	89	1
89	155	2
90	91	1
93	90	2
91	92	1
91	94	2
374	91	1
94	92	1
92	324	3
381	92	1
182	92	1
93	95	1
93	96	3
134	93	2
234	93	2
383	93	3
94	95	3
94	96	2
94	97	1
95	97	1
95	175	1
96	97	3
96	98	1
99	97	2
97	100	2
203	97	2
97	207	3
98	100	2
98	101	3
98	137	3
382	98	1
100	99	3
99	102	2
264	99	3
100	101	1
100	102	3
100	103	3
118	100	2
100	280	3
102	101	2
101	103	1
104	101	3
101	226	1
102	104	1
105	102	2
311	102	1
105	103	1
130	103	2
104	105	2
104	106	1
104	107	2
107	105	2
108	105	2
105	245	2
107	106	1
108	106	1
109	106	2
108	107	2
110	107	3
107	167	1
110	108	2
191	108	1
108	277	3
111	109	3
109	127	3
111	110	1
112	110	3
376	110	2
110	255	2
111	112	1
111	114	1
217	111	3
114	112	3
112	360	3
129	112	3
113	115	2
113	116	1
264	113	2
114	116	3
114	117	1
221	114	3
150	114	1
116	115	3
118	115	1
115	335	2
217	115	3
219	115	1
117	116	1
116	119	1
124	116	2
117	119	2
120	117	2
251	117	2
117	275	2
117	363	3
119	118	3
118	121	3
119	120	1
121	119	2
122	119	1
122	120	2
123	120	2
215	120	3
120	237	2
123	121	2
288	121	3
126	121	2
123	122	2
125	122	3
122	136	1
122	250	2
122	272	1
288	122	3
124	123	3
125	123	2
126	124	2
125	127	2
125	128	2
125	212	3
128	126	1
129	126	2
128	127	3
127	130	3
203	127	1
128	129	2
130	128	3
128	131	3
131	129	3
129	132	2
131	130	2
133	130	3
130	165	1
130	349	1
131	132	1
134	131	1
351	131	2
134	132	3
177	132	3
208	132	1
134	133	1
133	135	1
133	257	2
135	134	1
134	136	2
134	137	1
306	134	2
135	137	3
135	319	2
135	380	1
135	294	1
136	137	1
138	136	3
227	136	2
375	136	1
137	139	1
137	224	3
137	233	2
138	139	2
138	141	2
140	139	2
141	139	3
308	139	3
374	139	3
139	382	2
140	142	2
140	366	3
210	140	1
142	141	1
143	141	1
144	141	1
270	141	3
141	276	2
142	144	2
142	145	2
142	300	1
144	143	3
145	143	3
391	143	3
144	146	3
144	147	1
183	144	3
146	145	3
145	148	3
148	146	2
149	146	2
223	146	2
147	148	1
147	150	3
147	198	1
147	218	3
147	389	3
148	150	1
225	148	2
148	331	2
148	219	3
150	149	1
151	149	2
149	152	3
152	150	3
150	169	1
150	370	3
151	152	3
154	151	3
152	154	2
195	152	2
152	369	2
244	152	1
152	385	3
155	153	2
153	156	1
280	153	3
154	156	1
157	154	3
259	154	1
157	155	1
155	158	3
157	156	3
158	156	3
156	159	1
157	158	1
159	157	2
157	160	3
160	158	2
158	161	2
363	158	3
161	159	1
291	159	2
162	160	1
163	161	3
164	161	1
161	334	1
161	343	3
162	164	3
162	165	3
164	163	3
163	166	1
212	163	1
165	164	1
167	164	2
165	167	1
332	165	2
341	165	2
166	167	1
169	166	1
166	213	1
167	168	1
170	167	1
167	188	2
167	208	1
167	280	3
169	168	1
170	168	1
168	361	2
168	297	3
170	169	3
169	172	2
171	170	3
173	170	1
171	172	3
171	174	2
390	171	1
173	172	2
175	172	2
175	173	3
261	173	3
173	347	1
174	175	2
176	174	1
174	351	2
175	177	3
175	241	3
175	272	1
360	175	3
176	178	2
262	176	1
176	357	3
176	348	2
177	178	2
180	177	1
279	177	2
282	177	3
177	285	1
177	334	2
178	180	2
334	178	1
181	179	3
179	182	3
207	179	2
181	180	3
180	182	2
183	180	3
181	183	3
270	181	2
295	181	3
184	182	2
182	238	1
185	183	1
186	183	3
183	235	2
345	183	3
184	186	3
361	184	2
199	184	3
220	184	1
364	184	1
185	187	1
188	185	1
339	185	2
187	186	3
186	188	2
186	189	3
188	187	2
189	187	2
318	187	1
316	187	3
188	190	3
191	188	3
188	228	3
191	189	1
189	384	3
189	396	3
189	292	1
192	190	1
193	190	2
190	311	3
191	192	1
194	191	1
214	191	2
254	191	3
193	192	3
192	194	2
192	266	1
192	209	1
194	193	3
193	196	2
262	193	3
194	195	1
196	194	1
194	300	1
351	194	2
379	194	3
197	195	1
196	198	3
196	199	1
197	198	1
199	197	1
197	200	3
197	257	1
198	200	2
235	198	1
199	201	3
200	201	3
200	202	1
213	200	3
202	201	1
201	203	2
204	201	2
395	201	1
204	202	1
221	202	1
205	203	2
203	206	3
204	206	1
204	207	3
205	206	1
205	207	1
346	205	3
208	206	1
207	208	1
210	207	1
208	210	2
208	305	2
209	211	2
209	212	2
211	210	1
210	213	3
212	211	2
214	211	3
211	370	3
212	214	3
212	215	3
308	212	2
213	214	2
216	213	1
216	214	3
251	214	2
214	322	2
214	298	3
216	215	2
215	218	2
217	216	3
216	218	1
216	229	3
217	219	2
217	232	1
217	333	3
220	218	1
221	218	2
218	287	3
219	221	3
220	222	3
348	220	2
222	221	1
223	221	3
252	221	3
222	224	2
222	225	1
232	222	2
225	223	3
223	226	1
285	223	3
224	225	3
226	224	2
224	227	1
224	307	3
227	225	3
225	228	2
241	225	2
226	227	3
228	226	2
385	226	3
229	227	1
331	227	1
227	367	3
229	228	1
230	228	3
358	228	1
229	230	3
229	231	3
230	232	3
233	230	1
253	230	2
232	231	1
234	231	3
231	299	3
234	232	3
233	235	2
332	233	1
233	263	1
234	236	3
237	234	3
235	237	1
321	235	2
246	235	3
265	235	2
236	238	3
236	239	1
236	342	1
239	237	2
240	238	2
397	238	2
238	286	3
241	239	2
239	242	2
239	357	2
240	241	1
243	240	1
358	240	2
240	299	1
242	241	3
243	241	3
242	244	1
242	325	1
243	244	1
245	243	3
246	243	1
244	245	3
247	244	2
245	247	2
245	248	2
289	245	1
330	245	3
351	245	1
246	248	3
249	246	2
246	352	2
249	247	3
247	250	3
247	289	2
249	248	2
248	251	1
248	253	3
248	281	3
368	248	3
250	249	1
252	249	1
250	251	2
250	252	2
251	252	1
251	254	3
252	254	2
252	306	2
255	253	1
253	256	3
254	256	2
257	254	2
256	255	2
255	257	2
258	256	2
256	259	1
267	256	1
259	257	3
257	313	2
347	257	1
260	258	1
258	261	1
358	258	1
260	259	1
259	262	1
260	261	1
262	260	2
263	260	2
260	309	1
262	261	1
261	264	1
301	261	3
262	263	3
265	262	2
263	265	1
266	264	1
264	267	2
266	265	3
265	268	3
265	333	3
267	266	2
266	268	1
269	266	2
268	267	3
269	267	1
267	336	2
270	268	2
271	268	1
286	268	1
391	268	1
271	269	2
269	272	3
340	269	1
269	344	2
270	271	1
272	270	1
272	271	3
274	271	1
272	274	1
346	272	3
273	275	3
273	276	1
279	273	2
274	276	1
277	274	2
339	274	2
275	277	2
275	338	2
278	276	3
276	279	1
279	277	1
280	277	2
279	278	2
281	278	3
361	278	3
281	279	2
279	282	1
282	280	2
281	282	3
284	281	2
282	284	1
282	285	1
283	284	3
286	283	2
283	359	2
284	286	2
287	284	3
286	285	2
285	288	3
288	286	2
385	286	3
338	286	1
289	287	1
287	290	3
290	288	2
291	288	2
288	365	2
290	289	1
289	291	1
291	290	2
292	290	3
293	290	3
291	293	1
294	291	3
294	292	1
295	293	1
296	293	1
296	294	2
297	295	2
298	295	2
297	296	3
296	298	2
310	296	1
298	297	2
299	297	2
299	298	3
298	301	1
301	299	1
302	300	3
302	301	2
301	303	2
304	301	2
302	303	3
302	304	3
302	391	3
303	304	1
303	305	3
303	306	2
305	304	3
304	306	3
304	307	1
307	305	1
305	308	2
305	335	3
306	308	3
309	307	1
307	310	1
308	310	2
309	310	1
312	309	2
310	311	2
310	313	1
313	311	3
314	311	2
314	312	2
312	315	3
312	386	2
348	312	2
314	313	3
313	315	3
316	313	2
384	313	1
314	316	3
314	317	2
332	314	3
315	316	2
315	318	2
318	316	1
316	319	2
318	317	2
317	320	1
319	318	2
321	318	1
318	326	3
319	320	3
322	319	1
320	321	3
323	320	3
321	322	2
321	324	1
324	322	3
325	322	2
350	322	2
325	323	3
326	323	2
324	325	2
327	324	2
335	324	1
325	327	2
368	325	3
388	325	2
327	326	3
328	326	1
326	329	1
328	327	3
330	327	1
334	327	2
328	329	1
328	330	3
328	331	3
331	329	1
329	332	2
332	330	2
333	330	3
333	331	1
331	334	1
331	353	3
334	332	1
333	335	1
334	335	2
337	334	3
335	337	3
335	338	1
357	335	3
336	337	1
336	338	1
339	336	2
338	337	3
340	337	2
339	338	1
341	338	2
340	339	2
339	342	1
340	342	3
340	343	2
341	342	1
341	344	1
343	342	1
342	345	2
344	343	1
343	346	3
344	345	2
344	347	3
345	347	2
384	345	3
387	345	2
346	348	3
349	347	2
350	348	1
350	349	2
349	352	2
350	352	2
350	353	1
351	353	2
351	396	1
352	353	1
355	352	3
355	353	1
356	354	3
357	354	3
356	355	2
355	357	1
358	355	2
356	357	3
358	356	3
359	357	1
357	360	2
360	358	2
359	360	2
359	362	1
360	361	2
363	360	1
363	361	2
361	364	1
393	361	3
362	363	2
362	365	2
364	363	1
363	365	1
366	364	2
367	365	2
366	367	3
366	368	2
369	366	3
367	368	2
367	370	1
369	368	3
368	371	3
370	369	1
371	369	2
369	372	3
370	371	1
370	373	1
371	372	1
371	373	2
374	371	3
372	373	2
374	372	2
372	375	2
373	374	2
373	375	1
376	373	1
374	376	1
377	374	2
377	375	1
375	395	1
378	376	2
379	376	1
378	377	3
380	377	3
378	379	1
381	378	2
381	379	2
379	382	1
380	381	3
382	380	3
380	383	2
382	381	3
383	381	2
381	384	3
382	384	1
384	383	1
386	383	2
385	384	3
387	384	2
397	384	3
385	387	2
387	386	1
389	386	2
396	386	3
388	387	3
390	387	2
390	388	3
389	391	2
392	389	2
390	392	2
393	390	1
392	391	2
391	394	3
392	393	1
395	392	2
395	393	3
394	395	2
394	396	1
395	396	2
395	397	1
397	396	1
399	396	1
397	399	2
399	398	2
