0	2	3
0	3	3
397	0	2
0	398	1
97	0	3
20	0	2
0	116	1
126	0	3
0	311	3
1	3	2
1	4	1
1	398	2
1	399	1
72	1	1
1	214	3
2	4	1
5	2	1
399	2	3
53	2	2
4	3	3
3	5	3
291	3	3
3	72	3
3	75	2
304	3	2
6	4	1
7	4	1
4	239	2
5	6	2
8	5	3
5	373	2
105	5	3
168	5	1
210	5	3
338	5	2
7	6	1
8	6	3
351	6	1
191	6	1
6	314	1
330	6	2
9	7	1
286	7	2
114	7	3
169	7	1
179	7	3
8	9	2
8	10	3
132	8	2
8	114	2
8	141	3
11	9	3
12	9	3
134	9	2
209	9	2
9	250	3
9	310	1
12	10	2
13	10	1
319	10	2
15	10	3
138	10	2
13	11	3
11	14	1
11	182	2
59	11	2
11	241	3
13	12	3
14	12	2
12	247	2
255	12	3
13	15	1
13	16	3
13	112	3
15	14	3
14	17	2
14	51	2
15	17	1
18	15	2
15	272	2
18	16	2
16	396	3
288	16	3
17	18	2
19	17	3
20	17	2
17	328	3
18	20	1
331	18	3
18	215	1
18	102	3
18	110	3
328	18	3
19	20	2
22	19	2
19	387	1
19	311	2
19	362	3
21	20	2
20	23	1
175	20	3
23	21	2
21	202	3
21	227	1
21	96	2
22	24	2
25	22	2
22	215	2
22	42	3
316	22	2
24	23	1
25	23	2
26	23	1
26	24	1
181	24	2
344	24	2
25	27	2
25	159	2
28	25	2
25	223	2
27	26	1
28	26	3
29	26	3
26	69	3
26	261	1
27	28	1
29	27	1
162	27	2
28	29	3
28	30	2
28	31	3
30	29	2
32	29	1
139	29	1
29	44	1
32	30	1
33	30	3
221	30	3
30	53	2
151	30	2
31	33	2
323	31	3
133	31	3
273	31	3
32	33	3
32	35	1
54	32	2
37	32	1
33	35	3
36	33	2
33	80	1
33	336	3
34	35	1
34	37	2
232	34	1
86	34	3
128	34	3
190	34	1
37	35	3
38	35	3
207	35	3
148	35	1
37	36	1
36	39	3
143	36	1
36	70	1
36	298	2
38	37	3
40	37	1
37	243	1
39	38	1
40	38	2
41	38	3
38	363	3
40	39	1
39	42	1
39	301	3
40	41	2
40	42	1
40	246	2
41	43	1
71	41	1
87	41	3
174	41	3
302	41	2
42	44	3
42	45	3
44	43	2
43	46	2
269	43	3
362	43	3
389	43	1
44	46	2
47	44	2
157	44	3
171	44	1
301	44	2
46	45	3
45	48	2
45	116	1
46	48	3
49	46	2
46	261	1
46	125	3
48	47	2
47	49	1
50	47	3
49	48	1
50	48	2
48	51	3
103	48	1
48	118	2
152	48	2
265	48	3
49	50	3
52	49	2
49	147	1
114	49	1
122	49	3
49	270	3
49	274	2
49	366	1
50	52	1
359	50	3
383	50	2
228	50	3
53	51	3
54	51	2
51	362	2
233	51	2
53	52	3
54	52	1
52	177	3
52	274	2
306	52	3
54	53	2
56	53	3
54	56	3
54	57	3
348	54	2
54	266	2
55	56	2
55	57	2
55	75	2
55	258	1
55	347	1
57	56	2
56	58	2
68	56	1
58	57	2
57	59	1
57	60	2
59	58	1
60	58	3
205	58	2
60	59	2
62	59	1
61	60	3
62	60	1
60	63	1
87	60	1
100	60	3
60	130	3
63	61	2
64	61	2
61	246	2
276	61	1
64	62	1
65	62	3
62	132	1
62	154	3
62	208	3
63	64	3
63	65	1
63	66	2
67	63	1
130	63	2
66	64	1
64	229	2
64	120	2
64	112	1
65	66	1
67	65	3
68	65	2
67	66	3
66	68	1
66	69	1
66	92	2
95	66	2
67	69	1
67	175	3
68	70	2
68	294	3
68	106	1
186	68	1
68	188	2
272	68	3
71	69	1
327	69	3
69	97	2
72	70	1
73	70	1
167	70	3
223	70	2
72	71	3
73	71	1
71	74	1
72	74	1
163	72	3
74	73	1
73	75	2
76	73	2
76	74	2
74	251	3
144	74	3
102	74	3
348	74	3
75	76	1
75	78	3
140	75	3
75	196	2
211	75	3
76	77	1
78	76	1
362	76	1
133	76	1
76	217	2
76	322	1
358	76	2
78	77	3
77	80	3
77	363	3
78	79	1
78	80	3
371	78	3
279	78	3
81	79	2
82	79	2
79	300	2
79	252	3
288	79	3
80	81	2
80	82	1
80	83	1
80	390	3
81	83	1
385	81	2
81	89	2
81	294	1
84	82	1
175	82	2
82	266	3
236	82	2
83	85	1
83	86	2
83	361	3
84	85	1
87	84	3
289	84	2
184	84	2
85	86	3
85	88	1
85	350	2
85	98	1
87	86	2
88	86	1
86	237	3
87	89	1
90	87	3
88	89	1
88	90	2
88	285	2
91	89	2
92	89	2
89	95	1
90	92	1
90	93	3
90	154	3
93	91	1
91	376	2
91	195	1
94	92	2
92	95	3
92	101	2
93	95	1
93	301	2
355	93	3
94	95	3
94	96	2
94	97	2
126	94	1
94	379	2
97	95	3
95	118	1
95	139	2
354	95	2
96	98	2
96	307	3
98	97	1
100	97	3
119	97	3
98	99	1
101	98	2
99	100	3
102	99	2
156	99	2
100	102	3
274	100	2
194	100	2
100	327	3
101	103	1
159	101	2
221	101	1
104	102	2
102	124	2
102	207	3
238	102	2
103	105	3
103	106	1
288	103	3
105	104	3
107	104	2
247	104	3
106	105	1
108	105	1
107	106	3
109	106	1
124	106	3
107	108	3
107	109	2
107	255	3
121	107	2
110	108	1
108	111	3
108	207	3
110	109	1
109	112	3
332	109	1
110	111	1
112	110	2
110	177	1
111	113	1
114	111	2
111	125	2
111	369	2
114	112	1
115	112	2
114	113	1
116	113	3
189	113	1
113	124	3
116	114	3
116	115	2
115	118	2
115	294	3
117	116	3
118	116	2
368	116	2
117	118	1
117	119	1
117	286	1
120	118	3
258	118	1
118	242	1
267	118	3
119	120	3
122	119	1
119	284	1
120	121	2
120	123	3
391	120	1
177	120	1
215	120	3
283	120	2
123	121	1
124	121	1
122	123	3
125	122	2
123	124	1
123	126	3
254	123	3
123	377	2
124	126	1
204	124	2
126	125	3
128	125	2
128	126	1
127	128	2
127	130	1
127	335	1
128	130	3
128	131	2
131	129	2
132	129	2
275	129	2
129	278	1
132	130	2
131	132	3
131	133	2
131	134	3
131	364	1
133	132	2
132	134	3
132	135	2
132	153	2
132	332	2
135	133	2
146	133	1
136	134	1
134	358	3
134	146	1
135	136	2
135	137	2
138	135	3
136	137	1
136	138	3
139	136	2
203	136	3
294	136	3
139	137	1
137	140	3
137	271	1
139	138	1
138	141	1
141	139	2
245	139	1
140	141	1
140	143	1
166	140	3
140	246	1
141	142	1
141	143	3
141	182	1
141	231	2
142	143	2
142	145	2
371	142	2
144	143	2
143	145	3
143	146	3
144	145	1
146	144	3
144	147	1
145	146	2
145	147	1
283	145	2
145	199	3
147	146	3
148	146	3
146	149	1
319	146	3
148	147	1
149	147	3
150	147	3
150	148	3
148	196	3
150	149	2
151	149	3
152	149	3
151	150	1
152	150	3
153	150	3
150	375	2
152	151	1
151	154	3
152	154	1
155	152	3
152	333	3
154	153	1
156	153	2
155	154	1
157	154	2
155	157	3
155	158	3
372	155	2
339	155	1
156	157	3
159	156	2
156	346	1
325	156	2
159	157	3
367	157	2
265	157	2
158	160	3
158	161	1
280	158	1
159	161	1
162	159	2
319	159	1
159	308	3
161	160	2
160	163	3
280	160	2
161	162	1
164	161	3
311	161	1
161	244	2
163	162	1
164	162	3
162	165	2
316	162	3
329	162	1
163	164	2
165	163	3
163	200	1
165	164	1
166	164	3
164	368	1
164	254	3
167	165	2
165	168	2
227	165	2
369	165	2
168	166	2
166	169	2
166	172	2
335	166	3
169	167	1
167	253	2
167	222	3
167	315	3
170	168	3
168	171	2
168	292	1
170	169	1
172	169	2
170	172	3
173	170	2
170	278	1
211	170	2
170	232	1
385	170	2
173	171	1
171	281	1
172	174	1
172	175	2
172	361	1
172	371	1
174	173	3
173	175	3
176	173	3
174	175	3
174	177	1
175	176	2
178	175	2
175	254	3
177	176	2
179	176	1
176	197	3
179	177	2
353	177	1
179	178	1
181	178	3
178	350	2
234	178	1
359	178	2
180	179	1
182	179	1
196	179	2
180	182	2
183	180	2
180	191	2
182	181	3
181	183	3
181	184	2
181	210	1
182	183	1
182	184	1
263	182	3
356	182	2
388	182	1
183	185	1
186	183	2
183	218	3
184	186	3
187	184	2
185	187	1
185	290	3
185	247	2
186	187	1
188	186	1
187	188	2
187	189	1
187	228	2
254	187	3
189	188	2
191	188	3
189	190	3
192	189	1
289	189	1
192	190	2
190	333	2
190	286	1
192	191	1
191	194	3
193	192	2
192	195	3
333	192	2
193	195	1
196	193	1
398	193	3
193	347	3
194	196	1
194	197	2
195	197	3
315	195	2
304	195	2
195	373	1
196	198	1
198	197	1
199	197	1
197	346	3
199	198	1
200	198	2
201	198	3
235	198	3
251	198	2
201	199	2
199	202	3
200	201	3
202	200	3
200	203	3
202	201	1
201	203	1
204	201	2
201	337	1
203	202	2
204	202	3
202	394	2
202	251	2
202	376	2
205	203	1
206	203	3
287	203	3
204	205	3
204	207	3
204	304	1
206	205	3
207	205	3
208	205	3
208	206	3
209	206	1
272	206	3
208	207	1
207	209	3
208	210	3
211	208	1
211	209	1
212	209	3
212	210	2
211	213	3
212	213	3
212	215	1
212	340	2
214	213	1
213	216	3
213	327	2
215	214	2
214	217	3
215	216	2
215	218	3
216	217	1
216	219	2
236	216	3
218	217	2
219	217	3
356	217	1
218	220	2
218	366	1
218	263	3
218	260	1
398	218	2
219	220	1
221	219	2
219	227	3
324	219	2
222	220	2
226	220	3
392	220	1
222	221	2
221	223	1
279	221	2
223	222	2
222	224	1
222	380	2
223	225	1
259	223	1
314	223	3
224	225	3
224	227	3
390	224	3
226	225	1
228	225	1
225	247	1
256	225	3
326	225	2
226	227	1
226	228	2
346	226	3
228	227	1
227	229	3
227	230	2
227	331	2
227	382	3
228	229	3
230	228	2
230	229	2
229	231	1
229	232	3
229	245	1
230	232	1
311	230	3
301	230	1
233	231	1
231	277	1
341	231	3
234	232	3
232	235	1
233	234	2
233	235	1
355	233	2
235	234	3
234	237	2
234	256	1
275	234	1
235	237	2
235	255	2
236	238	3
236	239	2
239	237	3
240	237	3
238	239	2
238	241	2
239	240	1
242	239	2
239	366	1
240	242	3
373	240	3
376	240	2
243	241	3
241	244	2
241	289	2
244	242	1
242	245	2
344	242	1
242	387	1
243	245	2
342	243	3
245	244	2
246	244	3
244	280	3
247	245	1
248	245	2
246	248	3
249	246	3
248	247	3
247	250	3
288	247	1
248	249	3
250	248	3
248	251	3
249	251	2
249	331	1
368	249	3
252	250	2
250	253	3
250	351	3
253	251	1
354	251	1
254	252	2
255	252	2
254	253	3
253	255	2
256	253	3
254	256	2
255	256	3
255	258	1
256	258	2
257	258	2
259	257	3
267	257	1
257	391	1
260	258	1
261	258	1
258	271	3
259	260	1
262	259	2
260	262	2
260	263	2
260	390	3
261	263	1
261	264	3
277	261	3
262	263	2
262	264	1
265	262	1
264	263	3
263	266	3
265	264	3
266	264	1
267	264	3
265	267	2
386	265	2
266	267	3
268	266	1
269	266	2
293	266	3
266	352	3
266	387	2
267	268	3
267	270	1
281	267	3
268	269	3
270	268	3
271	268	3
269	271	3
272	269	3
272	270	1
273	270	3
272	271	3
274	271	2
272	274	3
272	345	2
272	394	1
275	273	3
276	273	3
337	273	1
276	274	1
275	274	2
277	275	3
276	278	3
276	279	1
312	276	3
278	277	2
277	280	3
278	279	3
281	278	3
281	279	3
280	281	2
283	280	3
282	281	3
284	281	3
283	282	2
284	282	3
282	388	1
284	283	1
286	283	2
286	284	3
284	287	2
298	284	3
286	285	2
287	285	3
288	285	1
285	349	3
287	286	1
288	286	1
287	289	1
290	287	1
288	290	3
288	370	2
289	291	2
292	289	3
290	291	1
290	292	2
290	373	3
292	291	2
291	293	3
291	368	1
293	292	1
292	295	2
294	293	3
296	293	2
293	317	1
296	294	1
296	295	2
295	297	2
295	298	2
340	295	2
297	296	2
296	299	3
296	375	2
297	298	3
299	297	1
297	300	2
300	298	3
300	299	3
301	299	1
302	299	2
302	300	1
303	300	3
300	358	3
303	301	3
304	301	3
304	302	2
305	302	1
304	303	3
305	303	1
303	306	3
306	304	2
305	306	2
305	307	1
308	305	2
306	307	1
309	306	1
308	307	2
309	307	1
307	310	3
310	308	1
308	311	2
309	310	1
311	309	1
309	312	3
310	312	3
310	313	1
381	310	3
311	313	3
323	311	2
312	314	3
312	315	1
313	314	2
315	313	2
313	316	2
314	316	3
317	315	1
318	315	1
318	316	1
318	317	3
317	319	1
318	319	3
318	320	2
318	321	1
321	319	3
322	319	3
321	320	2
322	320	2
320	323	3
322	321	3
323	321	2
324	321	3
322	323	3
325	322	2
323	325	2
323	391	2
326	324	1
327	324	1
325	326	1
328	325	1
327	326	2
329	326	1
327	328	2
327	330	3
330	328	1
329	330	2
329	332	1
329	383	2
330	331	2
330	332	1
364	330	2
332	331	2
334	331	3
332	334	1
332	335	3
334	333	1
333	336	3
333	395	2
334	335	1
334	336	1
334	337	1
336	335	1
335	338	1
336	337	1
339	336	1
337	339	3
337	360	2
338	339	1
341	338	1
339	340	1
342	339	3
341	340	2
340	343	2
374	340	2
342	341	2
341	344	3
342	343	1
344	342	2
345	342	1
343	344	3
343	345	2
343	346	2
344	346	2
347	344	3
346	345	2
345	348	3
346	347	1
348	346	1
349	346	3
347	349	2
392	347	2
349	348	2
348	351	2
349	350	3
349	352	3
350	352	3
350	353	3
350	383	2
353	351	3
354	351	2
352	353	2
352	355	2
353	354	2
353	355	3
356	354	2
355	357	2
358	355	3
356	358	2
356	361	1
358	357	3
359	357	2
357	360	2
359	358	1
361	358	1
358	372	2
359	360	2
362	359	2
360	362	2
360	363	3
363	361	2
362	364	3
396	362	1
363	365	2
366	363	2
364	366	3
366	365	2
367	365	3
368	365	1
367	366	2
368	366	1
368	367	2
367	369	2
370	367	3
369	368	1
368	371	3
371	369	1
370	371	3
373	370	1
373	371	2
380	371	3
371	389	3
374	372	1
375	372	2
375	373	3
376	373	1
380	373	3
374	375	1
374	377	3
375	376	1
378	375	2
378	376	2
379	376	1
377	378	1
377	379	1
378	379	1
380	378	3
381	378	1
380	379	1
379	381	3
380	382	2
381	383	1
384	381	2
382	383	1
382	385	1
383	384	3
383	386	2
384	385	3
384	386	2
384	387	2
385	386	1
385	388	3
387	386	1
386	388	3
389	387	1
390	388	1
391	388	3
389	391	2
390	392	2
393	391	3
391	394	2
392	393	2
392	395	3
393	394	3
395	393	3
393	396	2
394	395	2
397	394	3
397	395	2
398	395	2
398	396	3
396	399	3
398	397	1
397	399	1
