0	1	2
2	0	3
397	0	1
0	398	1
399	0	2
0	74	2
0	110	3
0	225	2
1	2	2
4	1	1
398	1	1
399	1	1
106	1	2
2	3	2
5	2	1
287	2	3
2	385	3
112	2	1
2	273	1
2	384	2
3	5	1
6	3	1
373	3	1
3	101	1
3	112	1
3	210	1
5	4	2
6	4	3
4	17	1
4	114	3
301	4	2
351	4	2
5	6	3
7	5	2
5	8	2
8	6	2
9	6	2
6	320	1
6	140	2
6	311	1
8	7	1
7	10	1
122	7	2
7	354	1
7	375	1
9	8	1
8	10	3
213	8	1
8	251	3
299	8	2
11	9	1
9	12	3
99	9	1
104	9	1
196	9	1
11	10	2
13	10	3
10	263	2
10	203	1
256	10	2
13	11	3
14	11	1
114	11	1
11	124	1
224	11	3
13	12	3
14	12	3
12	259	3
163	12	2
13	15	3
13	16	3
13	36	3
13	213	3
349	13	3
14	16	1
17	14	1
14	242	1
17	15	3
396	15	3
15	62	1
15	106	1
15	161	3
16	17	1
16	18	1
19	16	1
17	18	2
20	17	3
169	17	1
17	136	2
219	17	2
17	328	3
332	17	3
362	17	2
17	388	2
18	20	3
18	21	1
354	18	3
284	18	1
21	19	1
19	359	3
19	311	1
19	80	1
21	20	3
23	20	1
354	20	2
99	20	1
228	20	3
21	22	1
24	21	3
48	21	1
108	21	2
21	334	2
24	22	3
25	22	1
281	22	3
22	220	1
25	23	2
23	26	3
38	23	2
25	24	1
26	24	1
24	27	3
378	24	2
25	26	1
28	25	2
280	25	2
25	268	1
26	28	3
26	29	1
157	26	3
41	26	3
138	26	3
28	27	1
27	29	2
30	27	2
30	28	3
126	28	2
219	28	2
201	28	3
28	212	3
29	30	1
31	29	1
253	29	1
29	215	2
30	31	1
30	33	2
369	30	1
30	68	2
30	71	1
30	190	3
31	33	2
31	245	2
326	31	1
32	34	1
32	161	3
32	104	3
32	160	2
33	35	1
36	33	3
295	33	1
279	33	1
34	36	3
228	34	2
157	34	1
348	34	1
35	36	1
38	35	2
35	72	3
35	48	1
85	35	1
37	36	3
39	36	1
36	237	1
194	36	1
37	38	2
37	39	2
37	40	3
216	37	3
313	37	2
39	38	1
41	38	2
38	48	2
38	88	1
38	242	3
41	39	2
338	39	2
249	39	3
201	39	3
40	41	3
40	43	1
40	322	2
43	41	3
44	41	2
41	256	3
43	42	2
44	42	2
274	42	3
43	45	1
43	46	1
43	55	3
44	46	2
44	47	1
44	54	2
44	149	2
44	321	2
45	46	1
45	47	2
48	45	3
45	49	1
116	45	1
216	45	2
45	323	1
394	45	1
46	47	3
46	49	3
46	61	3
47	48	1
47	49	3
47	311	2
111	47	3
47	138	1
48	50	3
178	48	3
308	48	2
51	49	2
349	49	2
49	266	2
52	50	1
53	50	1
320	50	1
50	207	3
53	51	3
51	54	2
51	299	1
295	51	2
52	53	3
55	52	1
52	351	1
284	52	3
339	52	2
52	389	3
55	53	3
56	53	1
321	53	1
53	302	3
307	53	2
54	55	2
54	57	2
266	54	3
54	73	1
54	129	3
55	56	2
57	55	3
58	55	1
56	58	3
56	59	3
200	56	1
56	74	3
291	56	1
58	57	2
60	57	2
57	319	1
57	142	3
179	57	1
58	59	3
60	58	1
148	58	2
118	58	1
58	126	1
327	58	2
60	59	3
62	59	3
59	369	2
59	388	2
60	61	3
60	62	1
63	60	3
287	60	3
61	62	2
64	61	1
221	61	2
61	72	1
62	63	1
64	62	2
62	65	2
63	65	2
63	66	1
63	161	3
66	64	3
280	64	3
350	64	2
66	65	1
67	65	2
65	258	3
66	67	3
69	66	1
66	93	3
66	339	3
67	69	2
70	67	3
67	248	3
67	79	3
67	164	3
312	67	2
67	391	2
68	69	1
68	70	2
68	324	3
71	69	1
72	69	2
388	69	2
70	72	3
73	70	2
70	216	3
278	70	3
71	73	2
74	71	3
281	71	1
72	74	2
72	378	1
73	75	1
333	73	3
172	73	1
336	73	2
74	75	3
76	74	2
74	223	3
230	74	2
392	74	2
77	75	3
75	78	3
75	173	2
77	76	2
78	76	2
79	76	2
76	239	3
78	77	3
79	77	2
80	77	3
80	78	2
78	81	2
195	78	3
250	78	2
78	253	1
81	79	3
79	221	2
79	198	3
79	356	2
80	81	3
82	80	2
140	80	2
341	80	1
81	82	3
81	84	2
388	81	3
81	195	3
83	82	1
85	82	3
222	82	2
217	82	2
82	258	1
82	342	3
84	83	3
83	85	2
83	268	1
84	85	1
84	87	1
84	186	2
87	85	1
329	85	3
86	87	2
89	86	3
133	86	3
87	89	2
87	90	1
87	185	1
326	87	2
88	89	3
91	88	3
88	175	1
88	178	2
196	88	2
393	88	2
90	89	2
91	89	2
89	194	2
89	346	1
90	91	1
92	90	3
90	93	1
90	292	2
325	90	1
91	93	1
94	91	1
91	198	3
94	92	2
95	92	3
92	106	1
95	93	2
93	251	2
257	93	3
93	97	1
94	96	3
94	154	2
94	178	3
96	95	1
95	97	3
95	106	2
97	96	3
96	98	2
96	397	1
269	96	2
99	97	2
100	97	2
276	97	2
344	97	3
99	98	2
100	98	3
98	101	3
98	134	3
373	98	2
101	99	1
102	99	3
101	100	3
102	100	3
100	103	1
100	340	2
101	102	3
103	101	2
101	240	1
355	101	3
103	102	1
102	104	1
102	105	3
232	102	2
105	103	3
103	106	3
200	103	3
273	103	3
105	104	2
104	107	2
104	304	3
105	107	3
105	190	3
268	105	2
105	159	2
106	108	2
106	319	1
158	106	2
248	106	1
109	107	2
107	352	3
107	275	2
107	123	1
107	195	2
383	107	2
110	108	2
379	108	1
110	109	2
111	109	1
354	109	1
109	153	3
268	109	2
111	110	3
110	113	3
329	110	3
355	110	2
113	111	1
111	150	1
114	112	1
114	113	1
116	113	2
177	113	2
121	113	2
210	113	1
116	114	3
150	114	3
126	114	2
377	114	1
116	115	3
115	118	1
115	282	1
115	151	3
392	115	2
118	116	3
119	116	3
202	116	1
117	118	3
120	117	1
117	321	3
119	118	1
118	120	1
119	121	1
213	119	1
302	119	3
133	119	2
119	379	3
121	120	3
120	122	1
120	254	1
150	120	1
281	120	2
123	121	2
121	247	1
121	180	3
124	122	3
203	122	3
169	122	3
123	124	1
123	126	3
271	123	3
313	123	3
126	124	3
124	161	2
125	126	3
125	128	3
228	125	3
126	128	2
126	208	2
127	128	2
127	129	2
127	130	3
130	128	1
250	128	1
128	320	2
129	130	1
129	132	2
290	129	3
131	130	1
132	130	3
133	130	2
132	131	1
133	131	1
131	134	3
132	133	2
135	132	1
344	132	1
135	133	2
133	136	3
133	148	1
172	133	2
134	135	2
134	137	3
135	136	3
135	137	3
138	135	1
135	293	2
336	135	1
137	136	2
136	138	2
136	222	2
137	138	1
139	137	3
140	137	3
137	370	2
138	140	3
139	141	3
142	139	2
139	271	1
312	139	3
140	142	2
141	143	2
141	327	1
329	141	3
142	144	2
142	145	1
143	145	2
146	143	2
170	143	2
253	143	3
144	145	1
146	144	1
144	372	2
146	145	2
148	145	1
189	145	3
146	147	1
148	146	1
149	146	1
148	147	3
149	147	2
147	150	2
147	252	3
150	148	1
148	151	3
148	350	3
148	353	1
151	149	1
152	149	3
176	149	1
150	152	3
150	153	1
150	243	3
153	151	2
151	205	1
154	152	2
152	155	3
152	269	2
155	153	1
156	153	2
155	154	3
154	156	2
154	157	1
376	154	1
155	157	1
155	228	3
155	311	3
156	158	2
156	159	2
156	366	3
158	157	3
157	159	2
160	157	2
249	157	3
160	158	3
158	161	3
158	225	3
161	159	3
159	282	2
161	160	2
160	163	1
161	162	3
164	161	1
162	164	2
165	162	3
281	162	1
296	162	1
162	389	1
163	165	2
272	163	2
285	163	3
164	166	1
167	164	2
164	261	2
165	166	1
165	168	2
180	165	3
166	168	3
169	166	1
166	304	3
262	166	1
167	168	2
169	167	2
167	197	2
167	177	2
245	167	2
167	377	2
170	168	2
223	168	2
307	168	3
168	259	1
171	169	1
169	320	1
169	322	2
171	170	1
170	172	2
170	229	1
170	288	3
171	172	2
171	173	3
171	174	1
171	315	2
318	171	3
172	174	3
174	173	1
173	175	2
173	176	3
173	314	3
175	174	2
174	176	2
359	174	2
298	174	1
175	177	3
377	175	2
197	175	3
176	178	3
179	176	1
178	177	1
180	177	2
177	238	1
179	178	2
178	180	1
181	179	2
179	182	2
181	180	1
183	180	2
180	364	1
181	183	1
184	181	1
181	315	1
182	184	1
182	255	2
273	182	2
183	184	3
185	183	1
183	186	1
183	263	2
184	186	1
187	184	1
285	184	3
184	209	1
185	186	3
187	185	1
185	188	2
187	186	3
189	186	3
186	342	1
187	189	1
190	187	2
313	187	3
190	188	3
319	188	2
393	188	1
190	189	1
191	189	2
189	192	1
347	189	3
192	190	3
190	193	2
191	193	1
376	191	1
191	314	3
278	191	3
192	193	3
195	192	3
255	192	2
204	192	1
195	193	1
193	196	1
193	305	3
196	194	3
197	194	3
226	194	1
194	322	2
194	345	3
197	195	1
198	196	2
199	197	1
197	200	2
198	200	3
198	201	3
211	198	2
200	199	2
199	202	1
199	309	2
199	212	1
199	331	3
201	200	3
203	200	2
337	200	3
203	201	1
202	203	2
202	205	3
202	361	2
364	202	1
205	203	1
206	203	2
275	203	2
204	206	1
234	204	3
206	205	2
205	207	2
208	205	1
205	292	3
206	208	2
209	206	2
206	226	2
206	221	3
207	209	1
207	210	3
210	208	1
208	211	1
208	340	3
210	209	1
209	212	1
210	212	1
218	210	1
212	211	2
211	214	3
211	239	3
214	212	3
215	213	2
213	216	1
213	345	1
214	215	1
214	216	1
214	319	3
215	217	1
331	215	1
216	218	1
228	216	3
217	219	1
305	217	1
220	218	2
218	334	1
386	218	2
221	219	1
219	222	2
220	222	2
223	220	2
257	220	3
222	221	2
224	221	1
222	224	2
225	222	2
378	222	3
223	225	1
223	226	1
223	277	2
224	225	3
224	227	3
227	225	1
226	228	3
226	229	2
228	227	1
229	227	3
230	227	2
230	228	3
331	228	1
229	230	3
229	231	1
232	229	3
229	237	2
232	230	2
233	230	2
232	231	3
231	233	1
231	234	3
234	232	1
236	232	3
274	232	2
233	234	1
235	233	1
233	236	2
234	236	3
234	237	3
234	244	3
283	234	1
236	235	2
238	235	2
329	235	1
236	237	3
236	238	3
239	236	1
375	236	3
237	238	3
240	237	1
240	238	3
238	330	3
393	238	1
239	241	1
241	240	3
240	243	1
242	241	2
243	241	2
241	244	1
244	242	2
323	242	1
243	245	2
246	243	3
243	390	2
245	244	3
246	244	3
247	244	1
247	245	1
248	245	2
246	247	2
246	248	2
246	249	2
344	246	2
248	247	1
249	247	2
250	247	3
387	247	2
250	248	1
248	265	1
289	248	1
353	248	2
251	249	3
374	249	3
338	249	3
251	250	3
250	252	1
253	251	3
251	254	3
253	252	1
255	252	3
253	255	2
255	254	3
254	256	1
399	254	3
320	254	2
256	255	2
255	257	2
255	258	1
256	258	2
259	257	2
257	260	2
260	258	1
261	258	1
260	259	3
262	259	3
338	259	1
261	260	1
260	262	2
263	260	1
286	260	1
261	262	3
261	264	1
261	265	1
262	263	1
262	264	1
397	262	2
264	263	3
265	263	2
263	272	3
263	335	3
264	265	3
266	264	3
267	264	2
265	267	2
284	265	3
268	266	1
266	269	2
268	267	3
267	269	1
270	267	1
268	270	2
270	269	2
272	269	2
271	270	1
270	273	3
270	289	3
273	271	2
274	271	2
274	272	3
272	275	1
273	275	3
276	274	2
277	274	1
277	275	2
278	275	2
275	371	2
276	278	1
276	279	1
277	279	2
280	277	3
280	278	3
280	279	3
282	279	2
280	281	3
280	283	3
280	336	1
281	283	3
282	283	2
285	282	3
282	366	3
283	285	3
283	286	2
286	284	2
286	285	2
287	285	3
288	286	2
286	289	3
287	288	3
289	287	3
288	290	3
288	371	3
289	291	2
289	386	2
290	291	2
293	290	2
292	291	2
294	291	2
362	291	1
294	292	3
319	292	2
348	292	3
295	293	2
293	296	1
295	294	2
294	296	3
294	297	3
296	295	2
297	295	3
296	297	2
299	296	2
296	398	1
297	298	2
299	297	1
297	300	1
298	299	1
298	301	1
300	299	2
302	299	3
300	301	3
303	300	2
338	300	3
350	300	1
303	301	2
301	342	2
303	302	1
302	304	2
304	303	2
303	305	2
306	303	1
303	369	2
306	304	3
307	304	2
306	305	3
308	305	1
382	305	1
305	367	2
305	373	2
307	306	2
308	306	1
306	384	3
307	308	3
307	310	1
343	307	3
307	384	3
309	308	1
311	308	2
309	311	1
312	309	3
309	347	3
311	310	1
312	310	3
313	310	2
310	371	1
311	313	1
314	311	1
312	314	3
315	313	3
315	314	3
317	314	1
314	337	2
315	317	2
318	315	1
316	317	1
316	318	2
369	316	3
318	317	2
317	319	1
320	317	2
318	319	1
320	318	2
320	319	3
321	319	2
321	320	3
320	322	2
320	337	3
320	374	2
321	323	2
321	347	2
322	323	1
324	322	2
323	324	3
323	326	3
324	326	2
339	324	1
325	326	3
327	325	3
326	327	3
329	326	3
328	327	3
330	327	1
372	327	1
329	328	1
328	331	2
329	331	1
329	332	1
329	330	2
330	331	1
330	333	1
331	333	3
333	332	3
335	332	3
334	333	2
333	335	2
333	336	2
336	334	3
334	337	3
335	336	1
335	338	1
366	335	1
338	336	3
337	339	2
338	340	3
339	341	2
340	342	3
341	343	1
341	344	2
344	342	3
345	342	1
344	343	2
343	346	1
346	344	2
396	344	2
345	347	1
348	346	2
349	346	2
348	347	3
347	349	2
348	350	1
357	348	3
349	350	1
349	352	1
350	352	3
350	381	1
352	351	3
353	351	2
353	352	2
354	352	2
352	355	3
355	353	3
354	356	2
354	357	3
357	355	1
368	355	2
358	356	1
356	359	3
357	359	1
357	360	3
358	359	2
358	360	1
361	358	1
359	360	2
361	359	1
359	362	1
361	360	3
362	360	1
363	360	1
361	363	1
364	361	2
362	364	1
363	364	3
365	363	3
366	363	1
366	364	3
365	366	1
365	367	3
373	365	3
366	367	2
366	368	3
367	368	1
369	367	1
368	370	3
371	368	2
369	371	1
372	369	1
371	370	1
370	373	2
373	371	3
371	385	2
374	372	2
372	376	1
375	373	1
375	374	3
374	377	2
375	377	2
378	376	1
376	379	3
379	377	1
378	380	2
379	380	3
382	379	2
379	395	2
380	381	3
380	382	1
380	383	3
382	381	3
381	383	2
382	383	1
382	384	2
382	385	1
383	384	3
383	386	3
384	386	3
385	387	3
388	385	1
387	386	2
386	389	1
388	387	1
387	390	3
390	388	1
391	389	2
391	390	3
390	392	2
393	391	2
391	394	2
394	392	1
393	395	2
395	394	1
396	394	3
395	397	3
395	398	2
396	397	1
399	396	2
399	397	3
