1	0	3
0	3	3
0	398	1
0	399	2
0	113	3
137	0	1
160	0	3
3	1	3
4	1	2
398	1	2
399	1	1
325	1	1
115	1	1
192	1	3
2	3	1
4	2	2
2	399	2
37	2	1
2	204	1
3	5	2
6	3	1
94	3	1
3	41	3
3	163	2
3	203	1
3	225	3
300	3	1
4	6	2
4	7	1
263	4	1
4	173	2
5	6	3
5	8	2
5	123	2
6	7	1
6	8	2
6	9	1
195	6	1
6	304	2
8	7	1
7	9	2
10	7	3
351	7	1
9	8	1
8	10	3
8	337	2
8	36	1
358	8	1
8	384	3
10	9	3
9	11	1
9	12	2
222	9	1
9	319	3
12	10	2
10	13	3
10	126	3
37	10	3
138	10	1
10	261	2
12	11	2
11	13	2
11	14	3
12	14	3
122	12	3
263	12	2
12	257	2
13	15	2
13	16	2
13	213	3
15	14	1
17	14	3
62	14	2
15	17	1
393	15	1
15	77	2
16	18	1
16	320	2
16	277	1
17	19	1
17	297	1
357	17	3
18	19	3
21	18	3
361	18	1
18	281	1
19	20	1
21	19	1
227	19	1
21	20	1
22	20	1
20	196	3
26	20	3
178	20	2
355	20	3
21	22	2
21	23	3
355	21	3
21	38	2
21	306	3
23	22	1
22	25	2
22	206	2
22	90	1
25	23	1
23	26	3
23	212	1
26	24	3
27	24	2
163	24	3
24	200	1
24	225	3
361	24	3
27	25	3
220	25	3
108	25	3
25	55	3
26	27	3
26	29	3
83	26	3
128	26	3
190	26	2
26	208	2
353	26	2
28	27	2
29	27	3
315	27	1
51	27	3
208	27	2
28	30	3
31	28	2
28	390	2
68	28	3
213	28	3
28	381	2
31	29	2
29	110	1
270	29	3
360	29	1
30	32	1
30	155	2
218	30	1
33	31	1
31	72	1
31	267	2
33	32	2
32	35	2
71	32	2
32	72	3
32	94	3
215	32	2
326	32	3
34	33	2
33	35	2
33	49	3
33	259	1
34	36	3
34	37	3
320	34	1
244	34	1
36	35	2
35	37	1
35	38	2
35	76	2
36	37	1
39	36	3
262	36	1
36	296	3
37	39	2
274	37	2
39	38	2
38	41	1
193	38	2
347	38	1
352	38	3
41	39	3
39	42	3
39	370	1
39	190	3
282	39	1
41	40	1
40	43	3
40	266	1
40	386	3
43	41	3
41	44	1
43	42	2
42	44	2
42	317	3
44	43	3
45	43	1
46	43	3
43	254	2
382	43	3
44	45	3
46	44	2
47	44	2
45	47	3
45	48	2
45	262	3
46	48	3
46	49	2
263	46	2
46	50	1
243	46	2
369	46	3
47	49	1
50	47	1
47	332	1
48	49	2
48	51	1
233	48	2
51	49	2
52	49	3
49	286	1
49	337	2
51	50	3
53	50	1
51	53	3
286	51	1
143	51	1
198	51	2
54	52	3
52	203	1
52	312	2
124	52	2
52	126	1
132	52	2
213	52	1
265	52	2
55	53	3
56	53	2
53	365	1
235	53	3
54	55	1
54	57	1
54	209	2
54	175	1
55	57	3
55	58	1
58	56	1
56	275	3
355	56	1
255	56	2
58	57	2
59	57	2
57	60	3
111	57	1
57	344	2
58	59	3
60	58	2
58	61	2
189	58	1
58	361	2
59	61	2
59	62	1
220	59	2
60	61	3
60	63	3
60	351	3
349	60	2
61	63	1
64	61	3
61	99	2
61	212	2
62	64	1
65	62	3
132	62	2
62	96	3
64	63	2
63	65	2
343	63	2
63	103	1
63	283	2
379	63	2
66	64	1
228	64	1
157	64	3
140	64	2
65	66	1
65	68	2
65	137	3
68	66	3
69	66	1
66	243	2
68	67	2
69	67	2
70	67	3
70	68	2
68	381	2
375	68	3
70	69	3
72	69	1
69	291	2
71	70	3
70	73	2
70	260	3
388	70	2
72	71	3
71	74	3
383	71	3
71	176	1
378	71	3
74	72	2
79	72	3
328	72	3
75	73	3
73	76	2
149	73	1
76	74	1
74	77	1
177	74	2
74	368	1
77	75	1
75	78	3
325	75	3
76	78	1
175	76	1
114	76	2
343	76	2
76	344	2
77	79	2
80	77	3
77	267	3
77	260	2
78	80	2
373	78	2
193	78	1
78	237	1
78	348	2
79	81	1
79	82	1
332	79	1
79	234	1
81	80	1
80	82	2
229	80	3
102	80	1
120	80	1
342	80	3
80	372	1
83	81	3
81	84	2
357	81	3
84	82	3
85	82	1
329	82	1
82	270	3
377	82	2
85	83	3
83	274	2
100	83	3
84	85	2
86	84	1
84	93	1
276	84	3
86	85	3
85	87	1
85	88	1
87	86	1
86	88	3
208	86	3
89	87	1
87	238	3
322	87	2
89	88	1
90	88	3
88	378	1
91	89	3
304	89	2
89	269	2
90	91	3
93	90	1
93	91	3
91	306	2
91	321	2
144	91	2
92	93	1
95	92	3
177	92	3
92	263	1
94	93	1
93	96	2
129	93	2
93	182	2
318	93	3
96	94	1
97	94	1
177	94	2
96	95	3
95	98	1
358	95	2
95	115	1
96	97	2
96	98	3
99	97	3
100	97	1
97	113	1
97	103	2
100	98	3
98	101	3
98	365	1
151	98	2
98	316	2
356	98	2
99	100	1
101	99	1
200	99	2
99	167	2
100	102	1
187	100	1
100	174	2
102	101	2
101	104	3
101	224	3
101	340	3
104	102	1
102	105	3
102	188	3
217	102	1
102	230	3
105	103	3
166	103	1
104	106	3
386	104	2
104	152	2
104	339	2
107	105	1
108	105	2
385	105	2
105	230	1
107	106	1
106	108	3
213	106	3
107	108	2
107	109	2
110	107	3
107	189	2
374	107	3
110	108	2
108	111	2
108	340	2
108	307	2
380	108	2
109	110	2
109	112	1
340	109	3
109	240	3
363	109	3
112	110	1
110	360	3
259	110	3
110	393	2
112	111	1
114	111	1
112	113	1
114	112	3
116	112	2
112	392	1
114	113	1
116	113	1
240	113	3
113	161	3
114	115	1
114	116	1
179	114	3
117	115	1
157	115	1
115	203	1
297	115	2
116	118	3
116	119	1
363	116	3
116	258	3
116	305	1
117	119	1
117	120	1
342	117	3
127	117	1
176	117	2
192	117	1
329	117	2
120	118	2
118	398	1
189	118	3
121	119	1
122	119	3
347	119	1
315	119	3
122	120	2
120	123	3
196	120	2
248	120	2
321	120	2
122	121	3
121	123	3
121	124	1
121	302	1
122	123	2
122	124	3
345	122	2
123	125	3
123	126	1
123	254	1
291	123	2
126	124	1
127	124	2
127	125	2
125	387	2
125	330	1
126	128	3
129	126	1
197	126	3
128	127	1
127	130	2
127	295	2
130	128	2
195	128	1
130	129	2
131	129	3
267	129	1
129	144	2
164	129	3
129	396	2
132	130	2
130	133	2
334	130	3
130	211	3
132	131	1
133	131	2
131	134	3
264	131	1
132	133	1
132	135	3
133	134	1
135	133	1
133	136	3
134	135	3
136	134	1
197	134	3
134	241	3
136	135	3
138	135	3
135	293	2
136	137	2
136	139	3
136	235	3
136	282	3
136	293	3
138	137	1
140	137	3
137	191	3
138	139	1
141	138	1
138	150	2
139	140	1
142	139	1
139	271	3
142	140	3
140	169	3
143	141	3
201	141	1
327	141	2
142	144	3
142	160	3
303	142	1
142	245	1
329	142	2
144	143	3
145	143	3
146	144	1
146	145	1
148	145	2
254	145	2
184	145	1
146	147	3
149	146	3
146	257	3
146	334	1
149	147	2
147	150	3
147	292	2
306	147	3
148	149	3
148	151	1
148	374	1
280	148	1
149	150	3
149	152	3
323	149	2
152	150	1
153	150	2
153	151	1
151	190	1
152	153	3
155	152	2
152	325	3
209	152	3
152	279	2
153	155	2
231	153	3
222	153	3
154	156	3
157	154	1
242	154	1
154	232	3
156	155	3
157	155	2
339	155	2
159	155	3
157	156	3
156	158	2
156	159	2
156	292	2
156	398	3
158	157	3
157	160	1
158	159	3
160	158	1
158	161	2
160	159	1
162	159	3
159	195	1
162	160	1
160	163	3
299	160	2
161	162	1
161	164	2
210	161	2
161	296	1
164	162	1
162	165	3
280	162	3
163	165	1
314	163	3
164	166	1
164	172	1
165	166	2
168	165	2
165	314	1
320	165	1
166	168	2
166	288	2
166	346	1
169	167	3
170	167	2
168	169	1
171	168	3
168	215	1
168	196	2
168	206	3
169	170	2
169	171	3
172	169	2
171	170	3
172	170	1
170	343	2
171	172	3
173	171	3
171	174	3
174	172	2
172	175	1
172	260	2
172	365	1
173	175	2
328	173	3
174	176	2
174	177	2
175	176	3
175	177	1
284	175	3
178	176	2
177	179	3
177	342	3
179	178	2
178	181	3
179	181	3
217	179	2
179	362	2
180	181	1
180	182	3
183	180	2
181	182	3
184	181	1
181	237	1
184	182	2
312	182	1
184	183	2
183	185	2
183	186	1
394	183	3
184	185	1
186	184	3
185	187	1
331	185	2
229	185	1
185	232	1
186	187	3
188	186	3
269	186	3
188	187	1
187	189	3
187	190	1
187	304	2
189	188	2
188	191	2
188	325	1
191	189	2
190	192	1
360	190	2
191	193	2
194	191	1
294	191	1
194	192	1
364	192	1
192	388	2
193	194	1
195	193	3
195	194	3
194	196	2
197	194	2
195	197	3
198	196	1
197	199	2
197	395	3
199	198	3
201	198	2
199	200	1
201	199	3
199	212	2
201	200	1
203	200	1
241	200	1
201	202	2
201	203	1
204	201	3
203	202	1
204	202	1
205	202	1
203	205	3
203	364	2
205	204	3
206	204	2
205	206	1
207	205	1
205	208	1
206	208	3
209	206	1
206	252	2
206	349	1
207	208	1
209	207	3
207	210	2
319	207	2
208	210	3
285	208	2
208	327	2
209	211	3
209	212	1
212	210	1
210	219	1
211	213	3
211	249	3
214	212	3
212	329	3
340	212	2
215	213	3
214	216	3
217	214	3
214	313	1
217	215	1
215	218	2
216	217	1
219	216	3
216	336	2
216	377	3
219	217	2
220	217	3
219	218	2
221	218	3
218	352	3
390	218	3
221	219	2
222	219	1
219	383	2
231	219	3
220	221	2
222	220	2
220	223	2
235	220	3
327	220	3
222	221	3
221	223	1
387	221	3
222	224	3
225	222	1
224	223	2
225	223	3
223	226	2
223	278	1
223	391	3
225	224	1
224	226	3
224	227	3
224	301	2
227	225	2
227	226	1
228	226	3
232	226	1
227	228	1
227	230	1
227	332	1
366	227	1
371	227	1
229	228	1
228	230	1
228	231	1
230	229	3
231	229	2
229	232	1
232	230	2
232	231	2
231	234	2
234	232	3
233	234	1
233	235	2
236	233	1
235	234	1
234	237	1
237	235	2
235	285	1
236	237	3
238	236	1
239	236	2
237	238	1
237	240	1
238	239	2
241	238	3
238	254	2
241	239	2
239	242	1
399	239	1
241	240	2
240	243	3
241	243	1
385	241	3
242	243	1
244	242	1
245	242	2
314	242	3
245	243	3
243	246	3
245	244	3
247	244	2
244	367	2
372	244	3
245	247	2
245	248	2
245	303	1
247	246	3
246	249	1
246	262	3
247	248	3
247	249	2
247	322	2
286	247	3
249	248	3
251	248	3
251	249	3
249	346	1
249	363	2
251	250	1
250	252	1
250	253	3
252	251	1
251	253	3
251	254	2
251	317	1
251	381	1
252	254	3
255	252	3
254	253	3
255	253	2
256	253	2
254	255	2
257	254	3
255	257	3
258	255	1
309	255	3
255	395	2
256	258	2
259	256	3
256	356	3
257	258	2
260	257	1
258	260	2
258	384	3
261	259	2
259	262	2
260	262	1
392	260	1
263	261	1
261	264	1
297	261	3
262	264	1
317	262	2
265	263	3
266	263	1
264	265	2
264	266	2
357	264	2
265	267	2
265	389	1
268	266	2
269	266	1
396	266	1
267	269	3
267	270	1
288	267	2
268	269	2
268	270	3
291	268	1
270	269	1
269	271	1
272	269	1
270	272	1
270	273	3
271	272	1
271	273	2
274	271	3
311	271	2
271	356	3
273	272	3
275	272	1
377	272	3
273	274	3
273	275	2
273	276	1
275	274	2
276	274	2
277	274	1
276	275	3
275	277	3
358	275	2
276	277	2
276	279	1
278	277	2
279	277	2
280	277	1
279	278	1
281	278	3
280	279	2
282	279	2
281	280	2
280	283	2
365	280	1
283	281	3
281	284	2
284	282	2
283	285	2
283	286	2
298	283	1
284	285	3
284	287	1
284	301	2
287	285	3
348	285	1
287	286	2
286	289	3
309	286	2
288	287	3
289	287	3
290	287	2
288	289	1
288	291	3
300	288	2
322	288	3
288	331	1
288	350	1
387	288	2
289	290	3
291	289	1
289	292	2
290	291	2
292	290	2
293	290	2
293	291	1
294	291	3
294	292	1
295	292	1
294	293	2
296	293	3
294	296	3
297	294	3
294	375	3
296	295	3
297	295	1
298	296	3
299	297	1
300	298	3
301	298	1
330	298	2
298	354	2
299	300	1
299	302	2
302	300	3
303	300	1
303	301	2
302	304	3
302	305	3
303	305	1
306	303	3
306	304	2
305	306	1
307	305	2
306	308	2
307	308	1
310	307	3
307	342	2
309	308	1
308	310	1
308	311	1
309	311	3
337	309	2
311	310	1
312	310	2
313	310	1
312	311	2
311	313	1
313	312	3
314	312	2
315	312	1
312	317	3
312	322	3
314	313	3
315	313	3
313	316	1
314	315	1
314	317	2
315	316	1
315	318	3
315	335	2
316	318	3
316	319	3
319	317	3
318	320	2
344	318	2
319	321	2
320	322	1
320	323	3
345	320	3
370	320	2
321	322	3
323	321	1
324	322	2
324	323	3
323	325	2
326	323	2
325	324	1
324	327	2
342	324	1
325	326	1
327	325	1
325	338	1
328	326	1
326	329	2
327	329	3
328	329	1
331	328	3
385	328	1
329	331	3
331	330	2
332	330	3
333	331	2
331	355	3
332	334	1
335	332	1
332	374	2
334	333	1
335	333	1
336	333	1
334	335	1
337	334	2
337	335	1
335	338	3
335	355	2
336	337	3
336	338	2
336	339	1
337	339	3
338	340	1
341	338	3
340	339	1
339	342	1
340	342	2
362	340	3
341	342	2
341	344	2
341	355	3
342	344	1
345	343	3
343	382	3
344	346	3
347	345	3
345	348	3
348	346	3
346	349	1
349	347	2
347	350	3
350	348	3
371	348	2
351	349	3
349	354	1
351	350	1
350	353	3
351	353	3
354	351	3
352	353	2
352	355	2
353	354	3
353	355	2
356	354	2
355	357	1
356	358	3
357	358	2
357	360	3
358	359	2
358	361	1
359	360	2
359	361	2
362	359	1
360	362	2
361	363	3
362	364	3
363	364	3
366	363	3
366	364	1
365	367	2
366	367	2
366	369	1
368	367	2
367	370	1
368	369	1
368	370	2
370	369	2
369	372	3
369	392	2
370	372	3
373	370	1
373	371	1
374	372	2
376	372	1
373	374	3
375	373	2
376	373	1
375	374	2
374	377	2
376	375	2
375	378	3
377	376	3
376	379	3
379	377	1
379	378	1
381	378	2
379	380	3
381	379	2
382	380	2
383	380	1
381	383	2
382	383	1
382	385	2
384	383	1
383	385	3
386	383	3
384	386	2
384	387	1
385	387	1
386	387	1
389	386	1
389	387	3
390	387	1
390	388	2
389	390	2
391	389	2
389	392	2
390	392	2
390	393	2
391	392	3
393	391	2
392	394	2
394	393	2
395	393	2
394	395	1
394	396	1
396	395	1
398	395	3
397	396	3
396	399	1
398	397	1
399	397	1
