1	0	2
0	2	1
0	3	3
0	398	1
0	263	1
314	0	1
2	1	1
4	1	2
398	1	1
391	1	1
205	1	2
1	76	1
89	1	3
1	373	2
2	4	2
399	2	2
310	2	2
233	2	3
2	78	3
5	3	1
15	3	2
329	3	1
345	3	1
5	4	2
4	7	2
4	56	2
4	299	2
5	7	1
5	239	2
92	5	1
6	8	1
6	9	3
6	92	2
365	6	3
7	8	2
9	7	2
7	10	3
10	8	2
11	8	2
8	356	1
9	11	3
9	20	2
177	9	3
11	10	2
10	13	1
10	294	1
11	12	1
11	14	3
16	11	2
13	12	3
14	12	1
12	15	2
12	145	2
13	15	3
13	63	1
13	236	2
15	14	3
14	17	3
14	108	3
16	15	2
17	15	1
15	18	3
23	15	2
125	15	2
15	151	3
16	17	2
19	16	2
168	16	3
158	16	1
357	16	2
17	18	3
17	20	2
17	329	1
17	254	1
18	19	2
18	20	1
55	18	3
214	18	1
18	263	2
19	21	2
19	22	2
49	19	1
20	21	3
20	22	1
20	23	2
23	21	2
21	24	1
100	21	3
236	21	1
22	24	1
22	25	2
22	122	1
137	22	2
392	22	3
23	24	2
26	23	1
170	23	1
24	26	2
284	24	1
134	24	2
24	178	3
278	24	1
25	27	2
25	37	2
25	94	1
27	26	2
29	26	3
209	26	3
52	26	2
27	28	3
27	30	2
27	112	1
147	27	2
28	29	1
30	28	3
28	31	2
28	40	1
313	28	1
29	31	3
29	249	3
154	29	2
32	30	1
30	33	2
30	119	3
188	30	1
33	31	2
34	31	3
31	87	2
385	31	1
34	32	3
32	35	2
32	120	3
32	186	3
33	35	1
36	33	3
68	33	2
265	33	1
34	35	2
34	37	1
254	34	3
81	34	3
36	35	1
35	38	3
35	283	3
38	36	1
234	36	2
336	36	2
38	37	1
37	40	3
295	37	1
38	40	3
41	38	2
120	38	3
38	250	2
38	395	2
41	39	3
39	42	2
352	39	2
40	42	3
43	40	3
42	41	2
44	41	3
41	110	1
41	96	2
213	41	1
41	239	2
41	337	3
44	42	2
47	42	2
42	279	2
42	353	2
44	43	2
43	45	2
43	390	2
45	44	1
44	47	1
44	79	2
45	47	2
45	238	1
259	45	1
46	48	1
220	46	3
46	63	3
47	48	3
47	50	1
132	47	3
73	47	3
47	256	2
48	50	2
151	48	1
48	298	2
128	48	2
49	50	1
52	49	1
240	49	2
52	50	3
50	53	2
345	50	3
52	51	3
51	53	2
54	51	2
52	54	2
52	290	3
97	52	1
52	99	3
53	55	1
53	56	3
243	53	1
54	56	1
54	57	2
54	358	2
56	55	1
55	58	3
55	162	2
124	55	3
56	58	1
56	59	1
56	176	1
211	56	2
58	57	3
57	59	3
60	57	1
68	57	2
58	59	1
58	61	2
58	277	2
59	61	3
59	62	1
59	348	3
61	60	1
62	60	3
396	60	3
60	151	1
62	61	1
63	61	2
61	64	2
368	61	1
63	62	2
64	62	2
62	65	1
64	63	2
63	66	2
346	63	1
63	367	2
64	65	3
66	64	1
190	64	2
66	65	1
65	68	1
145	65	2
171	65	1
66	68	2
66	243	1
181	66	3
67	69	2
218	67	1
233	67	1
67	77	2
68	69	3
68	71	2
192	68	2
250	68	2
70	69	3
69	72	1
69	167	3
234	69	1
69	388	2
70	72	1
73	70	2
254	70	3
71	73	3
85	71	2
384	71	2
71	343	1
72	73	3
74	72	1
315	72	2
72	319	2
73	74	3
76	73	3
312	73	3
366	73	3
76	74	3
77	74	3
119	74	2
141	74	1
76	75	2
75	77	1
211	75	3
75	118	1
78	76	1
79	76	3
76	194	2
79	77	2
80	77	3
78	80	2
78	139	3
244	78	1
78	321	3
79	80	2
79	82	1
79	85	2
150	79	2
80	81	1
80	82	1
238	80	2
314	80	3
80	336	2
82	81	2
83	81	3
129	81	2
150	81	2
82	84	2
129	82	3
372	82	3
345	82	3
83	84	1
83	85	1
83	117	3
84	86	1
180	84	1
84	200	3
85	86	2
85	88	2
85	258	2
88	86	1
89	86	2
93	86	1
87	89	1
87	90	2
87	121	3
88	89	1
90	88	2
91	88	2
88	185	1
397	88	3
91	89	2
121	89	1
89	274	1
89	377	2
90	92	2
179	90	2
90	324	1
334	90	3
91	92	1
94	91	3
91	129	2
92	93	3
94	92	3
92	95	1
382	92	2
95	93	2
325	93	1
371	93	2
95	94	2
96	94	1
94	97	3
94	386	3
95	97	1
95	98	1
130	95	3
218	95	2
97	96	3
99	96	3
106	96	1
190	96	3
202	96	3
290	96	2
99	97	1
353	97	2
97	232	2
98	99	2
100	98	3
98	101	2
309	98	1
329	98	2
99	101	2
220	99	1
99	111	2
101	100	2
103	100	3
351	100	2
102	101	1
103	101	2
101	104	2
103	102	2
105	102	1
102	345	2
268	102	1
103	105	1
103	151	1
116	103	3
103	252	2
104	105	1
107	104	3
104	180	1
105	106	1
107	105	3
369	105	1
182	105	2
105	195	3
105	392	3
106	108	3
167	106	1
122	106	2
109	107	2
248	107	1
107	183	2
107	240	3
107	277	1
107	288	3
108	110	1
108	200	2
108	164	3
108	380	3
110	109	3
111	109	1
109	112	3
134	109	1
109	394	1
110	112	1
110	113	2
110	377	2
222	110	2
112	111	1
111	113	2
319	111	1
320	111	2
112	113	3
114	112	3
115	112	2
113	115	2
113	116	2
144	113	1
292	113	2
115	114	1
116	114	3
117	114	2
114	160	1
114	181	3
115	116	1
115	117	2
347	115	2
115	339	3
117	116	2
118	116	3
116	119	3
119	117	3
120	117	3
365	117	2
341	117	2
119	118	1
121	118	1
118	253	2
261	118	3
119	120	1
122	119	3
223	119	3
120	122	1
123	120	1
120	162	1
120	149	1
120	347	3
122	121	3
121	123	3
124	121	2
122	123	3
122	125	3
201	122	3
124	123	1
126	123	1
232	123	2
314	123	1
126	124	2
274	124	3
130	124	1
126	125	3
128	125	1
125	156	3
127	126	1
126	129	3
187	126	2
126	209	2
298	126	3
390	126	2
127	129	2
130	127	2
156	127	3
127	395	2
130	128	3
150	128	2
129	130	1
132	129	2
129	374	3
130	132	3
130	202	1
293	130	3
131	132	3
131	133	1
131	390	3
131	349	2
133	132	3
134	132	2
135	132	1
132	335	1
132	384	2
134	133	2
135	133	1
136	133	1
203	133	3
136	134	1
134	137	3
135	136	2
137	135	3
135	138	2
138	136	1
139	136	3
136	290	3
153	136	2
139	137	2
271	137	1
139	138	3
138	140	3
141	138	2
138	297	2
141	139	1
292	139	3
139	349	2
141	140	3
140	143	2
140	264	3
141	142	1
144	141	3
142	143	3
144	142	1
145	142	1
177	142	1
142	191	3
142	389	1
143	144	3
143	145	1
143	222	3
145	144	3
147	144	2
144	188	2
144	165	2
230	144	3
145	147	3
148	145	3
172	145	2
146	147	1
148	146	2
146	149	2
224	146	1
146	296	2
300	146	3
148	147	2
149	147	1
150	148	3
148	151	3
251	148	1
287	148	1
149	150	1
152	149	2
376	149	2
152	150	3
328	150	2
151	153	2
154	152	1
152	155	2
152	200	2
153	155	2
153	156	1
154	156	1
154	157	3
154	335	3
155	156	2
155	157	3
265	155	1
273	155	1
156	157	3
156	158	3
157	159	2
157	160	3
167	157	1
160	158	2
158	161	3
159	160	1
159	161	1
159	332	2
159	231	2
162	160	2
160	163	1
163	161	3
161	164	3
277	161	2
228	161	2
162	163	3
162	164	3
162	165	2
164	163	1
165	163	2
270	163	2
164	165	2
167	164	2
164	245	2
352	164	1
167	165	1
165	352	1
166	168	3
166	330	1
166	211	3
338	166	2
167	169	1
167	170	1
167	375	2
270	167	1
169	168	3
168	171	1
341	168	1
169	170	3
169	171	2
169	312	2
169	362	1
170	171	1
173	170	3
171	172	3
174	171	2
174	172	1
172	175	3
383	172	3
174	173	2
175	173	3
173	176	3
173	302	3
173	304	1
174	175	3
174	176	2
174	177	2
175	176	2
175	177	1
354	175	2
175	184	1
175	217	2
220	175	3
301	175	3
177	176	1
178	176	2
176	283	2
176	219	1
177	179	3
180	177	3
178	179	1
178	181	2
179	181	3
182	179	3
179	371	3
374	179	1
179	384	3
180	181	2
182	180	2
180	183	2
180	271	3
181	182	2
183	181	1
181	189	1
181	323	1
182	184	2
185	182	2
182	324	2
184	183	3
183	186	1
392	183	2
192	183	2
185	184	2
184	187	1
211	184	3
297	184	1
185	187	1
185	188	3
249	185	2
185	259	1
187	186	2
186	188	2
187	189	3
187	190	1
187	286	2
187	342	2
189	188	2
188	190	1
279	188	2
188	362	1
188	387	3
191	189	3
192	189	2
190	191	3
190	192	1
191	192	3
193	191	2
191	237	1
191	361	1
194	192	3
195	193	2
196	193	2
291	193	3
193	305	3
194	196	2
197	194	3
196	195	1
197	195	2
196	198	3
199	196	3
196	315	2
257	196	1
197	199	2
200	197	1
197	235	3
197	226	3
198	199	1
200	198	3
198	201	2
198	212	1
223	198	2
200	199	2
201	199	3
199	202	3
200	202	3
200	203	1
338	200	2
201	202	3
204	201	3
202	204	2
205	202	3
203	204	1
203	205	2
204	205	2
204	207	2
316	204	3
206	205	2
205	208	3
205	399	3
205	217	1
205	241	3
208	206	1
209	206	2
206	340	3
207	206	2
209	207	3
325	207	2
207	216	2
227	207	1
209	208	1
208	210	1
211	208	3
209	211	2
209	212	3
363	209	3
211	210	2
212	210	2
210	213	3
211	213	3
214	212	2
235	212	1
213	215	2
216	213	1
216	214	2
214	217	2
215	217	2
215	242	1
221	215	3
216	218	3
219	216	1
221	216	2
219	217	3
218	220	3
218	367	3
243	218	3
219	221	2
333	219	1
221	220	3
223	220	2
306	220	3
221	222	3
224	221	2
222	224	3
222	344	3
224	223	3
226	223	3
317	223	1
223	327	2
224	226	1
326	224	2
224	247	1
225	226	1
227	225	3
228	225	2
226	227	1
226	229	1
227	229	2
230	227	2
228	230	2
327	228	1
229	230	3
229	231	2
229	284	1
229	289	1
229	371	1
232	230	1
233	230	3
233	231	3
254	231	2
231	283	3
234	232	2
232	235	2
233	235	1
233	236	3
233	286	3
318	233	3
236	234	1
234	237	3
234	244	2
370	234	2
235	236	3
235	237	1
399	235	1
238	236	3
236	239	3
237	239	2
237	240	1
358	237	1
238	239	3
241	238	3
238	382	3
239	240	2
242	239	1
242	240	2
240	351	3
241	242	2
241	243	3
241	337	3
242	243	2
244	242	2
283	242	1
245	243	1
243	246	2
243	343	1
246	244	1
245	246	2
245	247	3
245	248	1
245	266	1
247	246	3
246	249	3
246	351	2
315	246	1
336	246	3
247	249	1
250	247	3
250	248	3
248	251	1
248	275	2
249	251	2
252	249	2
252	250	3
312	250	1
253	251	3
254	251	1
337	251	1
252	253	3
252	255	1
253	255	1
253	256	1
253	340	2
254	256	1
289	254	1
254	294	3
328	254	2
255	256	2
257	255	2
255	287	3
258	256	1
259	256	3
291	256	1
257	258	2
257	260	3
259	258	1
260	258	3
258	261	2
260	259	1
262	259	1
261	260	2
260	262	2
260	263	3
263	261	3
264	261	2
261	387	2
262	264	2
262	265	2
262	332	3
263	265	2
266	263	3
281	263	2
302	263	1
369	263	3
264	265	3
266	264	1
264	267	1
265	267	1
265	268	1
266	267	2
266	269	2
267	268	3
269	267	3
267	270	1
268	270	2
271	268	3
275	268	1
268	284	3
268	292	1
269	270	3
269	271	2
272	269	1
271	270	3
273	270	1
272	271	3
274	271	3
272	273	1
272	275	1
272	287	3
275	273	1
273	276	2
274	275	1
274	276	3
275	276	1
278	275	1
277	276	3
278	276	1
276	388	3
277	279	2
277	280	3
279	278	2
278	281	3
281	279	1
279	282	3
282	280	1
280	322	2
280	359	2
281	283	3
281	319	1
283	282	1
284	282	3
282	285	1
285	283	2
286	283	2
284	286	1
287	284	1
285	286	1
287	285	1
288	285	2
286	287	3
288	286	2
286	289	2
287	289	1
287	290	2
288	289	3
290	288	1
290	289	1
289	292	3
292	290	2
335	290	2
292	291	3
294	291	2
292	294	2
351	292	3
295	293	1
293	296	1
296	294	3
297	294	2
323	294	2
296	295	3
295	297	3
298	295	1
297	296	3
296	298	3
297	299	3
340	297	1
299	298	1
298	301	3
299	301	1
302	299	1
299	303	1
301	300	1
303	300	1
302	301	1
301	304	1
304	302	1
303	304	1
306	303	1
306	304	1
307	304	3
305	307	2
383	305	1
307	306	1
309	306	1
348	306	1
393	306	3
309	307	1
310	307	1
307	358	2
309	308	1
310	308	3
308	311	3
309	310	1
309	312	1
310	311	2
310	312	1
310	313	1
311	312	1
313	311	1
311	314	1
314	312	3
313	314	1
313	316	2
313	315	3
365	313	3
316	314	1
315	317	1
315	394	1
316	317	3
316	318	2
319	316	2
317	318	3
319	317	3
318	320	1
321	318	1
321	319	1
320	321	3
320	323	1
322	321	2
321	323	2
323	322	3
325	322	1
322	346	1
323	325	3
324	326	1
327	324	3
325	326	3
327	325	1
328	325	3
326	328	3
329	326	1
346	326	3
396	326	3
327	329	2
330	327	2
328	330	1
331	329	2
332	329	1
331	330	3
330	333	1
330	389	3
332	331	1
331	333	2
331	377	2
332	333	1
334	332	1
335	332	2
333	334	1
333	335	1
336	333	1
333	355	2
334	336	3
334	337	3
335	336	3
338	335	3
338	336	1
337	339	3
338	339	2
338	340	1
339	340	1
339	342	2
342	340	1
343	341	2
344	341	2
375	341	3
342	344	3
342	345	3
345	343	1
345	344	1
344	346	3
344	363	2
344	351	2
345	347	3
346	347	3
348	346	3
349	346	1
349	347	2
347	350	3
347	355	3
348	350	1
348	351	2
349	351	3
352	349	1
378	349	1
351	350	3
352	350	2
353	350	2
353	351	1
352	353	3
352	354	2
353	354	3
353	355	2
353	366	2
354	355	3
354	357	2
368	354	1
355	357	3
359	355	1
357	356	1
358	356	1
359	356	3
359	357	1
357	360	1
359	358	1
361	358	2
360	359	1
359	362	3
361	360	3
360	362	1
360	363	1
362	361	2
363	361	1
364	361	2
364	362	1
364	363	1
365	363	2
364	366	1
364	367	1
367	365	1
368	366	2
367	369	2
380	367	3
369	368	2
368	370	3
369	370	3
369	371	2
371	370	3
373	370	1
371	373	1
371	374	1
372	373	1
375	372	2
372	384	2
374	373	1
376	373	1
374	376	1
375	376	3
375	377	2
378	376	3
376	379	1
377	378	3
377	380	1
378	379	2
381	378	3
380	379	2
381	379	3
382	379	1
380	381	2
383	380	1
381	382	1
383	381	2
384	381	1
382	383	3
385	382	3
385	383	2
383	386	3
384	386	2
386	385	2
388	385	3
387	386	2
386	388	2
389	387	2
388	389	3
391	388	2
391	389	1
389	392	2
390	391	3
393	390	3
391	392	3
393	391	1
391	394	1
392	394	1
394	393	2
393	396	1
396	394	2
397	395	3
398	396	3
399	396	3
399	397	1
399	398	3
