2	0	1
3	0	2
0	398	3
399	0	2
0	78	3
70	0	3
0	118	1
122	0	3
3	1	1
398	1	1
1	241	3
1	340	1
1	339	3
227	1	3
1	341	3
4	2	3
2	5	2
399	2	1
2	361	2
2	265	2
2	385	3
3	5	1
84	3	3
3	239	3
3	269	2
5	4	2
6	4	3
4	202	3
210	4	3
4	281	3
5	7	3
5	8	3
5	106	2
5	94	1
289	5	2
6	8	2
6	93	2
34	6	2
274	6	3
7	9	2
10	7	3
7	179	2
8	10	2
8	11	3
8	133	2
228	8	3
10	9	3
11	9	1
67	9	1
377	9	3
11	10	3
10	12	2
13	10	3
10	223	3
11	13	1
105	11	3
11	174	2
11	391	3
12	14	2
15	12	3
87	12	3
12	69	3
12	140	3
12	250	2
12	298	3
13	14	1
13	15	3
13	342	3
13	34	1
13	195	2
14	15	2
14	16	1
17	14	3
114	14	2
149	14	3
15	17	1
15	18	2
15	347	3
16	18	1
16	86	3
312	16	2
17	19	2
17	20	3
248	17	1
28	17	2
101	17	2
198	17	3
243	17	3
20	18	2
18	21	2
116	18	2
19	20	2
19	21	2
297	19	1
21	20	3
22	20	3
362	20	2
21	23	3
21	384	2
213	21	2
22	24	1
221	22	3
22	366	1
23	24	2
25	23	3
23	127	1
226	23	1
25	24	1
24	27	1
24	346	2
26	25	3
28	25	1
25	40	3
26	27	2
26	28	1
29	26	1
27	28	3
29	27	1
288	27	3
27	40	2
147	27	1
30	28	1
36	28	2
30	29	2
32	29	3
226	29	1
29	190	1
252	29	1
32	30	2
30	196	2
372	30	3
340	30	3
30	374	2
33	31	3
34	31	3
31	94	1
31	290	2
34	32	3
35	32	2
394	32	2
100	32	3
34	33	2
33	35	2
33	36	3
217	33	2
33	287	2
34	36	2
34	37	2
213	34	2
37	35	3
43	35	3
44	35	2
50	35	2
36	38	2
36	379	2
74	36	3
138	36	3
38	37	3
40	37	1
114	37	3
38	39	2
41	38	3
71	38	2
360	38	1
39	40	2
39	41	1
39	42	2
40	42	3
40	43	1
327	40	1
41	43	1
41	381	3
246	41	3
263	41	2
44	42	3
42	45	1
224	42	3
42	212	3
43	44	3
43	46	2
43	66	3
167	43	1
43	195	1
43	274	2
46	44	2
156	44	2
170	44	3
44	247	2
45	46	1
45	48	3
45	139	2
46	47	1
46	48	2
97	46	3
104	46	1
246	46	1
47	49	3
287	47	3
47	184	1
397	47	3
48	49	1
48	51	1
255	48	2
48	308	1
49	50	1
49	52	1
49	166	1
49	107	3
355	49	1
52	50	2
50	261	1
107	50	3
51	53	1
319	51	2
234	51	1
370	51	1
52	53	2
54	52	3
244	52	3
54	53	1
53	55	3
345	53	3
54	56	3
57	54	3
131	54	1
54	244	1
54	337	1
55	57	2
55	58	2
61	55	2
58	56	1
56	212	1
102	56	2
65	56	3
216	56	3
57	59	2
60	57	3
57	127	1
304	57	1
58	60	3
61	58	3
362	58	3
268	58	1
59	60	2
59	62	2
59	69	3
62	60	2
60	63	3
60	262	3
61	63	3
61	64	2
61	220	2
61	209	3
62	64	1
65	62	1
317	62	1
63	64	1
63	66	1
385	63	3
63	258	1
65	64	1
64	66	3
64	265	3
125	64	2
180	64	3
64	229	1
66	65	1
65	68	3
66	67	1
66	69	1
190	66	1
329	66	2
69	67	1
385	67	3
67	142	2
69	68	1
71	68	1
68	241	3
69	71	1
69	72	3
69	139	1
69	374	3
71	70	1
70	73	3
70	262	2
70	136	3
347	70	2
71	73	1
71	74	3
71	351	1
114	71	3
74	72	2
80	72	3
207	72	1
73	74	3
73	76	3
337	73	1
270	73	2
74	75	1
77	74	2
74	233	1
76	75	3
78	75	2
75	261	3
77	76	3
76	78	3
79	76	1
76	169	1
77	79	2
77	80	1
189	77	2
128	77	1
78	79	2
78	80	3
81	78	1
80	79	3
81	79	1
278	79	3
79	173	2
82	80	3
80	83	1
85	80	3
80	208	1
81	82	2
81	84	2
81	248	3
82	83	3
82	84	2
82	85	3
85	83	3
86	83	1
306	83	1
84	86	1
84	119	3
84	211	2
87	85	2
85	88	2
96	85	1
85	194	1
386	85	3
86	87	3
88	86	2
86	89	3
88	87	1
87	90	1
326	87	3
88	89	2
88	91	2
221	88	1
88	342	3
91	89	3
89	92	2
89	381	2
375	89	3
91	90	3
90	92	3
93	90	2
90	121	3
90	278	2
91	92	3
93	91	1
91	94	1
94	92	1
95	92	3
387	92	1
145	92	1
95	93	2
93	96	2
351	93	1
276	93	3
93	373	3
96	94	1
235	94	1
196	94	1
94	331	2
95	96	2
97	95	2
95	98	3
260	95	1
96	97	2
99	96	3
384	96	1
96	191	1
99	97	2
97	227	3
97	173	2
97	125	1
98	99	3
100	98	1
98	101	2
98	121	2
99	101	2
99	385	1
99	379	1
99	211	3
99	225	3
100	102	2
294	100	1
305	100	1
101	103	1
389	101	1
163	101	3
101	249	3
102	103	2
104	102	1
364	102	1
102	224	2
315	102	2
103	105	2
130	103	1
103	157	1
104	105	2
107	104	1
218	104	1
332	104	2
105	107	3
346	105	2
327	105	1
105	124	3
105	277	1
106	107	3
109	106	2
300	106	1
109	107	2
108	109	2
108	111	3
108	177	1
111	109	1
109	112	1
109	253	2
110	111	2
113	110	3
275	110	1
185	110	3
110	234	3
111	112	3
111	114	2
111	284	3
112	114	2
115	112	1
112	276	1
112	301	1
113	114	3
113	115	3
113	116	1
116	114	2
141	114	1
114	296	2
335	114	3
117	115	2
115	118	1
115	142	1
117	116	3
119	116	1
116	155	1
116	370	2
118	117	1
120	117	1
158	117	1
142	117	1
117	170	2
119	118	1
118	121	3
119	120	1
119	121	2
119	323	2
120	121	1
123	120	2
387	120	2
215	120	2
220	120	1
121	123	3
124	122	2
130	122	2
280	122	3
124	123	3
126	123	3
123	177	1
126	124	3
124	127	2
125	127	3
125	193	3
290	125	3
125	318	2
127	126	3
128	126	3
126	129	3
127	128	2
129	127	3
130	127	1
128	129	1
128	131	1
131	129	2
129	233	3
129	321	2
146	129	2
131	130	3
132	130	2
130	359	1
265	130	3
133	131	2
134	131	2
273	131	3
143	131	3
131	379	3
131	380	3
132	133	1
134	132	1
132	135	1
133	134	1
136	133	2
347	133	1
133	257	1
135	134	1
136	134	1
235	134	2
303	134	3
322	134	3
382	134	2
134	392	1
137	135	1
138	135	1
135	211	2
207	135	1
262	135	2
136	137	2
136	139	2
139	137	1
137	319	1
393	137	3
138	139	3
141	138	2
230	138	3
139	140	1
141	139	3
142	140	3
140	245	2
140	160	2
140	232	1
140	284	3
140	349	2
143	141	2
144	141	3
141	187	3
141	263	3
142	143	2
142	144	1
143	145	2
143	367	2
143	276	3
144	145	3
144	147	3
144	337	3
146	145	3
147	145	1
152	145	2
146	148	1
146	298	2
146	304	1
149	147	3
196	147	1
150	148	2
148	244	3
349	148	3
148	325	3
390	148	2
150	149	3
152	149	2
150	152	1
153	150	2
150	301	1
150	216	2
152	151	1
154	151	3
194	151	3
153	152	3
154	152	1
154	153	2
155	153	3
153	156	3
153	235	3
156	154	1
154	157	1
154	170	3
155	156	3
157	155	2
155	158	2
158	156	2
159	156	1
156	380	1
156	256	2
158	157	2
157	160	1
398	157	1
157	371	1
159	158	3
158	160	2
158	280	2
159	160	1
159	161	1
311	159	1
162	160	3
160	163	1
160	353	3
162	161	1
164	161	2
253	161	2
161	317	3
163	162	3
164	162	1
387	162	2
348	162	3
164	163	1
165	163	1
163	237	1
389	163	2
396	163	2
164	166	2
164	167	3
164	395	2
379	164	3
165	166	2
165	168	1
165	342	2
356	165	3
166	167	2
166	168	2
396	166	2
167	169	1
167	342	1
167	248	2
167	272	3
169	168	1
168	171	2
168	232	2
168	294	3
171	169	2
169	172	1
169	180	3
367	169	3
171	170	2
170	173	2
171	173	1
332	171	2
171	319	2
171	300	2
173	172	3
175	172	1
378	172	3
172	176	1
172	285	3
175	173	3
199	173	3
189	173	1
173	325	3
175	174	2
176	174	2
177	174	3
176	175	1
175	177	1
175	199	3
176	177	1
178	176	2
178	177	3
179	177	3
180	177	1
178	180	1
220	178	3
178	263	1
178	214	1
179	180	1
182	179	3
306	179	1
180	182	2
181	182	3
184	181	1
241	181	1
182	183	3
185	182	3
368	182	3
182	222	2
182	229	2
184	183	2
183	186	3
183	293	1
183	202	2
183	250	1
185	184	1
184	186	3
184	187	1
186	185	2
187	185	1
187	186	1
189	186	1
227	186	2
188	187	1
189	187	1
196	187	1
253	187	3
190	188	1
191	188	2
188	310	2
190	189	1
192	189	3
334	189	1
191	190	3
190	193	1
190	299	3
192	191	1
194	191	1
221	191	3
295	191	1
193	192	3
194	192	1
192	195	2
195	193	2
196	193	3
193	201	3
193	247	2
194	195	1
197	194	2
195	197	1
195	393	2
196	198	3
199	197	2
200	197	2
347	197	2
197	305	3
198	200	1
198	331	2
199	201	3
199	202	3
199	365	1
200	202	2
200	203	2
200	369	3
201	202	2
204	201	3
335	201	1
203	202	1
205	202	3
202	240	3
203	204	2
205	203	1
203	206	1
204	205	2
206	204	1
204	237	3
205	207	1
208	205	3
258	205	2
206	207	1
206	209	2
208	206	2
208	207	1
209	207	1
208	210	2
211	208	2
211	209	2
209	247	2
235	209	2
210	211	1
213	210	2
211	212	1
214	211	2
211	275	2
212	214	1
215	212	3
215	213	1
213	216	1
213	239	3
213	398	2
214	216	3
214	321	3
283	214	3
215	216	1
215	217	2
216	218	1
217	219	1
220	217	3
238	217	3
217	245	3
220	218	3
218	221	2
306	218	2
219	220	1
221	219	2
219	393	1
219	226	2
219	241	3
221	220	3
220	222	1
221	223	3
221	224	1
223	222	1
222	225	1
223	225	2
223	226	2
329	223	3
224	225	2
224	226	2
226	225	3
225	228	3
228	226	1
226	363	2
228	227	3
230	227	3
229	228	3
230	228	3
231	229	1
366	229	3
229	396	1
231	230	3
233	230	1
231	232	3
233	231	3
263	231	2
234	232	2
391	232	3
236	232	3
267	232	3
234	233	2
233	236	1
233	335	2
233	262	3
233	279	2
233	324	2
234	236	2
237	234	2
235	237	1
238	236	3
239	236	1
238	237	3
240	237	2
288	237	2
237	291	2
238	240	1
238	241	3
241	239	3
239	356	2
241	240	2
240	243	1
243	241	3
244	241	3
242	243	1
245	242	1
353	242	2
243	244	1
243	245	3
244	246	3
244	247	2
327	244	3
246	245	1
248	245	1
245	377	3
248	246	2
246	249	3
247	249	2
250	248	3
251	248	1
343	248	2
349	248	1
248	354	1
249	251	3
275	249	1
250	252	1
252	251	3
251	254	1
251	256	3
253	252	1
254	252	2
252	268	3
255	253	2
256	253	2
351	253	1
254	255	3
256	254	2
257	254	3
256	255	2
257	255	3
255	258	2
257	256	3
256	259	1
257	258	2
260	257	1
258	259	1
258	261	1
259	260	3
261	259	3
259	356	2
262	260	3
263	260	1
314	260	3
263	261	1
261	264	2
323	261	2
262	264	3
262	283	3
263	265	3
266	264	1
368	264	3
264	312	1
267	265	3
267	266	2
266	268	2
269	266	2
267	268	3
269	267	1
268	270	3
270	269	3
272	269	3
271	270	2
270	273	1
271	272	2
273	271	1
271	274	2
372	271	2
274	272	3
377	272	2
273	274	1
275	273	3
273	276	1
276	274	1
274	293	1
276	275	2
275	277	2
278	276	1
277	278	2
277	280	2
278	279	1
281	278	3
278	339	1
279	281	1
282	279	3
291	279	2
280	282	1
280	283	2
281	282	3
281	284	1
282	283	2
282	284	2
285	282	2
283	285	1
286	284	1
287	284	1
284	383	2
287	285	1
288	285	3
286	288	3
289	286	1
339	286	2
288	287	2
287	290	1
288	290	2
291	288	2
290	289	2
292	289	3
290	292	2
307	290	3
310	290	2
293	291	2
326	291	3
291	345	1
292	293	1
292	294	1
295	292	2
292	309	2
293	294	3
293	296	2
296	294	3
294	297	2
296	295	1
298	295	2
298	296	3
296	299	1
296	358	2
298	297	3
297	300	1
297	338	2
300	298	2
323	298	1
300	299	3
301	299	3
301	300	1
303	300	1
301	302	2
304	301	2
302	303	1
302	304	2
305	302	3
303	305	2
303	306	1
303	333	1
304	306	3
305	307	1
306	308	1
306	314	2
307	309	3
307	341	2
308	310	3
308	311	1
348	308	2
308	392	3
311	309	3
309	312	2
309	357	3
378	309	2
312	310	1
313	310	1
311	312	2
313	311	2
311	314	1
312	313	2
314	312	2
312	315	1
312	362	1
313	314	3
313	316	1
377	313	2
313	330	2
314	316	2
317	314	2
317	315	1
315	318	1
317	316	2
318	316	3
319	316	1
317	318	1
317	319	3
318	320	3
321	318	2
319	320	1
319	321	2
322	319	1
320	321	3
322	320	2
323	320	3
321	322	3
324	321	1
321	391	3
322	324	2
322	332	1
323	324	2
325	323	3
326	323	1
325	324	1
324	326	1
325	327	3
325	328	2
327	326	1
328	326	3
327	329	3
329	328	3
328	331	1
331	329	1
350	329	1
330	332	3
333	330	1
332	331	1
334	331	2
333	332	1
334	332	2
335	333	3
336	333	3
335	334	3
337	334	3
335	337	3
335	338	1
336	337	1
336	339	1
380	336	1
337	339	2
340	337	3
339	338	3
338	341	2
340	339	1
339	341	3
340	341	1
340	343	1
342	341	3
344	341	3
342	343	3
345	342	3
343	345	3
346	343	2
351	343	2
344	345	2
346	344	3
344	347	3
345	346	3
345	348	1
347	346	3
346	348	2
349	346	1
347	348	3
350	347	1
350	348	1
348	381	1
351	349	2
351	350	2
350	353	3
353	351	3
353	352	2
352	354	1
355	352	1
353	355	2
353	356	2
364	353	3
355	354	2
357	354	3
357	355	2
355	358	1
356	357	2
359	356	3
359	357	3
360	357	1
357	368	1
358	359	2
361	358	1
359	360	3
359	361	1
359	362	3
361	360	2
360	363	3
362	361	1
363	361	1
364	361	1
361	394	3
363	362	1
365	362	3
363	364	2
363	366	1
364	365	1
367	364	1
365	366	3
367	365	1
365	368	3
366	368	3
369	366	3
367	369	3
370	367	3
368	369	3
371	368	2
369	370	3
371	369	1
372	369	2
370	372	2
373	371	2
371	374	3
372	374	3
372	375	3
373	374	1
373	375	2
376	374	3
375	377	2
375	378	3
376	377	1
376	378	3
376	379	2
379	377	2
378	379	3
378	381	3
381	379	1
380	382	2
383	380	1
382	381	2
381	384	1
382	384	3
382	385	1
383	385	3
383	386	1
384	385	3
384	386	1
384	387	1
386	385	2
385	387	3
387	386	2
389	386	2
388	387	1
389	387	1
390	387	1
389	388	1
388	390	2
388	391	2
391	389	2
389	392	1
392	390	1
393	390	2
391	393	3
391	394	2
394	392	3
395	393	3
393	396	3
394	396	2
397	394	3
396	395	2
395	397	3
398	395	3
396	398	3
399	397	3
