0	1	1
0	2	1
397	0	2
399	0	1
0	287	1
0	70	3
14	0	2
0	56	1
97	0	3
276	0	2
1	2	2
1	3	1
1	4	1
1	398	2
114	1	2
1	35	2
150	1	2
1	261	2
2	3	3
4	2	2
399	2	1
2	40	3
303	2	3
5	3	2
3	6	3
3	182	3
3	341	1
4	5	2
4	6	1
7	4	1
4	122	1
188	4	1
5	6	1
5	8	1
335	5	2
5	72	2
6	7	2
8	6	1
6	85	3
8	7	2
9	7	3
10	7	1
8	9	2
11	8	2
323	8	2
85	8	1
9	11	1
244	9	2
9	205	2
10	11	1
10	12	2
10	13	1
47	10	3
10	211	1
11	13	3
11	14	1
11	115	3
14	12	1
12	176	1
12	341	2
12	23	2
92	12	3
298	12	1
13	14	1
16	13	3
13	286	3
294	13	3
322	13	2
14	15	1
14	17	1
15	17	1
18	15	1
15	288	2
18	16	2
27	16	3
48	16	3
16	203	1
374	16	2
17	19	3
17	20	3
17	169	2
50	17	3
17	303	2
19	18	1
20	18	1
21	18	2
20	19	1
19	22	1
19	245	3
20	21	3
22	20	3
20	23	3
67	20	3
22	21	2
21	23	3
24	21	3
21	83	2
24	22	2
25	22	2
378	22	3
23	25	1
23	26	2
23	347	2
25	24	3
26	24	2
24	264	2
24	65	3
24	241	3
309	24	2
25	26	1
25	27	3
25	28	2
87	25	1
26	27	1
29	26	1
327	26	1
29	27	1
30	27	1
368	27	2
28	29	3
31	28	1
379	28	3
28	227	3
30	29	2
31	29	2
29	32	2
167	29	2
30	31	2
30	33	1
30	80	3
299	30	1
33	31	3
34	31	2
74	31	2
32	34	3
222	32	3
330	32	1
33	34	1
35	33	3
33	281	3
126	33	2
33	293	3
34	36	1
37	34	2
34	227	3
210	34	3
34	228	3
348	34	1
364	34	3
37	35	2
67	35	2
35	166	2
35	242	1
37	36	2
39	36	2
346	36	2
38	37	1
37	39	3
37	391	3
37	63	3
123	37	1
37	238	2
39	38	2
40	38	3
38	397	3
40	39	1
39	42	3
39	94	3
40	41	1
40	43	2
40	285	3
187	40	2
41	43	1
336	41	1
41	320	3
41	361	3
43	42	1
42	44	2
42	45	1
73	42	1
42	108	2
45	43	3
43	237	2
72	43	2
45	44	1
44	47	1
133	44	1
45	46	1
47	45	2
45	48	3
45	155	3
46	47	3
48	46	2
49	46	2
49	47	1
50	47	1
47	115	3
47	364	1
50	48	1
48	254	1
48	49	1
49	51	2
49	301	2
49	87	2
49	70	2
50	52	3
53	50	1
209	50	1
51	52	2
54	51	3
98	51	2
380	51	3
53	52	3
54	52	3
55	52	1
61	52	2
54	53	1
53	56	1
106	53	2
295	53	3
55	54	3
54	56	2
264	54	2
255	54	3
54	331	3
55	56	3
58	55	1
55	356	2
290	55	2
56	58	3
59	56	3
59	57	3
331	57	2
57	221	2
57	148	2
197	57	3
240	57	3
57	346	2
57	397	2
58	59	2
58	60	2
58	118	1
58	312	2
59	60	2
62	59	2
136	59	1
59	335	3
62	60	2
395	60	3
60	348	3
60	338	3
63	61	1
64	61	3
61	94	1
63	62	3
62	65	2
62	80	1
65	63	1
63	66	1
156	63	2
64	65	3
66	64	3
78	64	2
65	67	1
210	65	1
65	107	3
65	153	1
67	66	2
69	66	3
66	108	1
66	268	3
67	68	1
69	67	1
273	67	1
69	68	1
71	68	2
199	68	2
71	69	1
273	69	1
90	69	1
69	259	2
70	72	2
216	70	1
71	72	2
71	73	2
74	71	1
106	71	2
71	179	3
71	265	3
72	73	1
72	75	2
75	73	3
76	73	2
174	73	1
190	73	1
74	75	1
77	74	2
74	230	2
75	76	2
77	75	2
265	75	1
78	76	3
76	79	1
76	104	3
113	76	2
138	76	1
77	78	1
79	77	2
80	77	2
77	174	3
79	78	2
78	80	2
81	78	2
274	78	2
80	79	3
82	79	2
296	79	2
80	82	2
83	80	3
84	80	1
219	80	2
81	82	2
81	83	2
81	268	3
218	81	2
312	81	1
82	83	2
85	82	2
82	337	3
83	85	3
83	169	1
85	84	2
87	84	2
312	84	1
85	87	3
197	85	3
244	85	3
384	85	1
86	87	1
88	86	3
89	86	3
86	316	3
87	89	3
90	87	3
87	129	3
87	248	1
90	88	1
88	91	2
110	88	3
249	88	2
323	88	2
91	89	3
89	133	2
89	127	2
338	89	1
92	90	1
93	90	3
90	125	2
93	91	3
177	91	3
91	170	1
91	377	2
92	94	2
95	92	1
92	348	3
95	93	2
117	93	1
93	333	2
93	298	2
94	95	1
97	94	1
114	94	3
95	97	3
95	98	2
132	95	3
166	95	2
95	177	2
95	195	1
96	97	1
96	98	2
99	96	3
98	97	1
97	100	3
99	98	3
101	98	1
121	98	1
98	386	2
100	99	2
101	99	1
102	99	2
102	100	1
100	260	1
100	303	2
101	102	1
104	101	1
101	132	3
102	104	1
102	179	3
102	385	2
102	324	2
102	326	3
388	102	1
104	103	1
103	105	3
106	103	3
275	103	2
104	106	3
107	104	2
324	104	2
358	104	1
105	106	2
105	108	2
105	237	1
105	253	3
336	105	2
106	107	1
106	108	3
119	106	1
106	145	3
109	107	3
107	342	3
108	109	2
108	110	1
110	109	3
109	111	2
109	112	1
109	283	1
110	112	3
113	110	3
110	383	2
111	112	2
114	111	3
111	391	2
112	113	2
115	112	1
394	112	1
115	113	1
113	116	3
136	113	3
154	113	3
115	114	1
114	116	3
153	114	3
175	114	2
256	114	3
115	117	2
182	115	2
232	115	3
117	116	3
116	119	1
320	116	1
117	118	2
117	120	1
327	117	2
117	185	3
120	118	1
121	118	2
209	118	3
121	119	2
122	119	3
243	119	2
121	120	2
122	120	3
123	120	1
120	200	3
123	121	3
121	136	3
343	121	2
190	121	2
395	121	3
123	122	3
122	125	1
122	147	1
123	125	1
123	126	2
123	384	3
124	126	3
124	127	1
124	216	3
125	127	1
125	312	2
357	125	2
125	151	2
125	304	3
125	315	1
127	126	3
129	126	3
126	176	1
253	126	2
292	126	1
129	127	2
130	127	1
127	181	2
207	127	1
333	127	1
130	128	3
128	131	2
330	128	2
131	129	2
129	143	3
129	191	2
132	130	2
133	130	2
130	391	3
133	131	1
131	134	1
131	203	3
286	131	3
132	133	1
134	132	3
132	135	2
134	133	3
135	133	1
136	133	1
133	226	2
134	135	3
136	134	2
137	134	1
134	241	2
134	269	2
137	135	2
138	135	3
135	158	1
162	135	1
135	363	3
136	138	3
139	136	2
136	189	3
136	251	1
139	137	2
250	137	1
137	364	3
137	372	1
140	138	3
138	396	1
140	139	3
139	141	3
139	193	3
372	139	1
141	140	1
140	142	3
143	140	3
320	140	3
141	143	3
193	141	3
141	272	1
143	142	1
144	142	3
142	145	1
143	145	1
143	312	1
211	143	3
170	143	2
144	145	3
144	147	2
151	144	2
147	145	2
145	253	1
145	157	2
238	145	1
316	145	3
147	146	1
148	146	1
351	146	3
146	360	2
147	149	2
147	284	3
147	297	2
150	148	3
148	151	1
148	335	1
149	150	1
149	152	1
325	149	3
151	150	1
150	153	3
223	150	1
151	152	2
151	154	2
160	151	1
151	182	2
153	152	2
154	152	1
155	152	2
155	153	2
327	153	3
154	156	3
154	157	1
155	157	2
155	158	3
158	156	2
159	156	3
156	178	2
157	159	2
157	160	3
159	158	3
158	160	3
161	158	2
158	213	1
160	159	2
159	161	1
162	159	1
289	159	2
161	160	2
160	163	3
163	161	3
161	168	3
161	183	2
161	177	3
162	164	2
162	165	2
164	163	2
166	163	2
163	388	2
163	234	1
287	163	1
164	165	1
164	166	1
167	164	3
164	168	3
164	282	2
165	166	2
168	165	2
165	288	1
165	204	2
166	168	1
169	167	1
167	273	3
167	281	3
168	169	3
168	171	1
349	168	1
171	169	1
172	169	1
169	185	2
169	367	1
172	170	2
331	170	2
171	172	3
171	174	3
190	171	2
171	337	3
174	172	3
172	343	1
172	239	1
172	218	3
173	174	3
175	173	3
173	176	2
174	176	3
177	175	1
387	175	3
175	283	1
178	176	2
179	176	1
179	177	3
177	396	1
179	178	1
178	181	3
181	179	3
391	179	3
193	179	2
180	182	1
180	183	2
180	190	1
198	180	1
181	183	2
184	181	3
181	344	3
181	345	1
183	182	1
184	182	1
185	183	2
183	346	1
183	382	3
184	186	3
184	187	1
287	184	3
184	308	1
186	185	2
185	187	2
204	185	3
185	310	3
185	359	2
187	186	1
186	189	2
270	186	1
186	296	2
187	188	1
187	189	3
188	189	2
190	188	1
188	230	1
330	188	3
189	190	1
192	189	2
189	221	2
192	190	1
319	190	1
191	193	3
191	284	3
192	193	1
195	192	3
192	210	3
193	195	1
193	196	1
195	194	3
197	194	3
316	194	2
196	195	2
198	195	3
195	279	2
196	197	3
198	196	2
196	306	3
196	328	2
197	199	2
197	200	2
200	198	1
201	198	2
226	198	1
198	237	1
199	200	1
199	201	2
199	202	1
199	209	3
200	202	2
203	200	1
202	201	2
204	201	2
280	201	3
202	203	1
202	205	1
202	256	3
202	325	2
203	205	2
395	203	3
203	342	1
206	204	2
205	206	3
208	205	3
205	227	1
206	207	2
206	209	2
206	279	1
206	272	3
208	207	1
210	207	1
207	343	2
345	207	3
208	209	3
208	210	3
211	208	2
209	211	1
211	210	1
213	210	1
213	211	3
214	211	1
229	211	3
213	212	2
212	215	3
325	212	3
213	214	2
213	216	2
213	371	2
215	214	2
216	214	1
214	217	1
216	215	1
215	217	3
215	218	2
215	252	2
215	322	3
217	216	1
218	216	1
216	348	3
217	218	1
217	219	3
217	220	2
220	218	1
218	248	2
221	219	3
222	219	3
342	219	1
220	221	1
223	220	2
344	220	1
222	221	1
221	224	2
254	221	3
385	221	2
222	224	3
225	222	1
336	222	3
223	224	1
226	223	2
224	225	1
224	226	3
224	380	2
263	224	2
226	225	3
225	227	1
228	225	3
226	228	3
226	254	1
227	228	2
227	229	1
230	228	2
283	228	3
228	336	2
231	229	2
337	229	3
232	230	3
233	230	1
232	231	2
231	233	1
234	231	2
383	231	3
233	232	3
232	235	1
232	296	3
233	235	3
352	233	2
373	233	3
233	273	1
236	234	1
234	237	3
236	235	3
235	238	3
315	235	2
235	355	1
237	236	3
238	236	1
236	239	1
238	237	1
240	237	1
240	238	1
239	240	2
242	239	1
274	239	3
239	278	3
240	241	1
243	240	2
241	243	3
302	241	3
242	244	1
245	242	2
242	301	1
245	243	2
246	243	3
244	245	1
247	244	2
389	244	1
394	244	2
245	246	3
247	245	2
248	245	2
371	245	1
246	247	2
246	248	2
249	246	1
247	249	3
247	250	2
272	247	3
284	247	2
362	247	3
250	248	3
248	313	1
249	251	1
252	249	2
250	251	3
252	250	3
250	253	2
251	253	1
251	254	2
251	334	2
252	253	2
255	252	1
255	253	1
254	256	2
254	317	3
255	257	2
258	255	1
256	257	1
256	259	2
257	258	2
257	259	2
257	260	2
258	260	3
258	395	3
258	316	2
260	259	2
259	262	2
260	261	1
262	260	3
260	263	2
261	263	1
261	264	1
263	262	1
262	265	2
262	278	3
263	265	1
266	263	3
264	265	2
266	264	3
267	264	3
264	390	2
392	264	1
265	267	1
268	265	2
266	267	1
266	268	3
266	269	1
268	267	1
267	269	1
267	270	1
268	269	1
271	268	1
270	269	3
272	269	1
305	269	2
270	271	2
270	272	3
270	273	3
306	270	3
272	271	1
274	271	1
271	339	1
271	329	3
274	272	2
275	272	1
344	272	2
272	375	3
273	275	1
274	275	3
276	274	2
274	340	3
275	277	3
275	278	1
278	276	3
300	276	2
276	375	3
278	277	2
279	277	1
277	284	1
280	278	2
278	281	2
279	280	1
282	279	2
280	281	3
280	282	3
280	283	1
280	347	3
281	283	3
281	284	1
282	283	1
285	282	2
300	282	3
282	314	3
283	285	1
285	284	3
284	287	1
393	284	2
286	285	2
287	285	1
285	288	2
287	286	1
286	289	1
288	287	2
290	287	1
351	287	3
289	288	2
288	291	1
386	288	3
290	289	2
289	292	3
290	292	3
390	290	3
292	291	3
294	291	3
338	291	2
292	294	1
292	377	2
294	293	1
293	296	3
294	296	2
297	294	1
295	297	3
295	356	2
296	298	1
299	297	1
297	300	1
366	297	2
298	300	3
300	299	1
299	302	1
300	302	2
300	303	1
301	302	1
301	304	1
304	302	1
302	305	2
302	368	3
305	303	2
304	306	3
304	307	3
305	306	1
305	308	3
307	306	2
309	306	2
307	309	2
310	307	2
362	307	1
310	308	3
311	308	3
310	309	1
311	309	3
311	310	2
310	313	2
312	311	2
311	313	2
314	311	2
312	314	1
315	313	1
313	316	3
314	316	3
317	314	2
315	316	1
318	315	2
318	316	1
317	318	1
317	320	3
318	319	1
320	318	2
321	318	1
319	320	2
319	322	2
322	320	3
320	323	2
320	370	3
322	321	3
321	323	2
321	324	3
381	321	1
322	324	2
322	396	3
325	323	2
323	326	2
326	324	3
327	324	2
325	326	3
328	325	1
326	327	1
326	329	2
328	327	3
327	329	2
327	389	3
328	330	2
331	328	2
328	333	3
379	328	3
329	331	3
329	332	3
330	332	1
330	333	3
331	332	2
333	331	2
332	333	3
334	332	1
332	335	3
333	335	2
334	335	1
337	334	1
335	337	1
338	336	3
336	352	1
338	337	2
337	340	1
340	338	3
339	340	2
341	339	1
339	342	3
340	341	3
343	340	3
341	343	3
344	341	1
342	344	1
345	343	3
389	343	2
344	345	1
347	344	3
344	356	1
345	347	3
346	347	3
349	346	2
349	347	2
353	347	2
348	350	3
351	349	2
352	349	1
350	351	3
350	352	2
350	353	1
352	351	1
351	354	2
352	353	2
352	355	3
355	353	2
353	356	3
355	354	1
354	356	3
354	357	2
355	356	2
355	357	2
356	357	3
356	359	2
357	358	1
359	357	3
360	357	1
358	360	3
361	358	3
358	394	1
359	361	2
362	359	3
360	361	1
360	363	1
387	360	3
362	361	2
364	361	2
362	364	3
365	362	1
363	364	2
366	363	3
364	366	3
374	364	2
366	365	2
367	365	1
365	368	3
365	378	1
368	366	1
366	369	2
367	368	3
370	367	1
369	368	3
368	371	3
376	368	2
369	370	1
371	369	3
372	369	3
370	372	1
373	370	1
373	371	1
374	372	3
374	373	1
373	375	2
376	373	1
376	374	1
377	375	1
378	376	3
379	376	1
379	377	3
380	377	1
379	378	1
381	378	1
380	379	1
382	379	1
382	380	2
384	380	2
382	381	1
384	381	2
382	383	2
384	382	1
382	385	3
383	384	2
383	386	1
384	386	3
386	385	2
388	385	2
386	388	1
386	389	1
388	387	2
387	390	3
389	388	1
388	390	1
391	389	1
392	390	1
390	393	2
392	391	2
393	391	1
394	391	3
393	392	1
392	395	2
393	394	1
396	393	3
396	394	2
395	396	1
398	395	2
398	396	1
397	399	3
398	399	1
