2	0	3
397	0	1
0	398	3
0	399	2
369	0	1
285	0	1
1	2	2
3	1	1
1	398	3
399	1	2
248	1	1
331	1	2
352	1	1
3	2	2
4	2	2
5	2	1
2	399	1
3	5	1
3	368	1
342	3	3
3	144	3
5	4	3
7	4	2
4	303	3
133	4	3
4	139	1
348	4	2
5	7	2
8	5	3
200	5	2
282	5	3
7	6	2
9	6	1
304	6	1
7	9	2
51	7	3
97	7	2
10	8	3
8	11	1
33	8	2
23	8	3
8	283	3
8	284	3
9	11	3
9	12	3
307	9	1
9	23	2
296	9	2
12	10	3
13	10	1
10	228	1
10	20	3
10	170	2
332	10	1
11	13	3
11	14	1
11	20	3
11	352	1
14	12	3
15	12	1
84	12	2
40	12	1
117	12	1
140	12	1
13	14	3
15	13	1
13	141	1
195	13	3
337	13	2
16	14	3
14	17	3
14	71	2
14	103	2
390	14	1
16	15	2
18	15	1
15	321	1
15	291	3
17	16	2
19	16	2
16	278	2
16	109	3
131	16	1
17	18	1
19	17	3
17	371	1
17	155	1
18	19	2
21	18	3
27	18	3
58	18	1
21	19	3
19	32	1
19	374	1
19	104	3
386	19	3
22	20	1
23	20	3
22	21	2
23	21	1
29	21	3
25	21	2
21	111	2
304	21	2
22	23	2
22	25	2
22	159	1
22	43	3
260	22	2
23	25	2
46	23	3
23	164	3
23	224	1
26	24	3
24	27	2
24	62	1
24	89	2
25	26	1
28	25	1
25	349	1
27	26	1
26	29	3
26	252	2
28	27	3
27	30	2
27	353	1
313	27	1
28	30	2
28	31	2
28	254	2
382	28	1
29	30	1
31	29	1
29	32	1
30	32	1
33	30	1
338	30	1
30	309	2
31	33	3
34	31	3
31	184	3
34	32	3
32	35	3
381	32	3
32	143	2
314	32	1
33	34	1
33	36	1
374	33	2
59	33	2
33	151	1
262	33	3
36	34	3
34	37	2
220	34	3
34	77	2
34	126	2
371	34	1
35	36	2
38	35	3
35	300	3
35	237	1
36	37	3
38	36	2
36	223	2
37	38	2
39	37	1
37	279	1
102	37	3
38	40	1
41	38	3
306	38	3
38	326	2
40	39	2
42	39	3
89	39	2
40	42	2
43	40	1
40	252	2
43	41	1
41	88	3
133	41	1
41	187	3
42	43	3
42	45	1
42	201	2
43	44	3
46	43	1
43	302	2
44	45	3
44	47	2
44	275	3
44	174	2
45	47	1
45	48	1
288	45	3
45	82	3
45	110	3
46	48	1
334	46	3
136	46	3
49	47	3
47	352	3
382	47	3
291	47	1
48	50	2
48	160	2
48	90	1
48	54	3
113	48	2
51	49	2
52	49	1
394	49	2
49	67	1
125	49	1
51	50	1
53	50	2
50	97	3
53	51	1
51	208	2
51	314	2
60	51	2
53	52	1
54	52	2
283	52	3
53	54	1
55	53	3
56	53	1
222	53	3
54	55	2
54	57	1
56	55	3
58	55	2
324	55	1
129	55	3
269	55	1
57	56	2
58	56	1
56	59	3
59	57	1
57	60	1
57	170	2
60	58	3
275	58	3
207	58	3
58	226	1
59	61	3
62	59	3
148	59	2
62	60	1
235	60	3
61	62	1
63	61	1
61	89	3
199	61	3
61	245	1
63	62	1
62	65	1
260	62	3
62	86	3
286	62	3
64	63	2
63	66	3
63	199	1
65	64	2
64	67	3
130	64	2
67	65	3
65	142	3
285	65	3
227	65	1
65	365	2
68	66	1
66	69	1
178	66	2
66	255	2
67	68	2
70	67	3
70	68	2
382	68	3
68	242	2
175	68	3
68	300	2
71	69	3
69	197	2
284	69	2
72	70	1
227	70	1
173	70	3
70	203	1
73	71	2
71	252	2
71	174	1
73	72	3
75	72	1
72	284	3
190	72	2
75	73	2
73	76	3
328	73	2
120	73	1
358	73	1
74	75	3
77	74	1
187	74	2
74	216	1
74	223	2
224	74	3
377	74	3
75	77	1
75	78	2
75	322	3
75	228	3
351	75	2
363	75	1
77	76	2
76	78	3
76	79	2
77	78	2
77	79	1
77	242	1
78	79	2
78	80	1
332	78	3
80	79	2
79	81	1
166	79	3
79	128	1
199	79	1
82	80	1
83	80	2
80	386	2
81	83	1
81	177	2
208	81	1
154	81	1
203	81	2
213	81	3
83	82	1
82	85	3
82	266	2
82	316	1
85	83	2
83	390	2
346	83	2
84	86	2
84	87	1
84	110	2
90	84	3
84	281	3
372	84	3
87	85	2
144	85	2
85	178	1
293	85	3
88	86	1
89	86	3
86	223	3
86	341	1
89	87	3
87	90	2
355	87	3
88	89	1
91	88	3
88	338	3
240	88	2
346	88	3
91	89	1
89	161	2
89	113	3
89	181	1
90	92	2
90	187	2
92	91	3
91	93	2
91	307	2
92	93	1
94	92	2
95	92	3
92	248	2
95	93	2
330	93	3
279	93	3
93	258	1
93	298	2
308	93	1
94	95	3
94	96	1
94	97	2
211	94	1
95	97	1
98	95	1
95	178	2
95	288	3
95	397	1
96	97	3
96	98	2
123	96	1
98	97	3
97	99	3
97	355	3
100	98	1
101	98	1
98	231	3
132	98	3
101	99	1
99	102	3
390	99	3
324	99	2
101	100	3
102	100	2
100	260	1
101	103	1
137	101	3
279	101	2
102	104	2
102	105	2
163	102	1
102	362	1
103	105	2
106	103	2
135	103	2
103	180	1
284	103	1
106	104	3
252	104	2
138	104	1
106	105	3
105	107	2
384	105	1
106	107	1
106	108	2
106	152	3
106	254	2
107	109	1
107	382	3
107	290	2
107	306	1
108	110	2
314	108	2
252	108	3
108	323	2
109	110	2
109	112	3
109	166	3
112	110	3
110	113	1
112	111	1
114	111	1
274	111	3
113	112	2
112	114	2
124	112	2
112	139	2
212	112	2
112	240	2
113	115	2
114	116	2
114	117	1
114	176	2
117	115	2
115	179	3
115	333	2
385	115	1
116	117	2
116	118	3
116	355	1
119	117	3
117	139	1
117	149	3
151	117	1
117	249	2
119	118	3
118	121	3
234	118	3
119	120	2
119	121	1
122	119	2
120	121	1
120	123	2
122	121	2
123	121	2
121	124	2
121	340	2
122	123	2
122	124	2
122	125	3
124	123	1
123	126	1
123	146	2
172	123	1
175	123	2
123	214	3
276	123	3
124	125	3
124	126	1
124	127	3
124	310	3
126	125	3
125	128	2
159	125	1
189	125	1
125	233	2
127	126	1
129	126	1
129	127	1
130	127	2
249	127	2
127	160	1
130	128	2
128	177	3
130	129	3
129	132	3
131	130	2
132	130	3
130	133	3
130	303	2
131	132	3
131	133	1
219	131	3
350	131	2
134	132	3
146	132	1
132	378	2
135	133	2
136	133	1
134	136	2
134	220	2
192	134	2
344	134	3
135	137	2
135	138	1
136	138	1
136	380	2
139	137	3
140	137	3
358	137	2
205	137	2
140	138	1
141	138	1
305	138	3
141	139	1
139	200	1
140	142	3
140	160	2
141	142	2
141	143	1
141	144	2
141	209	3
234	141	2
144	142	3
142	145	2
157	142	1
144	143	3
143	146	1
230	143	2
146	144	2
144	147	3
146	145	3
147	145	1
351	145	3
145	301	2
146	147	1
146	148	1
146	149	1
146	294	3
149	147	1
147	150	3
147	216	3
148	150	3
148	198	1
192	148	2
149	150	2
152	149	3
149	166	1
152	150	1
150	153	1
150	187	2
153	151	1
261	151	3
152	153	1
154	152	1
152	155	2
153	154	3
153	156	2
242	153	2
154	156	1
212	154	1
154	161	1
154	178	3
154	353	3
157	155	2
155	323	2
156	157	1
159	156	2
156	294	2
159	157	2
157	160	3
301	157	2
238	157	3
158	160	3
158	161	2
158	355	2
159	161	2
162	159	3
259	159	1
161	160	3
160	163	1
163	161	1
164	161	3
162	164	3
162	165	2
253	162	2
165	163	1
163	398	3
166	164	3
164	167	3
167	165	3
165	168	3
350	165	2
168	166	1
243	166	1
168	167	3
169	167	3
167	170	2
168	170	3
168	171	1
168	195	2
170	169	1
169	171	1
169	172	2
172	170	3
265	170	2
170	335	1
381	170	3
173	171	1
174	171	2
171	181	2
198	171	1
172	174	2
172	208	3
173	174	1
175	173	2
173	176	1
174	176	1
174	177	3
307	174	3
175	177	1
175	236	2
253	175	1
287	175	3
176	177	1
176	179	2
176	296	3
176	202	2
177	178	1
180	177	1
177	186	2
212	177	3
177	394	1
179	178	2
178	180	1
180	179	1
179	181	1
179	182	1
179	376	2
180	182	2
391	180	3
197	180	3
182	181	3
181	184	2
184	182	1
182	373	2
255	182	1
184	183	2
185	183	3
183	282	1
186	184	3
184	187	3
259	184	3
185	186	1
185	188	3
356	185	1
186	187	3
188	186	2
189	186	3
187	189	3
339	187	2
345	187	1
188	189	2
188	190	3
188	384	1
247	188	3
189	190	1
189	192	2
189	219	2
190	192	2
190	193	3
190	191	1
191	192	3
194	191	3
249	191	3
193	192	1
192	194	3
194	193	2
195	193	1
314	193	3
271	193	3
195	194	2
194	197	3
194	307	2
271	194	3
195	197	3
195	214	3
196	197	1
196	198	3
196	199	1
197	199	2
197	211	1
198	199	3
201	198	2
198	275	3
201	199	1
200	201	3
200	203	3
200	251	1
203	201	1
204	201	2
201	346	1
201	285	1
202	204	2
235	202	1
203	205	2
205	204	3
206	204	3
204	207	3
205	207	1
223	205	1
206	207	1
206	209	3
206	337	1
206	286	1
207	209	3
210	207	2
208	209	3
211	208	1
383	208	3
351	208	3
211	209	1
209	332	2
209	364	2
210	211	1
213	210	3
312	210	3
320	210	2
329	210	3
210	331	1
212	211	1
213	211	2
211	318	1
212	214	1
213	215	3
213	216	3
216	214	2
214	384	2
216	215	3
215	217	3
215	218	3
215	393	2
218	216	3
216	219	2
216	230	1
218	217	3
217	219	3
220	217	2
219	218	3
218	220	3
218	221	1
221	219	3
219	246	3
221	220	1
220	223	2
220	274	1
332	220	3
222	221	3
223	221	1
367	221	2
221	243	3
223	222	3
225	222	3
375	222	2
225	223	2
265	223	3
224	226	2
225	226	2
225	228	3
225	324	2
225	290	1
228	226	3
226	229	1
226	355	1
229	227	3
230	227	2
227	245	2
374	227	1
228	230	1
228	300	3
333	228	1
229	231	2
232	229	1
353	229	3
232	230	3
232	231	2
231	233	2
231	234	3
233	232	2
232	234	3
232	235	1
233	234	3
236	233	2
236	234	3
237	234	2
236	235	3
238	235	3
382	235	2
236	237	2
238	236	2
236	278	1
236	322	1
237	239	2
237	240	3
238	239	2
238	240	1
240	239	2
239	241	2
239	242	3
239	367	3
242	240	2
305	240	2
243	241	1
312	241	2
241	275	3
366	241	1
244	242	3
242	312	2
245	243	2
246	244	3
244	247	2
367	244	1
244	393	1
245	247	3
247	246	1
246	249	1
248	247	1
247	250	1
247	363	1
249	248	3
251	248	3
287	248	1
249	251	2
249	280	3
251	250	3
253	250	3
250	353	3
253	251	2
288	251	2
253	252	2
254	252	3
253	255	2
256	253	1
256	254	2
280	254	2
256	255	1
255	258	1
256	258	3
259	256	1
328	256	3
256	343	1
257	258	1
257	259	3
257	336	1
354	257	2
258	260	2
258	261	1
259	261	2
259	265	2
260	261	1
260	263	2
315	260	1
260	322	1
263	261	3
312	261	1
263	262	2
264	262	3
347	262	3
263	264	3
265	263	3
266	263	3
264	266	2
264	267	3
270	264	2
266	265	1
265	268	2
268	266	1
354	266	3
267	268	2
269	267	1
267	270	2
359	267	1
268	269	3
268	270	1
268	281	1
292	268	2
269	271	2
269	272	1
269	314	2
271	270	3
270	272	1
270	273	2
273	271	1
274	272	2
272	275	3
306	272	2
273	274	1
275	273	1
276	273	3
338	273	2
389	273	2
274	275	1
274	276	3
275	277	3
278	275	2
275	337	1
275	383	1
278	276	2
276	279	2
278	277	3
279	277	2
302	277	2
277	359	3
279	278	2
278	281	2
279	280	1
281	279	2
282	279	2
281	280	2
283	280	1
283	281	2
281	284	2
283	282	2
282	284	3
282	303	1
285	283	1
283	286	3
284	286	1
285	287	3
285	288	1
286	288	3
311	286	1
330	286	2
384	286	1
289	287	2
288	289	1
288	290	1
288	356	2
290	289	3
289	291	1
289	292	3
289	339	3
291	290	3
293	290	2
391	290	2
291	293	3
294	292	3
292	295	2
293	295	1
293	296	1
293	356	3
294	296	3
294	297	3
297	295	2
295	298	1
295	329	3
297	296	3
296	299	3
298	297	3
300	297	2
297	310	1
298	299	2
298	301	3
299	301	3
299	303	2
324	299	3
301	300	3
302	300	3
300	311	3
302	301	2
301	304	1
304	302	3
302	305	2
303	305	3
304	305	3
304	307	2
307	305	2
306	308	2
306	309	2
309	307	3
307	310	2
338	307	3
342	307	3
309	308	2
311	308	2
310	309	2
311	309	2
311	310	1
313	310	1
313	311	3
313	312	3
314	312	3
312	315	1
315	313	2
313	316	3
391	313	1
314	316	2
315	316	2
315	318	3
316	317	2
316	319	3
392	316	2
318	317	2
317	319	1
320	317	2
318	319	3
320	318	2
320	319	2
321	319	1
347	319	1
319	395	3
321	320	1
323	320	1
322	321	2
321	323	3
324	321	3
324	322	1
324	323	2
323	326	1
325	324	3
326	324	1
326	325	1
325	327	1
328	325	3
383	325	2
327	326	3
329	326	3
327	328	1
327	329	2
327	330	1
328	329	2
328	330	2
331	328	1
328	388	3
329	330	1
329	331	1
330	331	3
333	330	2
331	333	3
334	332	2
332	355	2
335	333	3
336	333	1
335	334	3
334	336	1
334	337	2
335	336	3
335	338	2
337	336	1
336	338	1
339	336	3
337	339	1
338	340	1
339	340	1
339	342	1
341	340	3
340	343	2
341	342	3
344	341	2
344	342	3
342	352	1
343	344	3
343	346	2
343	358	1
346	344	2
347	344	3
345	347	3
395	345	1
346	347	1
346	348	1
349	347	2
350	347	1
349	348	1
351	348	1
349	351	3
352	349	3
350	352	1
353	350	2
353	351	3
354	352	1
354	353	1
353	356	2
355	354	2
356	354	3
357	355	1
356	358	1
357	358	2
357	359	3
360	357	1
358	360	2
359	361	3
360	361	1
362	360	1
360	363	2
362	361	2
363	361	2
361	364	3
379	361	3
363	362	2
362	365	1
365	363	1
366	364	1
367	364	1
365	366	2
365	368	1
366	367	1
369	366	1
367	368	2
369	367	2
388	367	3
369	368	1
368	371	3
368	398	3
370	369	2
369	371	1
372	369	2
370	371	1
370	372	3
373	370	3
373	371	2
371	374	3
373	372	2
372	375	3
374	373	3
373	375	2
373	376	2
375	374	3
374	376	1
375	377	2
378	375	2
376	377	2
376	379	3
379	377	1
377	385	3
379	378	2
378	381	1
380	379	3
379	382	2
379	387	3
380	381	2
380	382	2
380	383	3
381	382	3
381	383	3
382	383	2
385	382	3
383	385	1
386	384	3
384	387	2
384	396	3
385	387	3
385	388	3
387	386	3
386	388	1
388	387	2
390	387	2
388	390	3
389	390	1
389	391	2
392	390	2
393	390	2
391	393	2
392	393	2
392	395	2
395	393	3
394	395	2
397	394	1
396	395	2
397	395	2
396	398	1
399	396	1
399	397	1
399	398	3
