0	2	3
0	3	3
398	0	2
0	399	3
187	0	2
175	0	3
0	124	1
0	184	2
0	396	3
1	3	1
4	1	1
1	399	3
333	1	1
1	141	1
2	4	2
2	5	3
399	2	3
2	343	1
2	25	2
5	3	1
3	95	1
249	3	1
3	119	1
372	3	2
6	4	3
4	156	1
126	4	2
4	314	2
4	373	1
6	5	2
8	5	3
216	5	1
5	168	2
7	6	3
8	6	3
89	6	2
6	222	1
323	6	1
7	8	2
10	7	1
7	206	3
7	238	3
7	255	1
8	10	1
11	8	1
150	8	1
85	8	3
362	8	2
9	11	1
9	12	3
119	9	3
246	9	3
324	9	1
11	10	3
12	10	2
10	13	2
10	50	2
10	191	1
13	11	3
11	14	2
58	11	3
12	14	1
12	15	2
12	147	3
14	13	3
13	16	3
13	141	1
13	162	1
15	14	3
17	14	3
294	14	2
119	14	2
16	15	1
15	18	2
219	15	1
185	15	2
16	17	3
19	16	1
102	16	1
17	19	3
199	17	1
17	196	2
107	17	2
17	212	3
268	17	3
19	18	1
18	21	1
18	159	3
18	342	2
18	365	1
21	19	2
168	19	2
19	163	1
22	20	1
23	20	1
20	267	2
20	125	1
21	23	3
21	216	3
21	364	3
21	133	3
22	23	3
22	25	1
22	39	1
225	22	1
23	24	2
26	23	2
392	23	1
23	120	3
25	24	2
24	27	3
24	270	3
25	26	1
28	25	1
25	99	2
27	26	2
26	29	2
26	57	3
26	126	1
27	28	2
27	30	1
125	27	3
27	59	2
28	30	2
284	28	3
28	62	1
30	29	1
29	32	2
208	29	1
223	29	2
29	320	2
30	31	1
30	33	2
30	317	2
31	33	3
34	31	3
368	31	3
33	32	3
35	32	1
274	32	1
33	35	3
36	33	3
394	33	3
34	35	3
34	36	1
34	37	1
35	36	3
35	37	2
35	315	1
35	68	2
36	38	1
109	36	3
274	36	2
63	36	1
38	37	3
39	37	2
37	40	3
172	37	2
38	39	1
38	40	2
38	41	3
231	38	1
40	39	3
39	41	1
42	39	2
40	41	3
43	40	1
40	383	1
42	41	2
41	43	2
41	44	1
211	41	1
42	43	3
42	45	3
42	350	1
45	43	2
43	188	3
43	327	1
45	44	1
44	47	2
44	265	3
308	44	1
45	46	2
48	45	2
45	130	1
47	46	1
46	48	1
230	46	2
46	66	2
46	160	3
161	46	1
195	46	3
47	48	2
50	47	2
165	47	2
100	47	1
47	337	2
47	355	1
50	48	1
51	48	3
69	48	2
51	49	1
49	149	3
159	49	3
58	49	1
152	49	1
52	50	1
50	227	3
341	50	1
366	50	2
53	51	1
54	51	2
146	51	1
389	51	3
52	53	1
54	52	3
287	52	1
52	311	1
53	55	3
56	53	3
53	381	2
56	54	1
300	54	1
54	395	3
248	54	2
57	55	1
55	58	1
55	120	1
55	118	3
55	148	3
56	57	2
56	59	3
112	56	2
56	91	1
56	358	2
59	57	3
57	283	1
57	232	1
264	57	3
60	58	3
58	302	2
61	59	2
108	59	3
174	59	1
183	59	3
62	60	2
60	63	3
60	108	2
62	61	1
61	64	2
213	61	1
294	61	3
63	62	1
62	64	1
275	62	3
64	63	1
66	63	1
64	65	2
64	67	2
240	64	3
64	93	2
167	64	2
65	66	1
65	67	3
65	133	1
65	334	1
65	379	1
66	68	1
69	66	1
196	66	1
69	67	2
70	67	1
67	338	3
77	67	1
68	70	3
68	83	1
68	369	3
69	70	2
69	72	2
249	69	3
291	69	2
71	70	1
72	70	3
70	118	3
70	102	3
70	220	2
71	72	2
73	71	2
71	74	3
191	71	1
72	74	1
183	72	3
299	72	3
73	74	1
75	73	3
73	76	1
73	97	3
74	76	1
77	74	1
114	74	1
74	356	3
77	75	3
75	78	1
75	221	3
75	199	1
75	303	1
77	76	1
78	76	2
76	197	2
180	76	2
77	78	3
77	79	2
77	328	3
391	77	3
78	79	3
81	78	3
262	78	3
201	78	3
81	79	1
79	82	2
79	110	2
347	79	1
82	80	3
80	83	1
126	80	3
152	80	2
83	81	2
158	81	3
388	81	1
81	394	2
84	82	2
85	82	1
82	384	2
84	83	2
83	86	2
83	357	1
317	83	3
84	86	3
84	87	1
84	383	3
84	352	1
85	86	2
87	85	1
246	85	2
88	86	2
86	89	2
102	86	1
86	98	2
86	273	2
86	376	2
88	87	1
87	89	2
260	87	2
88	90	3
88	91	2
156	88	1
89	91	1
239	89	1
89	210	3
89	138	1
283	89	1
90	91	3
90	93	1
90	138	2
91	93	1
91	94	3
93	92	2
92	95	3
350	92	1
92	151	2
299	92	2
94	93	1
96	93	3
95	94	2
96	94	2
97	94	3
95	96	1
97	95	2
95	98	3
96	98	2
99	96	2
96	258	3
97	99	3
97	372	2
271	97	3
98	99	1
98	101	1
149	98	2
98	188	3
327	98	3
100	99	1
102	99	3
195	99	3
99	278	3
101	100	2
103	100	3
100	151	2
103	101	3
338	101	3
165	101	2
103	102	1
105	102	1
251	102	1
102	265	3
105	103	3
106	103	2
315	103	3
103	109	3
103	344	3
388	103	3
106	104	3
299	104	2
104	223	2
105	107	1
105	211	1
105	377	3
108	106	1
109	106	3
106	342	2
252	106	3
281	106	2
107	108	3
109	107	2
177	107	2
107	279	1
109	108	1
110	108	3
108	111	3
109	111	2
112	109	2
127	109	2
109	207	3
110	112	3
110	113	2
362	110	3
155	110	2
262	110	1
111	112	2
113	111	1
161	111	2
214	111	2
283	111	2
113	112	3
112	115	2
202	112	3
205	112	3
114	113	3
113	116	2
296	113	1
113	140	1
114	115	2
117	114	3
114	134	1
115	117	3
118	115	2
243	115	1
260	115	1
118	116	2
154	116	1
116	339	2
117	118	2
119	117	2
120	117	2
117	134	1
118	119	3
118	121	1
309	118	3
121	119	1
351	119	2
121	120	3
120	123	3
121	122	1
123	121	3
156	121	2
122	123	1
122	124	2
122	125	3
122	285	3
122	359	1
123	124	1
125	123	3
126	123	3
287	123	3
124	126	2
154	124	3
127	125	2
125	199	1
126	128	3
126	129	2
282	126	3
127	129	2
127	130	2
127	380	3
128	129	2
130	128	2
128	196	2
129	130	2
131	129	1
142	129	3
129	210	3
131	130	3
133	130	3
165	130	2
131	132	1
131	133	2
379	131	3
173	131	3
131	232	3
133	132	3
132	134	2
255	132	2
134	133	3
136	133	3
134	135	3
134	137	1
319	134	1
386	134	3
135	136	2
137	135	2
135	138	3
135	375	3
137	136	2
139	136	1
136	249	2
137	138	1
137	139	2
137	140	1
138	140	2
345	138	3
141	139	2
139	142	3
178	139	2
140	142	3
140	182	3
331	140	1
142	141	3
144	141	3
152	141	1
142	143	2
144	142	3
145	142	1
143	144	2
143	146	2
244	143	3
143	323	1
145	144	2
146	144	2
147	144	1
145	147	2
145	148	3
223	145	1
146	147	3
148	146	1
149	146	2
149	147	1
150	147	1
367	147	2
147	321	1
148	150	2
151	148	3
269	148	1
148	301	3
338	148	1
349	148	2
149	150	2
152	149	3
236	149	2
149	302	2
151	150	3
152	150	3
150	318	3
209	150	1
153	151	2
154	152	2
152	208	3
154	153	1
155	153	3
153	156	1
154	156	3
154	157	2
297	154	2
155	157	3
155	333	3
155	263	3
157	156	2
158	156	2
156	161	3
308	156	3
393	156	2
159	157	2
157	160	1
213	157	3
158	160	1
158	161	2
158	312	2
159	161	1
159	162	2
159	216	1
376	159	3
160	161	1
160	163	3
162	161	2
161	164	1
164	162	1
165	162	1
237	162	2
164	163	1
165	163	2
166	163	1
164	165	2
164	166	3
164	167	1
165	166	1
165	167	1
168	165	3
285	165	1
167	166	3
166	169	2
166	258	2
166	222	2
166	223	3
167	168	2
167	170	3
249	167	1
261	167	3
300	167	2
168	170	3
168	389	1
210	168	1
171	169	2
172	169	3
269	169	3
170	171	1
170	172	3
170	173	2
237	170	1
171	172	3
171	173	2
363	171	1
218	171	2
171	275	2
173	172	3
172	175	2
173	174	3
175	173	3
173	284	1
176	174	3
177	174	3
174	202	1
176	175	2
178	175	1
175	344	2
177	176	3
178	176	2
176	179	3
206	176	2
245	176	3
178	177	1
180	177	1
343	177	1
178	179	3
178	180	1
181	178	2
180	179	3
181	179	3
182	179	2
180	181	1
180	183	1
181	182	1
181	183	1
181	184	2
182	183	1
184	182	2
185	182	1
216	182	2
183	185	1
183	186	2
185	184	1
186	184	1
185	186	2
188	185	3
187	186	3
186	188	3
186	297	1
187	188	1
187	189	3
237	187	3
197	187	1
190	188	2
191	188	1
262	188	3
189	190	1
189	191	1
189	192	3
275	189	1
190	191	3
190	192	3
389	190	3
191	193	1
191	232	1
193	192	1
192	195	1
192	358	1
257	192	3
193	194	2
195	193	3
196	193	3
194	195	2
194	197	3
194	320	3
197	195	2
197	196	1
196	199	3
199	197	1
200	197	2
197	363	3
199	198	1
201	198	1
360	198	1
252	198	1
201	199	2
199	326	3
201	200	1
200	202	1
203	200	2
202	201	3
204	201	1
201	332	2
204	202	1
205	202	3
219	202	1
203	205	2
203	365	2
203	282	2
204	206	3
204	285	1
336	204	3
207	205	1
208	205	2
208	206	3
209	206	3
382	206	2
209	207	2
210	207	3
208	210	2
208	215	3
210	209	3
209	212	2
210	212	3
210	377	1
397	210	1
211	213	3
319	211	3
390	211	3
212	213	1
215	212	2
387	212	2
213	214	3
213	215	3
216	213	3
213	230	3
216	214	3
217	214	1
216	215	3
218	215	2
383	215	2
218	216	1
219	216	3
217	218	2
217	219	1
220	217	2
218	219	3
218	221	2
219	220	3
219	222	2
220	221	3
220	223	3
289	220	1
221	222	1
221	223	2
221	224	1
224	222	3
259	222	1
225	223	3
224	225	1
226	224	3
224	227	3
224	348	2
353	224	3
227	225	1
225	228	2
226	227	2
228	226	2
390	226	3
312	226	2
381	226	3
227	228	3
227	229	2
230	227	1
258	227	1
297	227	2
335	227	3
229	228	2
231	228	2
228	301	3
228	266	1
229	230	3
231	229	1
265	229	1
315	229	3
230	232	3
230	319	3
230	314	2
315	230	2
231	233	2
234	231	2
234	232	2
337	232	2
233	235	3
233	236	2
272	233	3
235	234	3
236	234	1
350	234	3
234	318	3
340	234	3
236	235	3
235	238	3
235	349	1
238	236	3
236	239	2
237	239	1
240	238	1
238	241	1
239	240	3
241	239	1
239	242	1
239	292	3
241	240	2
240	242	3
240	243	1
241	243	3
241	283	1
241	266	2
242	244	2
346	242	2
354	242	2
249	242	3
244	243	1
243	245	3
246	243	2
246	244	1
247	244	3
310	244	2
245	247	3
248	245	3
248	246	1
249	247	2
250	247	1
345	247	2
249	248	1
248	251	2
248	374	3
249	251	3
251	250	1
252	250	1
278	250	2
251	253	1
251	254	1
254	252	3
254	253	3
255	253	2
253	256	3
276	253	1
254	255	2
256	254	1
257	254	1
255	257	2
274	255	3
256	258	3
259	256	2
355	256	1
306	256	3
257	259	2
257	260	3
258	260	1
261	258	2
259	261	3
262	259	2
260	262	2
263	260	1
261	263	1
264	261	1
304	261	1
262	264	3
264	263	3
263	265	1
264	266	2
267	264	3
267	265	1
265	268	3
266	268	3
269	266	3
267	268	1
269	267	2
334	267	3
267	325	2
269	268	3
270	268	3
305	268	1
270	269	2
269	272	1
270	271	2
272	270	2
273	270	1
271	272	2
273	271	2
272	274	1
275	272	3
272	290	2
275	273	3
273	276	1
273	361	2
274	275	2
276	274	1
274	284	1
274	303	3
277	275	2
276	277	1
276	279	3
278	277	2
277	280	1
348	277	3
278	279	3
280	278	2
280	279	2
281	279	1
281	280	1
282	280	2
280	397	1
283	281	2
281	284	3
298	281	2
282	284	2
285	282	1
285	283	3
284	285	1
284	286	1
285	287	1
288	286	1
289	286	2
382	286	1
288	287	3
287	290	3
355	287	2
287	356	3
288	289	2
288	290	1
288	291	1
290	289	1
289	292	2
289	357	1
290	291	2
290	292	1
293	290	1
292	291	3
294	291	3
292	293	1
295	292	2
294	293	1
293	295	2
293	391	2
295	294	3
294	296	1
394	294	3
296	295	2
297	295	3
298	295	2
297	296	3
298	296	2
296	299	1
299	297	2
297	300	2
298	300	2
298	323	3
298	385	1
300	299	3
302	299	1
299	333	2
300	302	2
303	300	2
303	301	2
301	304	2
392	301	3
304	302	3
305	302	3
303	305	3
304	306	2
309	304	3
305	306	3
308	305	1
307	306	2
306	308	3
342	306	3
308	307	2
307	309	1
310	307	1
307	368	2
308	310	1
310	309	1
312	309	2
311	310	2
310	313	2
333	310	3
359	310	3
311	312	2
311	314	3
313	312	2
312	315	2
326	312	3
313	314	2
316	313	1
333	313	2
314	316	3
317	315	1
315	336	1
317	316	1
316	318	3
319	316	3
319	317	1
320	317	2
319	318	3
318	321	1
319	321	2
322	319	2
383	319	3
321	320	3
320	322	3
321	322	3
324	321	3
321	367	2
323	322	3
324	322	3
322	325	1
325	323	1
324	325	1
324	326	3
324	354	2
325	327	2
344	325	1
327	326	1
326	328	1
326	360	2
328	327	2
330	327	1
328	329	1
331	328	1
329	330	1
329	331	3
332	329	2
330	332	2
333	330	1
392	330	1
331	333	2
331	334	1
334	332	1
335	332	2
333	334	1
336	333	3
335	334	2
337	334	3
337	335	3
335	338	1
336	338	1
339	336	3
339	337	3
340	338	3
341	338	3
384	338	1
339	341	1
342	339	2
345	339	3
341	340	2
343	340	2
340	392	1
341	342	2
341	344	3
342	344	2
344	343	2
346	343	1
345	344	2
344	346	1
345	346	3
347	345	3
348	345	3
395	345	3
347	346	2
348	346	1
394	346	2
347	348	3
350	347	1
349	348	3
348	351	3
350	349	2
352	349	2
350	352	2
353	350	1
350	375	3
351	352	1
354	351	2
352	354	1
355	352	1
353	354	1
355	353	2
354	356	2
354	399	3
355	357	3
358	356	2
357	358	2
357	359	3
358	359	3
358	361	2
359	361	3
362	360	2
363	360	3
363	361	3
361	364	3
362	364	3
362	365	1
363	364	3
366	363	1
364	365	2
364	366	1
367	364	2
366	365	1
365	368	1
368	366	3
369	366	2
367	369	3
370	367	1
369	368	3
371	368	1
370	368	2
370	369	3
369	372	3
370	372	2
370	373	2
372	371	2
373	371	1
371	374	3
372	373	2
372	375	3
374	373	1
375	373	3
374	376	2
374	377	1
377	375	1
378	375	1
376	378	2
379	377	2
377	380	3
379	378	3
378	380	3
378	381	1
379	380	1
379	382	1
382	380	3
383	380	3
382	381	3
383	381	2
384	382	2
382	385	2
385	383	2
386	383	3
384	386	3
387	384	3
385	387	2
385	388	3
386	388	1
386	389	2
389	387	1
390	387	1
389	388	3
388	390	1
390	389	1
391	389	1
391	390	3
393	390	2
391	393	2
394	391	3
394	392	2
393	395	2
396	393	3
396	394	2
396	395	1
395	398	3
398	396	2
399	396	1
399	397	2
398	399	2
