0	2	2
0	3	2
398	0	2
165	0	2
267	0	2
288	0	1
1	3	1
1	398	2
1	240	2
1	102	2
1	176	2
3	2	3
2	4	3
399	2	1
21	2	1
252	2	1
3	4	2
5	3	1
3	198	3
310	3	1
4	5	2
6	4	3
168	4	2
193	4	2
4	308	2
5	7	2
5	333	3
5	180	1
5	59	1
8	6	1
6	248	3
6	43	1
6	310	3
9	7	1
7	10	2
7	370	3
8	10	2
8	217	3
8	380	3
8	42	2
8	130	3
8	145	2
8	396	1
9	10	2
9	11	2
9	12	3
9	36	2
9	104	3
262	9	2
10	12	1
70	10	1
10	364	1
13	11	2
223	11	3
11	390	1
11	278	3
11	326	3
378	11	1
13	12	1
12	15	3
12	240	1
13	15	1
16	13	3
13	190	2
56	13	3
15	14	1
14	17	3
95	14	2
14	74	1
15	17	1
18	15	3
15	182	3
48	15	1
126	15	1
156	15	1
15	210	3
15	268	2
15	276	3
18	16	1
16	19	2
16	377	3
53	16	1
19	17	2
94	17	1
17	398	2
274	17	2
18	20	3
18	21	3
130	18	2
18	227	1
19	21	3
22	19	1
148	19	2
19	121	2
20	22	1
20	113	1
120	20	2
31	20	3
208	20	3
23	21	1
24	21	2
201	21	3
21	29	1
24	22	1
22	25	3
397	22	1
23	25	2
23	26	1
386	23	3
25	24	3
24	27	1
133	24	2
224	24	2
27	25	1
25	28	2
296	25	3
124	25	1
25	226	1
27	26	1
28	26	2
26	29	3
37	26	3
27	28	2
30	27	1
227	27	3
30	28	3
392	28	3
134	28	3
324	28	1
29	30	3
31	29	1
31	30	3
30	32	3
30	206	3
114	30	2
33	31	2
31	210	1
31	77	1
362	31	2
32	34	3
152	32	1
32	141	1
198	32	3
342	32	2
34	33	3
33	36	2
260	33	3
33	113	2
36	34	2
34	348	3
275	34	1
34	331	2
36	35	2
38	35	2
243	35	3
115	35	1
38	36	3
385	36	3
209	36	2
38	37	2
37	40	1
89	37	2
37	97	1
37	290	2
39	38	3
38	41	3
38	187	2
38	40	3
38	227	2
40	39	2
42	39	2
39	299	2
41	40	1
42	40	2
43	41	1
41	44	2
41	289	1
311	41	3
42	44	3
42	296	1
43	45	1
173	43	2
57	43	2
44	46	2
264	44	1
177	44	2
221	44	2
46	45	1
48	45	2
45	133	3
110	45	2
47	46	2
46	48	1
46	49	3
46	87	2
46	169	2
263	46	1
307	46	3
47	48	2
49	47	2
47	50	1
85	47	2
47	162	2
48	49	1
51	48	1
111	48	3
385	48	3
50	49	1
49	52	3
49	199	1
49	61	1
68	49	3
50	51	2
52	50	1
50	399	2
50	98	1
50	326	2
52	51	1
54	51	1
381	51	3
54	52	1
52	55	3
52	317	2
257	52	2
260	52	3
52	274	2
53	54	1
53	56	1
53	81	3
115	53	2
53	179	3
53	297	3
374	53	2
54	56	2
54	57	2
54	214	1
55	56	1
55	57	2
55	305	1
58	56	1
56	350	2
56	138	1
56	146	3
58	57	2
57	60	3
178	57	1
76	57	1
57	356	3
58	60	1
61	58	3
252	58	3
58	149	2
240	58	3
59	61	3
203	59	3
59	102	2
60	61	2
60	63	3
60	136	3
61	62	3
64	61	3
61	128	3
63	62	2
65	62	2
62	151	1
64	63	2
65	63	2
63	66	1
95	63	3
100	63	2
63	135	3
183	63	2
64	65	1
66	64	3
64	180	3
64	106	2
64	230	3
330	64	3
66	65	3
67	65	2
65	174	3
154	65	3
66	68	2
66	69	2
66	302	1
66	385	1
67	68	3
67	69	2
67	195	2
67	131	3
67	133	1
144	67	1
250	67	2
67	309	3
70	68	2
71	68	1
284	68	2
71	69	3
140	69	3
366	69	1
70	72	3
77	70	3
70	110	2
172	70	3
70	205	1
71	72	3
73	71	1
71	74	3
71	108	2
71	166	1
72	73	3
75	72	2
396	72	3
73	74	3
76	73	2
377	73	1
81	73	3
120	73	1
73	123	2
75	74	1
74	76	3
77	75	1
75	78	2
202	75	2
145	75	1
75	374	2
76	77	2
76	79	1
76	309	3
77	78	2
77	80	3
77	199	1
77	328	2
78	79	1
81	78	2
78	257	2
78	324	2
79	80	1
81	79	1
79	153	1
79	361	2
81	80	1
82	80	2
80	83	2
81	83	1
339	81	1
82	83	3
82	84	1
82	265	1
82	92	2
84	83	1
86	83	2
83	243	2
86	84	2
84	87	3
84	387	1
232	84	3
85	86	2
85	88	1
88	86	1
260	86	1
86	90	2
103	86	1
234	86	2
364	86	2
88	87	3
90	87	1
90	88	3
91	88	1
144	88	2
89	90	2
91	89	3
375	89	2
91	90	3
90	93	2
90	105	2
91	92	3
93	91	3
91	94	3
91	241	3
94	92	3
264	92	2
272	92	2
93	95	1
360	93	1
377	93	2
313	93	1
94	96	3
97	94	2
368	94	3
161	94	2
95	96	2
95	98	2
350	95	3
96	98	2
96	99	2
163	96	2
97	99	2
100	97	3
97	137	2
97	332	1
98	99	2
101	98	2
99	100	3
99	101	3
102	99	2
231	99	3
99	348	3
99	382	2
102	100	2
100	147	2
100	275	2
101	102	3
104	101	3
237	101	1
360	101	3
102	104	3
346	102	3
167	102	1
103	104	3
106	103	1
132	103	2
106	104	3
347	104	1
129	104	2
107	105	1
105	210	2
165	105	2
106	108	1
109	106	3
106	164	1
180	106	1
106	185	1
231	106	3
107	108	3
110	107	1
107	237	3
341	107	2
108	109	1
110	108	2
108	353	2
364	108	1
109	111	2
109	112	3
174	109	1
112	110	2
110	129	3
111	112	1
111	114	1
114	112	1
369	112	3
112	310	3
112	305	2
112	327	1
113	115	2
113	116	2
116	114	3
114	346	1
114	184	1
114	321	2
117	115	2
174	115	3
116	117	2
118	116	3
116	119	1
116	212	2
116	243	2
117	118	2
117	119	2
120	117	2
117	129	2
120	118	1
121	118	1
118	194	3
118	328	2
119	121	2
119	122	3
240	119	2
119	244	3
291	119	2
120	121	3
123	120	3
121	123	2
182	121	2
122	124	1
122	222	2
122	145	3
122	182	1
223	122	2
125	123	3
123	126	2
154	123	2
126	124	3
124	127	3
127	125	3
125	128	2
125	194	3
125	144	3
126	128	2
126	312	1
128	127	2
130	127	2
127	398	1
128	130	3
131	128	3
128	306	1
129	131	2
151	129	3
286	129	1
131	130	2
133	130	1
189	130	3
133	131	2
131	134	3
132	134	1
135	132	1
132	141	2
323	132	1
132	386	1
133	134	1
136	133	2
134	136	2
134	394	3
134	377	3
135	137	1
135	360	3
136	137	2
139	136	1
382	136	1
136	273	1
369	136	1
137	139	3
137	140	1
244	137	1
295	137	1
139	138	2
138	141	1
256	138	1
139	140	3
139	141	3
139	396	1
299	139	2
139	332	3
140	141	3
143	140	2
283	140	1
141	142	1
141	144	2
213	141	1
141	335	1
143	142	2
144	142	3
142	159	3
143	145	1
344	143	1
185	143	2
143	387	3
144	146	2
144	329	3
145	147	1
146	148	3
146	149	2
146	248	3
343	146	1
147	149	3
214	147	2
147	348	3
148	149	3
150	148	1
148	346	3
151	149	1
152	149	3
152	150	1
150	153	1
325	150	2
153	151	3
177	151	1
151	206	3
154	152	3
152	155	3
152	345	1
154	153	3
153	155	1
153	156	2
285	153	1
154	156	1
154	325	1
155	157	2
158	155	3
155	201	2
331	155	3
157	156	2
156	159	1
300	156	3
158	157	3
157	160	3
157	283	1
157	211	3
160	158	1
158	161	2
158	215	3
392	158	2
160	159	2
159	162	1
187	159	3
160	161	1
160	162	3
160	380	2
160	193	3
162	161	2
164	161	1
161	280	1
161	298	1
162	164	1
162	165	1
163	164	1
163	165	1
163	374	1
166	164	1
164	167	1
165	167	1
165	168	3
264	165	1
176	165	2
167	166	1
166	169	1
167	168	2
167	170	1
170	168	1
168	171	3
285	168	2
171	169	2
169	358	3
171	170	2
170	173	2
170	334	3
171	173	2
171	174	2
207	171	3
172	174	2
175	172	3
173	174	3
176	173	2
173	210	3
173	292	1
176	174	3
174	233	2
176	175	2
175	177	3
178	175	1
176	177	2
179	176	3
177	178	3
177	179	2
180	177	1
179	178	1
181	178	2
178	304	2
178	196	1
178	255	2
179	181	2
179	182	1
180	182	3
183	180	1
219	180	3
183	181	1
181	320	1
181	203	2
182	183	2
182	184	2
183	185	1
186	183	3
186	184	3
187	184	3
184	251	1
185	187	2
185	379	1
185	186	2
204	185	2
186	188	1
292	186	2
189	187	1
187	190	2
187	354	2
189	188	2
190	188	2
191	188	1
188	236	2
188	299	3
191	189	2
189	192	3
189	284	2
347	189	3
190	191	3
192	190	3
190	364	3
190	235	1
377	190	3
193	191	2
194	191	2
347	191	2
266	191	2
192	193	1
192	194	2
192	195	1
195	193	2
376	193	2
195	194	1
194	197	1
269	194	3
197	195	3
195	198	3
195	254	2
195	196	1
196	198	3
198	197	2
200	197	1
197	268	1
214	197	2
265	197	2
200	198	1
198	201	1
200	199	3
202	199	2
372	199	2
200	201	1
200	202	2
200	346	2
201	202	3
203	201	1
201	204	1
201	220	1
201	322	3
202	203	3
205	202	1
262	202	2
205	203	2
203	250	2
203	389	1
232	203	1
204	205	2
204	206	3
254	204	2
205	206	1
208	205	3
206	208	3
206	324	3
207	208	2
210	207	2
207	215	3
340	207	1
210	208	1
342	208	3
210	209	3
212	209	2
210	212	3
213	210	1
211	213	1
214	211	1
212	213	1
215	212	2
214	213	2
215	213	2
213	351	2
214	216	2
227	214	3
216	215	3
215	218	1
215	381	2
215	288	1
216	217	2
218	216	1
219	216	2
216	344	2
217	218	3
220	217	3
217	357	1
218	220	3
312	218	3
260	218	1
220	219	3
222	219	3
220	222	3
346	220	1
222	221	3
224	221	3
221	249	3
343	221	3
222	223	3
222	224	3
222	225	1
246	222	2
223	225	3
390	223	3
223	393	1
225	224	3
226	224	2
226	225	3
225	227	2
228	225	3
228	226	3
226	229	1
273	226	1
229	227	2
228	229	3
228	230	3
231	228	1
228	293	2
307	228	3
228	327	2
231	229	2
279	229	3
229	319	3
229	258	1
230	231	3
233	230	3
230	352	1
233	231	2
234	232	1
233	234	3
233	236	3
233	375	2
234	236	3
237	234	2
236	235	3
235	238	1
235	271	1
276	235	3
237	236	1
236	239	1
237	239	3
395	237	2
237	337	1
287	237	3
238	239	2
238	240	3
238	241	1
239	240	3
239	241	3
239	253	2
240	242	2
243	240	2
243	241	3
244	241	1
241	270	1
241	319	3
242	243	2
245	242	3
270	242	2
349	242	2
244	243	3
243	245	1
244	246	3
247	245	3
248	245	2
270	245	1
245	334	3
247	246	3
246	248	2
248	247	1
247	249	3
247	372	3
247	379	1
248	249	2
248	251	2
249	250	2
249	252	1
251	250	1
250	253	2
253	251	2
254	251	1
253	252	3
252	255	3
277	252	1
253	255	1
253	256	2
279	253	2
253	295	2
255	254	1
254	257	1
348	254	1
257	255	2
263	255	3
258	256	3
259	256	2
256	373	1
257	259	1
257	260	2
301	257	3
260	258	2
261	258	1
259	260	3
259	261	1
262	259	1
282	259	2
260	262	2
263	260	3
263	261	3
264	261	2
261	346	3
263	262	2
264	262	1
263	265	2
266	263	3
389	263	2
264	265	3
264	267	1
310	264	3
265	266	3
265	268	2
265	308	3
268	266	3
266	269	3
266	391	2
267	268	3
267	270	3
300	267	3
269	268	2
270	268	3
268	283	3
268	346	1
271	269	2
272	269	2
269	355	1
270	272	2
270	273	2
272	271	3
271	274	1
271	279	1
272	274	1
275	272	2
275	273	3
276	274	2
275	277	3
275	278	2
276	278	3
277	278	2
279	277	1
279	278	2
281	278	2
279	281	2
282	279	1
279	320	2
280	281	3
283	280	2
281	282	3
284	281	1
281	309	1
318	281	2
284	282	2
282	285	3
283	285	1
399	283	1
283	371	2
286	284	3
287	285	1
288	285	2
287	286	3
288	286	1
287	288	1
287	290	1
289	288	2
288	290	1
290	289	1
289	291	3
292	289	2
290	291	2
290	293	1
293	291	3
294	291	3
386	291	2
293	292	3
295	292	2
293	294	3
295	293	3
294	295	2
296	294	1
294	297	1
295	297	1
296	297	1
298	296	3
296	299	2
296	345	1
296	349	1
297	298	2
299	297	3
298	299	1
298	301	3
301	299	2
300	302	3
303	300	2
301	303	2
301	377	1
301	365	1
303	302	3
304	302	2
305	302	3
314	302	3
304	303	1
303	305	2
306	303	2
303	333	1
304	305	3
306	304	2
374	304	1
304	368	3
305	307	1
337	305	1
308	306	1
309	306	3
309	307	3
308	310	1
311	309	3
310	312	1
312	311	2
313	311	1
365	311	3
314	312	3
312	374	3
339	312	1
313	315	3
316	313	3
314	315	1
314	317	1
316	315	3
315	317	2
315	318	2
317	316	2
316	319	1
376	316	1
317	318	3
317	319	1
317	320	1
318	319	1
320	318	1
320	319	1
319	322	1
319	380	2
320	321	2
323	320	2
320	336	1
321	322	1
321	323	1
368	321	2
324	322	1
322	368	3
324	323	3
323	325	1
326	324	2
393	324	3
325	327	1
325	328	3
326	328	2
329	327	1
327	338	1
330	328	3
331	329	2
396	329	2
332	330	2
333	330	2
330	342	3
331	333	2
332	334	2
333	334	2
333	335	2
335	334	3
336	334	3
334	373	1
336	335	1
338	335	2
335	359	2
336	338	2
339	336	1
337	338	3
339	337	1
340	337	1
339	338	3
341	338	2
358	338	2
341	339	3
339	342	1
340	341	2
340	343	1
341	343	3
344	341	1
344	342	3
343	345	2
343	378	3
343	381	2
345	344	2
344	347	3
395	344	1
346	345	1
348	345	1
347	346	2
346	349	2
388	346	1
348	347	2
350	347	2
350	348	2
351	349	2
350	351	2
352	350	1
352	351	2
353	351	1
353	352	3
354	352	2
355	353	2
353	387	3
394	353	1
355	354	2
356	354	3
357	354	2
355	356	3
357	355	2
355	358	2
355	384	1
358	356	3
367	356	2
366	356	3
357	358	1
357	359	1
360	357	3
358	360	3
358	361	1
359	360	2
359	361	3
360	362	3
360	363	3
361	363	3
361	364	2
362	364	2
365	362	2
364	363	1
365	363	3
366	363	1
366	364	1
365	367	2
367	366	1
369	366	1
368	367	2
369	367	3
367	370	1
368	370	1
371	369	2
372	369	3
370	371	1
372	370	2
373	370	1
372	371	3
373	371	3
372	373	1
372	375	3
373	375	2
374	376	2
375	377	1
378	375	2
376	378	1
376	379	2
379	377	1
380	377	3
378	380	2
381	379	2
382	379	2
380	382	1
380	383	1
382	381	1
383	381	1
384	382	1
385	382	2
383	384	3
385	383	2
386	383	3
385	384	1
384	387	2
385	387	2
388	386	3
387	389	3
387	390	2
389	388	1
390	388	2
389	391	1
389	392	3
391	390	2
390	392	2
393	390	1
392	391	3
391	394	1
394	392	2
392	395	1
395	393	2
394	395	2
394	396	3
396	395	1
395	398	3
396	398	2
396	399	2
397	398	2
397	399	1
399	398	1
