0	1	3
0	2	1
3	0	2
0	597	2
598	0	3
455	0	3
0	57	3
0	194	3
0	254	2
1	3	1
1	4	1
599	1	3
1	381	1
40	1	3
2	3	1
4	2	3
2	5	1
599	2	2
2	173	2
334	2	2
368	2	1
2	569	2
4	3	1
3	5	2
3	6	1
3	352	1
4	6	1
557	4	1
531	4	3
533	4	3
5	6	3
5	8	1
173	5	2
8	6	1
6	9	1
293	6	2
8	7	1
7	9	2
7	110	1
8	10	3
11	8	3
560	8	1
9	10	2
9	12	1
9	434	2
448	9	1
477	9	3
12	10	2
495	10	1
285	10	2
10	497	3
12	11	3
11	13	1
11	43	2
13	12	1
12	14	3
15	12	1
202	12	2
471	12	1
14	13	1
13	16	2
13	135	3
13	381	2
16	14	3
14	458	2
14	444	3
82	14	3
14	139	3
14	296	2
15	17	2
18	15	1
15	590	3
16	18	2
303	16	2
218	16	2
16	24	2
234	16	3
16	511	1
19	17	2
17	66	1
454	17	2
349	17	1
18	20	2
18	21	1
18	471	3
542	18	1
19	20	3
19	22	3
19	79	2
19	171	2
19	275	3
22	20	1
23	20	3
83	20	2
117	20	3
276	20	1
21	23	3
92	21	3
162	21	1
21	227	2
21	340	1
24	22	3
138	22	3
22	526	2
476	22	2
25	23	1
23	492	1
23	558	3
26	24	2
24	221	1
26	25	2
25	27	1
28	25	2
215	25	3
26	28	1
26	29	1
120	26	3
27	28	3
30	27	1
448	27	1
69	27	3
28	29	3
28	31	1
28	555	2
28	498	2
30	29	1
32	29	1
241	29	1
89	29	2
207	29	3
29	578	3
32	30	3
123	30	2
258	30	1
30	52	3
32	31	3
33	31	3
34	31	3
31	37	3
33	32	3
34	32	2
32	321	1
89	32	2
146	32	2
358	32	1
35	33	1
396	33	2
33	311	1
34	35	3
34	37	1
200	34	3
34	377	3
37	35	3
35	38	2
561	35	3
35	87	2
36	38	1
36	39	2
36	546	2
36	323	2
37	39	2
37	458	3
290	37	2
37	494	1
38	39	3
41	38	3
38	354	2
39	40	1
41	39	2
42	39	2
42	40	3
40	43	3
40	165	3
41	43	1
441	41	3
41	167	2
42	44	3
42	562	1
190	42	2
42	191	3
299	42	1
43	45	1
43	436	1
253	43	3
43	338	1
45	44	2
47	44	2
88	44	1
44	98	3
44	110	3
46	45	2
48	45	1
286	45	3
45	452	2
47	46	2
46	48	2
46	49	3
106	46	3
47	49	2
83	47	1
136	47	3
47	250	1
47	380	3
466	47	2
47	544	1
48	49	2
51	48	3
294	48	3
50	49	2
49	52	3
49	486	1
78	49	2
96	49	2
132	49	3
141	49	2
52	50	1
50	429	3
396	50	1
260	50	2
555	50	1
52	51	2
53	51	2
54	51	2
51	263	3
51	467	3
52	54	2
424	52	1
52	527	3
565	52	3
53	54	3
53	55	2
56	53	2
53	135	1
54	56	1
54	57	1
97	54	1
222	54	3
57	55	2
55	58	1
55	535	2
220	55	3
57	56	3
58	56	3
56	543	3
56	592	3
57	59	2
57	538	3
205	57	1
243	57	1
57	269	3
60	58	3
61	58	3
58	359	1
58	267	1
59	60	1
59	62	1
119	59	1
62	60	2
60	157	3
60	371	2
61	62	1
61	63	2
64	61	1
61	93	2
61	214	1
61	293	2
64	62	1
424	62	2
545	62	1
62	77	2
64	63	2
63	66	3
473	63	2
349	63	3
63	475	2
63	574	1
64	65	1
67	64	2
64	246	2
64	109	1
65	66	3
68	65	1
299	65	3
65	179	1
65	258	2
423	65	1
66	68	2
66	199	3
66	465	3
67	69	2
70	67	1
187	67	1
67	153	3
70	68	1
68	71	2
68	530	1
188	68	2
68	571	2
69	71	3
72	69	1
268	69	1
72	70	3
70	262	3
70	441	2
73	71	1
217	71	2
144	71	2
71	187	3
73	72	2
75	72	1
72	257	3
72	406	3
73	74	3
73	75	1
76	73	3
75	74	3
74	77	3
74	351	3
160	74	3
74	322	3
536	74	2
586	74	3
75	77	2
78	75	3
287	75	3
78	76	3
450	76	3
76	425	1
76	91	2
76	121	3
547	76	3
77	79	1
77	80	1
217	77	1
78	80	1
316	78	3
79	81	3
79	82	3
163	79	1
81	80	3
82	80	2
80	188	3
80	235	2
486	80	2
83	81	2
81	205	1
81	484	1
82	83	1
82	85	2
92	82	3
281	82	2
84	83	2
85	83	3
83	86	2
83	434	1
84	85	3
84	87	2
84	586	3
84	314	2
86	85	3
87	85	3
88	85	1
85	262	2
88	86	3
86	482	2
89	86	1
88	87	1
90	87	1
183	87	1
88	89	2
91	88	3
88	374	2
174	88	2
89	91	2
90	92	3
90	178	3
350	90	2
104	90	1
91	93	2
94	91	2
91	98	1
91	542	1
93	92	3
94	92	2
93	95	1
457	93	1
347	93	2
94	96	3
440	94	2
94	100	1
99	94	3
94	426	2
97	95	3
349	95	2
504	95	3
95	432	3
95	526	2
98	96	2
99	96	1
98	97	3
97	100	3
97	383	3
226	97	1
98	100	3
98	243	1
98	397	1
101	99	2
99	102	1
101	100	1
100	102	1
521	100	1
101	103	1
341	101	3
101	297	3
102	104	2
102	105	2
405	102	1
103	104	2
106	103	3
103	191	3
129	103	2
286	103	2
392	103	3
104	105	3
104	107	2
104	137	3
105	106	2
107	105	3
237	105	2
106	108	3
106	109	1
296	106	3
106	344	3
108	107	3
107	110	2
168	107	3
184	107	3
209	107	3
232	107	1
107	565	3
108	110	3
446	108	2
108	465	2
109	111	2
112	109	3
525	109	2
111	110	3
110	113	2
113	111	3
111	114	3
111	268	2
111	336	1
113	112	2
112	114	3
112	115	1
299	112	1
114	113	2
113	116	3
427	113	1
116	114	2
114	297	2
359	114	2
360	114	1
116	115	3
117	115	1
115	118	3
116	117	3
116	119	2
116	357	3
116	561	1
117	119	2
117	177	2
118	119	2
120	118	3
118	307	2
275	118	2
597	118	2
119	121	3
515	119	1
387	119	3
119	507	2
122	120	3
123	120	2
217	120	2
121	123	2
121	124	2
124	122	1
125	122	1
122	423	1
122	240	3
123	125	1
123	126	1
123	145	2
124	125	3
124	127	3
488	124	2
528	124	2
534	124	3
125	127	2
125	128	2
125	280	1
524	125	2
126	127	1
128	126	3
126	129	1
126	242	2
126	475	2
129	127	3
130	127	3
127	207	2
271	127	1
129	128	1
130	128	1
131	128	2
277	128	1
335	128	1
129	131	2
132	129	1
130	131	3
132	130	3
133	130	3
130	414	1
561	130	2
133	131	2
131	134	1
434	131	1
166	131	3
132	133	1
132	135	1
201	132	2
292	132	2
135	133	1
136	133	2
133	142	2
134	136	3
134	137	3
134	564	2
136	135	2
138	135	3
138	136	1
136	234	2
573	136	1
139	137	1
140	137	1
138	139	3
138	140	3
297	138	2
311	138	1
339	138	2
138	474	3
139	141	1
142	139	1
170	139	2
139	532	2
140	142	2
330	140	3
558	140	2
140	150	3
143	141	1
375	141	2
141	311	2
442	141	2
492	141	2
141	552	1
144	142	1
142	145	1
142	464	2
142	288	2
541	142	3
143	145	3
190	143	1
143	537	1
143	452	1
145	144	1
147	144	3
245	144	3
362	144	2
145	146	2
147	145	1
145	148	3
148	146	1
146	149	2
213	146	2
148	147	3
150	147	3
147	179	2
147	201	3
149	148	3
148	150	2
148	151	2
148	164	3
315	148	2
150	149	3
151	149	2
152	149	3
149	593	1
152	150	2
459	150	1
152	151	2
153	151	3
151	423	1
151	283	1
151	384	2
153	152	1
155	152	3
152	531	3
152	178	3
430	152	2
152	517	3
155	153	2
153	156	3
490	153	2
155	154	1
156	154	3
157	154	2
154	181	1
224	154	2
244	154	3
154	367	3
155	157	3
511	155	1
155	497	3
156	157	3
158	156	1
367	156	1
376	156	3
158	157	3
157	159	3
157	390	3
163	157	2
158	159	1
158	160	3
158	267	1
158	420	1
160	159	1
161	159	2
159	162	1
233	159	3
159	485	2
159	508	2
159	579	1
160	162	1
160	414	1
215	160	3
160	236	1
161	162	1
163	161	3
164	161	1
162	164	3
162	165	2
162	464	1
266	162	1
162	303	1
164	163	1
163	165	3
166	164	1
164	545	2
402	164	2
165	167	3
165	220	2
165	333	1
166	168	1
169	166	1
169	167	2
167	520	2
167	407	2
170	168	1
168	435	3
168	197	2
170	169	3
169	171	3
318	169	2
170	171	1
170	173	3
173	171	2
174	171	1
171	577	2
173	172	3
172	174	3
172	175	2
172	461	1
174	173	1
176	173	3
174	176	3
174	576	1
393	174	1
174	466	1
177	175	3
175	178	2
175	227	2
176	178	2
179	176	3
204	176	3
388	176	1
487	176	1
177	179	2
180	177	3
280	177	1
178	180	2
178	181	2
179	180	2
179	182	3
277	179	3
180	181	2
182	180	3
183	180	1
198	180	3
182	181	1
183	181	1
183	182	2
184	182	1
182	341	1
183	185	3
326	183	2
183	210	3
457	183	3
184	185	3
187	184	3
218	184	2
184	294	2
185	187	1
188	185	3
185	423	1
185	254	3
186	188	2
394	186	2
186	460	1
188	187	2
187	189	3
187	246	1
188	190	1
560	188	2
425	188	3
189	190	2
192	189	2
399	189	2
189	320	1
190	192	1
190	483	1
300	190	3
190	531	1
191	192	1
191	194	3
230	191	1
251	191	2
191	371	1
191	554	1
192	193	2
195	192	3
199	192	3
194	193	3
195	193	1
193	196	2
270	193	3
194	196	1
197	194	2
194	287	3
395	194	3
194	507	3
197	195	3
198	195	3
195	545	3
321	195	2
198	196	2
196	538	1
373	196	2
348	196	2
196	408	2
199	197	2
197	200	3
197	539	3
470	197	2
199	198	2
201	198	2
200	199	3
201	199	3
202	199	2
575	199	3
202	200	1
446	200	3
551	200	2
201	203	2
201	444	3
202	204	3
202	425	1
549	202	2
203	205	2
203	206	2
397	203	3
205	204	1
207	204	1
537	204	2
207	205	3
205	561	2
212	205	1
205	462	2
206	207	1
208	206	1
206	400	3
342	206	2
207	208	1
209	207	2
208	209	1
211	208	3
543	208	1
485	208	1
591	208	2
209	210	3
209	211	1
210	211	2
210	213	2
211	212	1
214	211	3
293	211	2
214	212	1
212	215	2
213	215	1
448	213	1
317	213	3
215	214	1
214	217	2
214	559	2
217	215	1
219	215	3
215	386	3
217	216	2
216	218	2
303	216	2
219	217	2
538	217	2
217	595	1
218	220	3
218	221	1
218	513	2
592	218	1
219	221	1
219	222	2
328	219	3
380	219	2
222	220	3
223	220	3
220	520	1
223	221	3
224	221	3
488	221	3
223	222	2
222	225	2
222	426	2
223	225	1
223	226	1
223	416	1
224	226	1
227	224	3
224	247	2
226	225	1
225	228	1
374	225	3
226	227	2
226	229	2
435	226	2
588	226	3
229	227	2
230	227	2
228	229	1
228	231	1
228	449	2
384	228	3
228	591	1
230	229	1
229	231	2
232	229	1
479	229	1
230	232	1
233	230	3
231	232	3
231	233	1
234	231	3
232	234	1
232	235	2
575	232	3
234	233	3
236	233	1
233	451	3
234	236	1
237	234	2
234	287	3
237	235	3
238	235	2
238	236	1
236	492	3
397	236	1
237	239	2
237	439	1
334	237	2
239	238	2
238	241	1
457	238	1
238	369	1
238	590	2
239	241	3
242	239	3
239	250	1
240	242	3
240	530	3
595	240	2
241	243	1
241	244	2
241	292	1
242	244	2
245	242	2
249	242	2
245	243	2
246	244	2
244	509	3
245	246	1
245	247	3
248	245	2
245	548	2
248	246	3
249	246	3
247	248	1
247	249	2
247	538	2
248	250	1
251	248	3
315	248	1
249	251	3
266	249	3
252	250	2
253	250	3
437	250	3
251	252	1
254	251	2
254	252	2
252	255	3
544	252	2
253	254	3
256	253	1
253	537	3
256	254	1
309	254	1
255	256	3
258	255	1
302	255	1
255	405	1
255	521	3
257	256	2
256	258	1
256	259	2
259	257	1
260	257	3
584	257	1
451	257	3
258	260	1
258	498	3
260	259	1
262	259	1
557	259	3
262	260	2
431	260	3
372	260	3
260	510	3
262	261	2
263	261	3
422	261	2
261	441	1
263	262	2
262	265	1
278	262	1
262	572	3
263	265	1
263	266	2
265	264	1
266	264	2
267	264	3
264	282	3
469	264	1
265	266	1
267	265	3
265	268	2
266	268	3
310	266	1
269	267	2
583	267	3
269	268	1
268	270	3
268	325	2
271	269	2
374	269	1
269	306	1
269	502	3
270	271	2
270	272	3
273	271	3
274	271	2
271	515	1
272	274	2
272	275	3
272	305	1
272	562	3
273	275	2
578	273	3
273	427	3
273	347	3
275	274	3
276	274	1
274	277	2
275	277	1
523	275	3
278	276	2
276	352	2
279	277	1
580	277	2
278	280	1
278	327	1
333	278	3
568	278	1
279	280	1
279	282	3
279	291	3
280	281	3
283	280	1
412	280	1
283	281	2
281	437	1
282	284	3
282	556	1
283	285	2
283	476	2
286	284	3
287	284	1
335	284	1
302	284	3
337	284	3
436	284	2
284	449	1
284	578	3
287	285	2
285	288	2
300	285	2
288	286	1
286	289	3
287	289	3
290	288	3
291	288	1
473	288	3
291	289	3
354	289	3
289	523	2
290	291	1
293	290	1
290	335	2
291	292	1
294	291	2
291	336	1
362	291	1
293	292	3
295	292	3
292	445	3
447	292	3
529	292	3
295	293	2
293	296	2
440	293	2
296	294	2
294	297	1
297	295	1
298	295	2
295	304	1
295	512	3
296	298	3
543	296	3
297	298	2
297	300	2
477	297	1
298	300	2
298	301	1
447	298	2
298	403	3
299	301	3
302	299	3
300	301	3
300	303	1
300	395	1
302	301	2
301	304	1
301	474	1
304	302	3
302	337	1
305	303	1
303	549	2
304	305	3
306	304	3
304	307	3
306	305	2
305	308	2
305	514	2
415	305	2
308	306	3
306	393	3
306	366	2
307	309	3
307	452	3
307	476	2
308	310	3
388	308	1
308	587	1
310	309	1
312	309	1
326	309	2
310	311	2
310	312	3
310	392	3
313	311	3
422	311	3
311	528	3
313	312	3
315	312	3
545	312	2
313	314	3
316	313	3
441	313	2
313	329	2
316	314	1
314	317	1
315	317	3
315	318	2
315	589	3
316	317	2
318	316	1
316	444	3
317	319	3
317	336	3
354	317	2
317	359	3
319	318	3
320	318	3
321	318	1
394	318	3
319	321	1
322	319	2
354	319	3
320	322	2
414	320	2
321	322	3
321	324	1
324	322	2
322	325	3
323	324	1
323	326	2
325	324	3
326	324	2
324	327	2
326	325	2
325	328	3
327	326	2
328	326	2
327	329	2
327	475	2
460	327	2
330	328	1
516	328	2
329	331	1
332	329	2
390	329	2
329	491	1
330	332	2
330	420	1
430	330	3
331	332	3
333	331	2
331	334	3
332	333	1
332	334	3
332	335	1
335	333	2
502	333	1
333	398	2
552	333	1
336	334	3
337	334	2
335	337	2
467	335	1
338	336	2
336	437	3
336	410	2
339	337	3
337	354	3
337	495	1
504	337	3
337	581	1
339	338	2
338	340	3
339	340	2
342	339	1
339	361	3
339	526	2
341	340	2
340	342	1
357	340	1
342	341	2
343	341	1
341	344	3
342	344	2
385	342	2
342	391	2
343	345	2
346	343	3
397	343	2
344	345	1
347	344	3
344	401	1
344	518	3
345	346	1
347	345	1
348	345	2
462	345	2
346	347	1
348	346	1
349	346	1
347	349	3
409	347	3
350	348	3
385	348	3
349	351	2
511	349	2
557	349	3
352	350	2
353	350	3
350	413	1
350	505	3
351	352	3
351	354	1
351	485	2
401	351	1
522	351	1
352	353	1
352	354	3
353	354	3
355	353	1
353	356	1
354	356	1
356	355	2
355	357	3
422	355	3
357	356	3
358	356	3
356	359	1
357	359	2
360	357	1
360	358	1
361	358	3
361	359	3
556	359	2
361	360	1
363	360	1
363	361	3
364	361	3
570	361	3
364	362	2
363	364	1
366	363	3
363	591	3
363	474	1
509	363	1
365	364	3
364	367	1
364	409	3
410	364	2
365	367	2
365	368	1
365	545	2
365	374	2
365	407	3
551	365	2
367	366	2
369	366	1
367	369	1
553	367	1
369	368	3
371	368	3
369	371	1
369	379	2
371	370	1
372	370	2
547	370	2
371	372	3
371	374	3
372	374	2
375	372	2
374	373	1
373	375	3
373	376	3
500	373	1
374	376	2
377	374	3
376	375	3
377	375	3
588	375	2
375	596	2
378	376	3
376	417	3
378	377	3
380	377	1
517	377	2
378	379	1
378	380	1
378	381	3
379	380	3
379	381	2
379	382	1
382	380	3
381	383	2
557	381	2
455	381	1
381	459	1
384	382	1
385	382	2
382	446	2
383	384	3
386	383	3
447	383	2
563	383	1
386	384	2
385	386	1
387	385	3
385	388	2
573	385	2
388	386	2
398	386	3
386	559	2
387	388	1
387	390	3
421	387	1
468	387	1
389	388	2
391	388	3
389	390	1
389	391	3
476	389	1
392	390	2
481	390	3
391	392	1
391	393	3
392	394	1
392	395	2
393	394	2
393	396	3
393	411	1
395	394	2
397	394	3
395	397	2
398	395	1
398	396	2
396	563	3
590	396	1
399	397	3
399	398	3
401	398	3
400	399	1
401	399	3
402	399	1
399	481	2
401	400	2
403	400	3
400	404	2
403	401	2
404	402	3
402	405	2
404	403	3
406	403	1
404	405	3
404	406	3
407	404	3
516	404	3
406	405	2
405	408	2
406	408	2
409	406	2
407	409	2
410	407	1
410	408	1
408	580	3
409	410	3
411	409	3
410	412	3
413	411	2
411	414	1
447	411	1
412	413	3
412	415	3
580	412	1
415	413	1
413	575	2
421	413	3
414	416	3
417	414	3
417	415	2
418	415	2
416	417	1
416	418	3
419	416	3
416	560	1
418	417	1
417	419	3
417	420	3
420	418	1
418	421	2
418	575	2
420	419	1
419	421	1
422	419	1
419	456	2
420	422	1
500	420	1
422	421	1
421	424	2
421	498	2
424	422	3
425	422	1
422	482	3
424	423	2
423	426	1
423	499	3
425	424	2
426	424	1
424	427	2
427	425	3
428	425	3
425	503	2
428	426	1
427	428	3
427	429	2
427	430	1
427	482	2
428	429	1
430	428	1
431	428	3
430	429	1
431	429	1
429	432	2
430	431	1
430	433	3
431	432	3
433	431	3
431	434	1
432	434	2
432	526	2
433	434	2
436	433	3
433	556	3
434	436	3
434	437	1
435	437	2
435	467	3
435	543	3
436	438	3
436	439	3
484	436	3
439	437	3
440	437	3
440	438	3
438	441	2
539	438	1
439	441	1
439	442	1
499	439	3
441	440	1
443	440	2
441	443	1
441	578	1
443	442	3
445	442	3
443	444	3
446	443	2
589	443	1
483	443	2
444	446	1
447	444	3
570	444	1
445	447	1
448	445	3
446	447	2
448	446	1
449	446	1
447	449	1
449	448	2
451	448	1
450	449	1
451	449	3
451	450	2
450	452	3
450	453	3
523	450	1
453	451	2
452	454	3
454	453	1
453	455	1
456	453	2
463	453	1
455	454	3
456	454	1
545	454	2
455	456	3
455	457	1
456	458	3
539	456	2
456	489	3
457	459	3
460	457	1
458	459	2
458	460	3
461	458	1
459	460	1
462	459	2
490	459	1
460	461	3
460	463	1
549	460	1
460	465	3
463	461	3
464	461	2
462	464	1
462	556	2
464	463	2
463	465	1
464	465	3
467	464	3
592	464	1
467	465	1
552	465	1
466	468	1
469	467	3
467	477	2
577	467	2
468	469	2
471	468	2
469	470	1
472	469	1
469	544	1
470	471	2
470	473	3
471	473	2
474	471	2
473	472	1
475	472	2
529	472	3
474	473	1
473	476	3
474	476	2
475	477	3
476	478	1
476	479	3
477	479	3
479	478	3
480	478	3
478	481	1
479	480	2
481	479	2
481	480	2
480	482	3
480	483	1
482	481	1
483	481	2
546	481	1
484	482	2
483	484	1
483	486	3
484	486	2
576	484	1
487	485	2
486	487	3
486	489	1
564	486	3
487	488	1
487	490	2
488	489	2
490	488	3
491	488	3
490	489	2
489	491	2
490	492	1
492	491	2
491	494	2
492	493	1
492	495	2
494	493	1
493	495	3
496	493	3
494	496	1
497	494	1
495	496	1
495	498	1
537	495	1
496	497	3
498	496	3
554	496	3
499	497	2
535	497	1
499	498	3
498	501	3
499	500	3
502	499	3
501	500	1
500	502	1
501	502	1
503	501	1
504	501	2
504	502	1
502	505	3
503	504	2
505	503	2
504	505	1
506	504	1
504	519	2
505	506	3
505	508	2
506	507	3
506	509	3
506	585	1
506	550	1
509	507	2
510	508	1
508	511	1
509	511	3
512	509	3
510	511	1
513	510	3
511	513	3
514	512	1
515	512	2
514	513	1
513	516	3
514	515	3
514	516	3
514	579	1
517	515	1
515	518	1
594	515	1
516	517	3
518	516	2
546	516	1
519	517	3
566	517	1
520	518	1
521	518	3
520	519	2
519	522	1
519	551	2
520	522	1
523	520	2
522	521	2
521	523	1
523	522	2
524	522	1
557	522	1
523	525	2
525	524	1
524	527	1
571	524	2
525	526	2
528	525	1
528	526	1
527	529	1
527	530	3
530	528	1
529	530	3
529	532	2
531	530	2
530	532	3
533	530	1
530	563	3
533	531	3
531	534	1
531	576	2
532	533	2
535	532	2
534	533	2
533	536	3
535	534	3
534	537	1
535	536	2
538	535	1
587	535	1
536	537	2
539	536	3
538	537	2
540	537	3
538	540	3
541	538	2
539	541	1
539	542	3
539	550	1
540	541	2
540	542	3
540	543	1
541	542	1
544	541	2
544	542	1
545	543	2
544	546	1
547	545	3
545	548	2
545	592	1
548	546	3
547	548	2
547	550	2
548	549	1
548	551	2
550	549	2
552	549	1
550	551	2
550	553	2
551	553	3
552	554	1
553	554	3
555	553	3
553	556	3
554	556	2
557	554	3
556	555	3
555	558	3
556	557	3
559	556	2
557	559	1
558	559	2
558	560	3
558	566	1
561	559	1
562	560	2
563	560	2
561	563	3
564	562	1
565	562	1
565	563	2
565	564	3
564	567	3
565	567	2
566	567	3
569	566	3
567	568	2
569	567	3
570	567	3
569	568	3
568	571	3
570	569	2
569	571	2
570	572	2
571	573	1
572	573	1
572	575	3
574	573	2
576	573	3
576	574	2
577	574	2
577	575	3
576	577	1
578	576	2
582	576	2
577	579	2
578	580	1
581	579	3
579	582	3
580	582	1
583	580	3
583	581	3
581	584	3
583	582	3
582	585	1
583	584	1
583	585	1
583	586	3
585	584	2
586	584	3
587	584	1
586	585	2
587	585	2
588	585	1
588	586	2
589	586	3
588	587	1
589	587	1
587	590	1
590	588	2
591	588	3
590	589	3
589	591	2
590	592	2
593	590	2
591	593	1
592	594	2
595	593	2
596	593	2
595	594	3
596	594	2
595	597	1
597	596	3
598	596	3
597	598	3
599	598	3
