2	0	2
3	0	3
598	0	2
0	599	3
0	174	2
263	0	3
453	0	3
2	1	1
1	3	1
1	4	3
599	1	1
158	1	3
137	1	2
486	1	1
4	2	2
2	5	3
599	2	3
353	2	2
434	2	2
3	5	1
3	47	1
413	3	2
6	4	3
107	4	1
4	253	3
5	7	3
8	5	3
209	5	1
108	5	3
5	509	3
6	8	3
6	54	1
6	263	2
7	9	1
10	7	2
7	238	2
7	38	3
265	7	2
8	9	1
8	11	2
8	545	1
8	494	2
9	11	2
9	17	3
9	231	2
12	10	2
538	10	2
520	10	1
13	11	3
14	11	2
11	366	3
128	11	3
213	11	3
13	12	1
14	12	1
12	204	2
14	13	2
16	13	2
13	201	2
13	452	1
16	14	1
14	17	3
294	14	2
14	53	2
240	14	1
557	14	1
15	17	3
15	285	1
342	15	1
239	15	1
18	16	2
580	16	2
16	94	2
16	83	2
385	16	1
416	16	3
18	17	3
19	17	1
17	20	3
249	17	3
373	17	1
18	19	2
20	18	3
18	21	2
18	254	3
19	21	2
19	22	3
347	19	2
71	19	1
19	117	3
20	21	1
20	22	1
20	23	1
61	20	2
21	23	2
24	21	3
448	21	2
21	88	3
22	24	1
25	22	3
147	22	3
22	205	1
22	293	1
380	22	2
22	558	1
25	23	2
242	23	2
423	23	1
23	216	2
23	276	3
26	24	2
24	412	1
24	170	3
375	24	3
24	469	1
26	25	2
25	27	3
88	25	1
25	133	1
26	27	2
29	26	2
498	26	1
318	26	1
27	29	1
27	291	3
388	27	2
27	167	3
28	29	3
28	30	2
28	361	3
333	28	3
28	420	2
31	29	2
124	29	3
148	29	3
119	29	3
29	275	3
417	29	3
30	31	2
33	30	2
30	558	3
238	30	3
30	267	1
30	512	3
32	31	1
31	33	1
34	31	3
313	31	3
32	34	1
32	35	1
396	32	3
232	32	2
32	418	3
34	33	2
35	33	1
33	36	2
34	35	1
34	36	3
34	37	3
72	34	3
35	36	3
37	35	2
38	35	2
87	35	2
35	517	2
38	36	1
36	426	2
223	36	3
36	317	1
341	36	1
38	37	2
37	39	2
387	37	1
544	37	3
37	570	1
38	39	2
38	41	3
38	324	3
40	39	1
39	41	3
39	42	1
272	39	2
541	39	1
40	42	1
40	43	1
40	525	1
40	143	1
41	42	2
44	41	2
41	376	3
42	44	3
42	45	1
42	535	2
43	44	1
46	43	2
323	43	1
168	43	1
46	44	2
47	44	1
583	44	1
45	46	3
48	45	2
163	45	1
294	45	3
45	352	2
47	46	3
49	46	1
46	302	2
46	276	3
47	49	2
47	50	2
47	70	3
388	47	2
48	50	2
51	48	3
48	262	1
84	48	1
198	48	3
51	49	3
49	52	2
49	444	3
49	404	2
49	478	1
507	49	3
50	51	1
50	53	2
324	50	2
112	50	3
122	50	1
52	51	2
51	53	3
130	51	1
283	51	3
51	321	3
51	379	3
54	52	1
55	52	1
513	52	3
535	52	2
53	55	1
56	53	1
449	53	3
53	555	1
56	54	1
57	54	3
271	54	3
381	54	1
447	54	3
534	54	3
55	56	2
55	58	1
55	535	2
55	577	3
58	56	2
56	59	3
56	378	3
56	170	1
57	58	2
57	59	3
546	57	3
496	57	3
57	524	1
58	60	1
58	61	1
390	58	3
58	165	3
59	60	2
62	59	3
59	298	2
59	314	2
489	59	2
60	61	2
63	60	3
440	60	1
60	187	3
295	60	1
514	60	2
61	63	3
61	64	3
63	62	2
65	62	3
62	88	1
227	62	1
62	296	1
63	64	2
63	65	2
66	63	1
120	63	2
64	65	2
64	66	2
64	345	3
64	487	3
66	65	2
67	65	3
440	65	3
68	66	3
66	69	2
237	66	2
66	246	1
67	69	2
67	115	2
67	139	2
212	67	3
357	67	2
68	69	1
71	68	2
68	422	2
68	208	3
69	70	2
69	72	1
69	324	1
348	69	3
70	71	3
72	70	3
70	73	1
70	516	3
73	71	3
71	459	1
86	71	1
71	243	2
383	71	1
71	470	1
74	72	2
501	72	1
76	72	3
72	124	1
236	72	2
72	303	3
73	75	3
76	73	3
73	479	2
255	73	2
374	73	2
76	74	1
74	554	1
178	74	3
75	76	1
78	75	3
413	75	3
75	361	2
75	575	3
77	76	2
79	76	3
77	78	1
77	79	1
77	80	3
77	547	3
78	79	2
78	80	1
78	81	3
278	78	3
407	78	1
79	80	1
79	81	2
79	82	3
79	284	2
80	82	2
83	80	1
80	153	2
80	138	1
187	80	3
203	80	3
82	81	3
81	83	1
81	84	1
82	84	2
166	82	1
82	159	3
184	82	3
85	83	3
83	86	1
86	84	1
84	190	3
84	115	2
341	84	3
85	86	3
88	85	3
408	85	1
85	107	3
85	266	2
86	87	1
89	86	3
87	89	2
87	90	3
87	152	3
88	90	1
521	88	3
88	480	3
90	89	1
89	91	3
89	92	3
417	89	2
91	90	2
90	93	1
130	90	3
245	90	1
451	90	1
91	93	2
460	91	2
481	91	2
91	411	2
91	499	2
527	91	1
92	93	1
95	92	2
92	293	2
93	94	1
96	93	1
423	93	3
94	96	2
171	94	3
234	94	3
104	94	1
347	94	2
455	94	1
95	96	2
95	97	3
98	95	1
95	323	1
96	97	2
99	96	1
96	126	1
98	97	3
99	97	3
409	97	2
98	99	1
98	101	3
98	576	1
102	98	3
250	98	3
100	99	1
99	101	3
102	99	1
100	102	3
100	233	1
100	311	2
100	259	3
101	102	3
104	101	1
204	101	3
395	101	3
102	104	1
102	488	2
153	102	2
102	272	3
103	104	3
103	106	1
103	159	2
103	444	2
104	106	3
104	107	3
536	104	3
105	107	1
108	105	3
105	419	3
106	108	1
109	106	3
106	146	1
106	489	1
107	109	1
333	107	1
110	108	2
108	237	2
163	108	2
108	378	3
109	111	3
112	109	1
109	235	2
286	109	1
112	110	1
110	113	1
110	265	1
392	110	3
111	113	2
114	111	2
349	111	2
112	113	2
115	112	3
112	365	1
113	115	3
116	113	2
533	113	3
113	144	1
116	114	1
114	117	1
133	114	3
292	114	1
114	339	3
117	115	2
115	358	1
233	115	3
390	115	2
476	115	1
116	118	2
478	116	2
539	116	3
117	118	1
120	117	1
117	130	1
584	117	3
120	118	2
121	118	1
532	118	2
118	319	1
120	119	2
119	121	2
121	120	2
120	123	1
120	415	1
567	120	1
122	121	1
124	121	1
153	121	1
124	122	3
350	122	3
124	123	3
123	125	2
123	367	1
123	191	2
126	124	1
124	387	1
369	124	1
125	126	3
128	125	3
125	406	2
125	225	1
125	340	1
126	127	3
126	129	1
276	126	2
553	126	2
128	127	1
127	129	1
297	127	1
129	128	3
131	128	1
410	128	3
129	130	1
129	131	3
129	132	1
131	130	1
130	132	3
131	132	2
131	133	2
134	131	2
133	132	2
132	134	3
132	135	3
133	135	1
459	133	1
263	133	2
134	136	3
134	137	2
134	386	3
135	136	2
137	135	2
135	331	3
135	235	2
335	135	3
562	135	1
137	136	2
136	138	3
136	139	1
137	138	2
140	137	2
137	581	3
140	138	1
138	141	1
166	138	2
257	138	2
138	461	1
138	523	1
587	138	3
141	139	1
139	486	1
139	258	2
140	142	1
140	460	1
140	579	1
140	217	3
142	141	3
143	141	2
141	183	3
181	141	2
141	389	2
142	144	2
142	491	2
481	142	1
298	142	3
414	142	3
444	142	2
143	145	1
146	143	2
144	145	2
147	144	1
144	231	1
576	144	3
147	145	1
583	145	3
145	541	1
326	145	1
148	146	2
146	578	2
146	564	3
149	147	2
150	147	3
147	272	3
148	150	2
307	148	3
148	436	3
481	148	2
149	150	3
149	151	1
149	152	3
210	149	2
149	311	3
149	382	2
149	559	3
152	150	2
150	528	2
150	456	3
182	150	3
150	254	1
150	477	1
152	151	2
151	153	1
217	151	1
306	151	2
151	363	1
154	152	2
152	155	3
152	258	3
342	152	3
154	153	1
155	153	3
153	159	3
154	155	1
157	154	3
340	154	1
323	154	1
571	154	2
155	157	2
155	535	2
165	155	3
157	156	3
159	156	2
587	156	3
158	157	2
157	160	2
157	479	3
157	437	1
158	159	3
160	158	2
161	158	1
167	158	2
183	158	2
158	355	2
159	160	2
159	162	1
391	159	3
160	162	1
163	160	2
160	418	2
162	161	1
161	163	3
164	161	2
164	162	2
162	326	2
162	372	3
178	162	3
163	165	3
163	414	3
271	163	3
163	338	2
165	164	1
164	166	2
164	167	1
424	164	1
564	164	2
165	167	1
165	382	3
236	165	3
168	166	1
267	166	2
166	422	3
167	169	3
167	252	3
170	168	2
171	168	2
169	171	3
169	172	3
575	169	2
169	594	1
172	170	3
173	170	1
170	274	1
172	171	2
171	174	2
171	530	2
171	195	2
359	171	3
476	171	3
173	172	2
172	175	3
370	172	3
270	172	1
322	172	3
174	173	1
175	173	3
173	176	2
450	173	3
175	174	3
174	176	1
177	174	2
175	177	3
211	175	3
175	200	3
178	176	2
179	176	3
458	176	2
200	176	3
178	177	1
177	180	3
317	177	3
178	180	1
178	181	2
180	179	2
179	182	3
179	483	3
291	179	3
179	353	2
179	368	2
181	180	1
182	180	3
180	183	1
182	181	2
181	183	2
566	181	3
182	183	2
185	182	2
185	183	3
289	183	2
185	184	2
184	187	3
187	185	2
188	185	3
412	185	1
508	185	3
186	188	2
186	189	1
498	186	2
186	394	1
189	187	3
345	187	1
190	188	2
188	191	3
510	188	1
189	190	3
189	191	2
255	189	3
189	465	1
190	192	2
193	190	1
430	190	2
193	191	3
194	191	2
325	191	3
192	193	1
194	192	2
192	195	3
193	194	2
193	196	1
354	193	1
229	193	1
193	482	2
195	194	3
194	196	3
513	194	2
529	194	2
197	195	1
195	263	2
198	196	1
196	199	3
201	196	3
198	197	3
199	197	3
197	261	2
197	239	3
198	199	1
200	198	3
344	198	3
351	198	2
198	498	3
199	200	2
199	201	2
199	202	1
199	593	2
201	200	2
202	200	3
201	203	2
201	281	3
369	201	2
201	216	3
201	397	2
201	558	1
204	202	2
202	205	3
202	263	3
202	429	1
576	202	2
203	205	1
203	450	2
206	204	3
204	557	3
497	204	2
204	343	2
205	206	1
208	205	1
537	205	1
208	206	2
209	206	2
318	206	3
208	207	1
210	207	3
207	322	3
207	424	2
207	560	2
208	209	3
208	211	2
279	208	3
433	208	2
208	532	2
209	210	1
211	209	3
212	209	3
209	325	3
210	211	3
210	213	3
211	212	1
211	213	2
211	214	1
472	211	1
214	212	3
383	212	1
212	465	1
213	215	1
213	579	3
515	213	2
214	216	2
214	217	1
214	415	1
216	215	3
215	218	3
215	232	1
281	215	1
218	216	2
217	219	2
220	217	2
289	217	2
218	220	2
218	221	1
218	595	3
218	230	2
392	218	3
526	218	2
219	221	2
222	219	1
219	379	3
219	403	2
221	220	3
220	222	3
220	223	1
220	235	1
223	221	3
221	467	1
221	265	1
349	221	3
222	224	3
222	225	1
222	586	3
223	225	1
226	223	3
223	515	3
225	224	2
227	224	3
593	224	2
227	225	1
225	228	3
405	225	1
225	412	3
226	227	2
228	226	3
226	284	3
358	226	2
229	227	1
227	474	3
227	309	2
228	229	3
228	231	3
228	269	1
229	231	3
229	510	2
308	229	2
231	230	2
233	230	1
335	230	3
516	230	2
231	233	2
564	231	1
231	237	1
231	315	1
232	233	3
234	232	3
538	232	2
234	233	2
235	233	1
234	235	3
234	236	1
234	237	1
538	234	1
237	235	1
238	236	3
239	237	3
237	519	2
238	240	3
527	238	1
241	239	2
240	242	1
243	240	2
241	242	3
244	241	1
241	428	2
242	244	2
242	393	1
242	251	2
243	244	2
245	243	2
243	426	2
244	246	3
244	247	1
244	414	1
245	246	2
245	247	1
248	246	1
246	570	2
248	247	1
247	249	3
247	250	1
247	301	3
248	249	2
251	248	2
248	562	3
251	249	3
249	350	2
249	528	1
250	252	2
253	250	1
342	250	3
252	251	1
253	251	2
251	254	1
252	254	2
430	252	2
254	253	2
253	256	3
550	253	2
374	253	1
402	253	1
256	254	2
257	255	3
434	255	2
541	255	2
256	257	3
256	258	2
256	259	3
259	257	2
489	257	1
260	258	1
336	258	1
258	367	3
259	260	1
259	261	1
260	261	2
262	260	3
263	260	1
263	261	3
357	261	3
267	261	3
264	262	1
262	286	1
573	262	1
264	263	3
263	265	1
266	264	2
264	267	1
457	264	2
264	468	2
264	505	3
266	265	2
268	265	3
499	265	2
267	266	3
269	266	1
269	267	3
267	270	2
268	270	2
268	271	3
336	268	1
271	269	1
272	269	1
371	269	1
272	270	1
273	270	2
467	270	1
273	271	3
472	271	3
391	271	2
274	272	3
273	274	1
273	275	2
510	273	1
275	274	3
274	277	1
362	274	3
276	275	2
275	278	3
278	276	2
276	443	3
278	277	3
280	277	3
310	277	3
280	278	1
278	315	3
278	471	2
280	279	2
282	279	3
279	497	2
280	282	2
304	280	1
280	337	2
280	550	2
282	281	2
284	281	3
281	313	2
281	355	2
281	423	3
284	282	3
282	556	3
282	494	2
285	283	3
286	283	1
284	286	1
287	284	1
475	284	3
285	286	1
287	285	3
285	288	1
288	286	3
289	286	3
287	288	2
289	287	1
290	287	1
287	589	1
288	289	2
290	288	3
288	578	3
289	291	1
289	344	3
291	290	1
292	290	1
293	290	2
438	290	3
290	574	1
293	291	3
587	291	2
583	291	1
294	292	1
292	577	3
293	294	3
296	293	3
293	459	2
294	296	1
350	294	3
295	296	1
295	297	2
303	295	1
297	296	1
299	296	1
297	298	2
299	297	3
297	300	2
298	299	1
301	298	3
301	299	1
302	299	2
299	514	1
301	300	1
302	300	2
303	300	1
300	401	1
556	300	1
301	303	1
304	301	1
301	542	1
303	302	2
302	304	2
302	500	3
302	553	3
303	305	1
304	305	1
306	304	2
304	307	1
306	305	1
305	307	3
305	556	1
308	306	1
306	505	3
552	306	1
308	307	1
307	310	3
424	307	3
578	307	1
309	308	3
310	308	1
311	309	1
309	312	1
309	412	1
310	312	1
310	358	3
373	310	1
491	310	1
313	311	1
311	519	3
311	337	1
313	312	2
312	314	3
312	591	1
312	507	3
313	315	2
315	314	1
314	317	2
315	316	1
315	317	3
316	317	1
319	316	2
316	413	1
318	317	3
317	320	2
320	318	1
321	318	3
319	321	2
319	362	2
479	319	2
320	321	1
322	320	2
323	320	1
321	322	2
321	324	1
321	598	1
324	322	2
580	322	1
597	322	2
325	323	1
324	326	1
324	327	2
327	325	3
326	327	3
328	326	1
327	328	3
329	327	2
583	327	1
328	330	2
328	331	3
492	328	2
396	328	1
328	554	3
330	329	1
331	329	1
332	329	3
330	331	2
332	330	1
357	330	3
331	332	3
333	331	3
334	331	3
331	396	2
334	332	1
332	335	3
332	490	3
332	393	2
335	333	3
336	333	1
334	335	2
336	334	2
334	378	3
337	335	1
336	337	2
336	339	2
514	336	1
336	409	1
337	338	3
340	337	2
447	337	2
338	340	3
341	338	3
339	340	1
341	339	3
339	418	1
341	340	1
343	340	1
343	341	1
341	475	2
344	342	1
344	343	3
343	346	3
344	345	2
344	347	2
345	347	2
345	348	2
345	360	1
502	345	1
346	347	2
346	348	3
560	346	1
346	501	3
349	347	1
358	347	2
348	350	3
351	348	1
466	348	3
351	349	1
349	350	3
350	351	3
350	353	1
350	365	1
353	351	3
351	354	2
352	354	3
352	548	1
354	353	1
356	353	3
355	354	2
356	354	1
394	354	3
355	357	3
356	357	3
356	359	3
356	461	2
358	357	1
357	360	3
360	358	3
503	358	1
358	493	2
360	359	1
362	359	3
360	362	3
360	444	2
360	413	3
432	360	2
361	362	2
364	361	1
511	361	3
362	363	2
365	362	1
408	362	2
362	437	3
363	364	1
363	366	2
365	364	1
364	367	1
364	385	2
367	365	2
517	365	2
368	366	3
366	373	3
497	366	2
366	565	2
367	369	2
367	437	1
370	368	2
368	371	2
368	490	2
371	369	3
372	369	3
369	387	3
371	370	3
370	372	3
370	373	3
370	525	1
371	372	1
371	373	3
374	371	1
373	372	2
374	372	3
372	375	3
373	374	3
373	375	2
374	376	1
375	377	3
375	378	1
551	375	1
377	376	1
376	378	3
376	379	1
377	378	2
377	379	1
377	589	1
379	378	1
378	381	1
378	473	2
380	379	1
379	382	3
381	380	2
383	380	2
382	381	2
381	384	1
381	463	1
384	382	1
385	382	3
383	385	3
452	383	1
435	383	1
385	384	3
387	384	3
384	491	2
387	385	3
385	388	1
385	578	3
387	386	3
386	389	1
386	588	2
441	386	3
386	458	2
545	386	2
387	389	1
387	390	1
387	511	1
388	389	2
391	388	3
469	388	3
391	389	1
582	389	2
391	390	2
393	390	2
391	393	3
391	432	1
392	394	2
395	393	2
393	396	1
396	394	1
468	394	3
395	396	2
398	395	1
396	398	3
398	397	1
399	397	3
399	398	1
400	398	2
398	401	1
399	400	2
399	401	1
399	402	2
400	402	2
403	400	3
405	400	1
400	409	3
403	401	3
401	404	1
401	580	1
404	402	2
402	405	1
402	543	3
404	403	3
406	403	1
406	404	1
404	407	2
406	405	1
408	405	2
406	407	2
406	409	3
406	565	2
409	407	1
407	547	1
407	550	3
410	408	1
408	513	3
569	408	2
411	409	2
524	409	2
412	410	3
410	413	2
413	411	1
414	411	3
448	411	2
414	412	2
414	413	3
413	415	3
440	413	1
504	413	3
415	414	1
414	416	1
536	414	2
415	416	1
415	417	1
415	498	2
521	415	3
416	417	3
419	416	2
417	419	1
519	417	2
547	417	3
420	418	3
420	419	1
421	419	2
422	419	1
421	420	2
423	420	3
422	421	2
423	421	1
424	421	3
445	421	1
422	424	3
422	425	3
423	425	1
426	423	2
424	426	1
424	480	1
425	426	1
427	425	1
425	428	1
427	426	3
426	429	2
426	484	1
428	427	1
430	427	3
498	427	1
427	543	3
428	430	1
428	438	3
467	428	1
431	429	2
432	429	2
430	431	1
430	432	2
433	430	2
431	432	2
431	433	1
434	431	3
431	546	1
432	434	1
434	433	2
433	435	2
434	435	2
434	437	2
435	436	3
435	437	1
436	437	2
438	436	2
439	436	2
439	437	1
438	439	2
441	438	3
439	440	2
441	439	2
439	442	2
442	440	1
443	440	1
440	500	2
442	441	2
443	441	3
442	443	2
442	444	3
442	445	1
442	533	1
443	445	3
443	446	3
444	446	3
444	503	1
447	445	2
448	445	2
447	446	2
446	448	1
446	506	3
520	446	3
449	447	3
447	554	2
448	450	3
451	448	3
451	449	2
560	449	2
460	449	3
450	451	1
453	450	3
451	453	3
451	454	3
452	453	1
455	452	1
455	453	3
456	453	2
453	506	2
569	453	2
455	454	2
454	457	1
528	454	3
462	454	1
456	455	3
455	458	3
457	456	2
456	458	1
456	459	3
457	459	2
457	504	3
457	536	3
472	457	3
458	459	2
458	460	1
460	459	2
461	459	2
461	460	1
460	463	2
462	461	2
463	461	3
462	463	2
464	462	1
463	465	3
463	466	1
465	464	2
464	466	1
464	467	1
464	591	1
465	467	2
468	466	1
469	466	3
467	469	3
470	467	1
469	468	2
471	468	2
471	469	1
471	470	3
473	470	1
473	471	2
471	474	3
474	472	1
472	492	3
495	472	3
472	592	1
473	475	1
473	476	3
476	474	1
477	474	2
555	474	2
475	477	1
478	475	2
478	476	3
477	478	2
479	477	2
478	480	3
479	481	2
479	482	3
482	480	1
481	483	1
481	484	1
482	484	1
545	482	1
484	483	2
485	483	1
486	483	1
484	486	2
487	484	3
485	486	1
487	485	3
485	488	2
487	486	1
486	489	1
487	488	3
487	490	3
590	487	2
489	488	1
488	490	2
491	488	2
491	489	1
491	490	2
493	490	3
492	491	1
491	494	2
491	495	1
492	493	1
492	494	2
495	493	3
589	493	3
495	494	2
494	496	1
497	495	1
496	497	3
496	498	1
498	497	3
500	497	1
519	497	3
528	497	1
551	497	2
498	500	2
499	501	2
500	501	2
500	502	1
500	582	1
503	501	1
548	501	2
503	502	2
505	502	2
503	504	3
505	503	3
505	504	3
507	504	2
506	505	3
505	508	1
508	506	1
509	506	3
507	509	1
507	561	2
508	509	2
511	508	1
509	510	2
512	509	1
510	511	1
510	512	1
510	513	3
513	511	2
522	511	3
511	586	3
512	513	2
515	512	1
514	513	2
513	515	1
513	516	3
557	513	3
515	514	1
517	514	2
517	515	2
515	518	3
518	516	3
517	519	1
520	517	3
519	518	3
518	520	3
518	521	1
519	521	3
521	520	3
523	520	1
523	521	1
524	521	3
523	522	3
522	525	3
523	524	2
526	523	2
526	524	2
525	526	1
528	525	2
528	526	3
529	526	3
529	527	2
527	530	1
528	530	1
529	530	3
531	529	1
531	530	1
530	532	1
533	530	1
532	531	2
531	533	3
531	534	1
534	532	1
532	535	2
534	533	1
536	533	1
536	534	2
534	537	1
535	537	1
538	535	2
536	538	1
538	537	2
537	540	3
540	538	2
539	540	2
539	542	1
539	553	3
540	541	3
542	540	3
543	540	1
543	541	3
542	543	3
542	545	3
545	543	1
544	546	3
544	565	3
547	545	1
545	548	1
546	547	2
548	546	1
547	549	3
570	547	3
548	549	3
550	548	2
548	551	2
550	549	2
551	549	3
549	552	1
552	550	2
551	553	2
582	551	3
553	552	2
555	552	2
553	555	3
556	554	1
557	555	2
555	584	2
557	556	1
559	556	2
557	559	1
560	558	1
558	573	2
559	560	1
562	559	3
560	562	3
560	563	1
562	561	3
561	563	2
563	562	2
565	562	2
563	564	3
563	565	2
566	563	2
564	565	1
564	567	2
566	565	1
567	565	1
568	566	3
569	566	2
568	567	3
567	570	2
568	569	3
568	570	2
571	568	1
595	568	3
571	569	3
572	570	2
571	572	3
573	571	2
572	573	1
574	572	2
572	575	3
573	574	3
576	573	1
574	576	1
577	574	1
575	576	1
577	575	2
578	576	2
579	577	3
577	580	1
580	578	1
580	579	3
581	579	2
582	579	2
580	581	3
582	580	3
581	582	1
583	581	1
584	582	3
584	583	1
583	585	1
586	584	3
587	584	1
585	586	2
587	585	3
588	585	1
586	587	2
589	586	3
589	587	1
590	587	2
589	588	3
590	588	1
588	591	3
590	589	1
591	589	3
590	591	1
590	593	3
593	591	3
594	591	3
592	593	2
595	592	1
594	593	3
593	596	1
594	595	1
597	594	1
595	596	3
595	598	1
596	597	2
596	598	2
596	599	3
597	598	2
