0	2	2
0	597	1
0	599	1
436	0	1
0	182	1
0	8	3
0	73	3
1	2	1
1	4	1
599	1	3
1	207	2
118	1	1
2	4	2
599	2	3
261	2	2
420	2	1
5	3	3
34	3	3
558	3	2
90	3	2
6	4	2
4	7	2
182	4	3
167	4	1
335	4	2
5	6	1
8	5	3
5	188	3
5	66	2
143	5	2
5	157	1
171	5	2
311	5	2
321	5	2
5	379	1
6	7	1
8	6	3
6	9	1
6	43	2
52	6	2
144	6	1
6	226	1
464	6	3
7	9	2
7	115	3
405	7	2
9	8	3
11	8	1
339	8	3
36	8	1
8	174	3
9	10	3
12	9	1
9	170	2
112	9	2
11	10	1
10	12	2
572	10	3
474	10	3
11	13	3
545	11	3
75	11	2
12	14	2
12	563	2
276	12	1
12	344	2
13	14	1
16	13	1
292	13	2
13	298	1
14	15	2
17	14	3
14	229	3
24	14	3
15	17	3
15	162	1
58	15	1
16	18	1
351	16	2
334	16	3
70	16	3
16	597	3
17	19	2
492	17	2
506	17	3
17	524	1
534	17	3
18	19	1
21	18	1
212	18	1
23	18	2
19	20	1
21	19	3
22	19	2
19	36	3
19	80	1
429	19	3
20	21	1
20	22	1
20	23	2
21	22	2
21	23	3
24	21	1
21	129	3
156	21	1
21	260	2
21	585	3
22	24	2
22	257	3
22	150	1
23	24	1
26	23	3
25	24	2
24	27	2
27	25	3
25	289	3
25	469	3
348	25	3
25	466	1
27	26	2
29	26	2
534	26	2
26	371	3
27	28	2
29	27	2
30	27	3
27	380	2
30	28	1
28	31	2
442	28	1
29	30	1
31	29	3
297	29	1
30	32	3
30	33	1
533	30	2
32	31	2
34	31	2
573	31	2
31	243	3
33	32	1
32	34	2
32	35	2
454	32	2
32	521	1
32	532	2
34	33	3
36	33	1
583	33	3
33	248	1
34	35	1
37	34	1
34	186	2
542	34	1
36	35	1
37	35	1
387	35	1
67	35	1
383	35	2
35	530	2
38	36	2
36	379	1
37	39	1
37	40	2
471	37	3
37	556	2
38	39	3
41	38	3
38	507	3
39	40	3
39	41	3
42	39	2
353	39	3
40	42	3
43	40	1
102	40	1
40	57	1
40	94	1
529	40	1
41	42	2
41	43	3
41	191	3
167	41	2
41	363	2
44	42	2
42	45	1
50	42	1
244	42	1
479	42	3
43	44	3
45	43	3
43	205	2
43	218	1
46	44	3
306	44	2
44	423	2
81	44	2
45	46	1
47	45	2
48	45	3
109	45	1
443	45	3
47	46	1
48	46	2
233	46	3
455	46	1
47	49	3
460	47	1
47	156	2
64	47	1
50	48	1
422	48	3
48	472	2
134	48	1
48	175	3
280	48	3
49	51	1
49	564	2
49	169	2
51	50	2
50	53	2
50	590	1
115	50	2
53	51	2
54	51	1
72	51	3
98	51	1
51	396	2
52	54	3
55	52	2
53	54	2
53	56	1
553	53	2
55	54	2
57	54	3
54	167	1
54	523	3
55	57	3
55	58	2
55	586	1
134	55	3
56	58	1
534	56	1
56	553	3
124	56	3
56	210	1
59	57	3
60	57	2
59	58	1
58	61	2
58	125	1
58	116	3
59	61	1
455	59	1
511	59	2
62	60	1
63	60	2
60	489	3
63	61	2
64	61	3
524	61	3
62	63	1
64	62	2
62	421	2
63	65	1
66	63	3
63	595	2
192	63	3
308	63	2
64	66	3
64	507	3
65	66	2
67	65	3
65	381	2
65	101	3
65	273	3
68	66	3
224	66	3
472	66	2
69	67	2
67	70	2
67	362	2
68	70	1
71	68	2
231	68	2
71	69	1
72	69	2
355	69	3
546	69	2
70	71	2
73	70	2
77	70	1
396	70	1
70	581	3
71	73	2
71	74	3
71	330	3
108	71	3
71	160	1
71	398	3
72	74	1
72	530	2
364	72	1
72	268	3
72	385	3
75	73	2
240	73	2
73	114	1
73	154	1
73	509	3
76	74	3
561	74	1
168	74	2
497	74	3
75	77	3
78	75	2
75	463	3
75	267	2
75	423	1
76	78	1
79	76	1
380	76	3
76	289	3
372	76	2
594	76	1
77	78	3
80	77	3
79	78	1
80	78	3
81	78	2
79	80	2
79	82	1
79	416	2
82	80	2
446	80	2
439	80	1
83	81	3
288	81	2
82	83	3
84	82	1
82	207	2
83	84	3
83	85	1
86	83	1
170	83	2
584	83	2
84	85	1
87	84	1
84	561	2
85	87	2
85	177	2
507	85	2
85	104	1
110	85	3
86	87	3
86	88	1
86	438	1
86	431	3
88	87	2
87	90	3
386	87	1
87	323	3
87	527	3
88	89	3
90	88	1
88	91	1
88	419	2
420	88	3
91	89	3
89	92	3
89	472	3
89	567	3
90	91	2
90	93	2
91	93	1
365	91	1
522	91	2
93	92	1
95	92	3
92	455	3
92	534	3
94	93	1
93	96	1
208	93	1
94	95	3
97	94	2
94	421	3
97	95	2
178	95	3
95	149	3
96	98	3
482	96	2
334	96	2
96	420	1
97	99	3
100	97	3
253	97	1
97	197	3
99	98	3
98	101	1
256	98	2
358	98	3
99	101	2
102	99	3
99	578	1
99	246	1
99	271	2
101	100	3
100	103	1
100	318	3
195	100	2
102	101	2
104	101	2
314	101	1
101	394	3
469	101	3
102	104	2
105	102	2
102	234	1
102	198	3
103	104	3
103	105	3
543	103	2
105	104	2
107	104	3
105	106	2
107	105	1
105	108	2
105	138	1
107	106	1
106	109	3
106	209	1
106	158	1
107	109	3
107	124	2
107	421	1
108	110	1
111	108	1
109	110	2
109	112	3
240	109	2
110	112	2
110	113	1
110	339	2
448	110	1
113	111	2
426	111	1
111	130	2
122	111	1
112	113	3
112	115	1
112	351	2
114	113	2
116	113	1
393	113	3
113	311	1
116	114	3
114	276	2
114	183	2
114	368	1
114	436	3
117	115	3
115	118	2
115	357	2
446	115	1
528	115	3
116	118	2
116	119	1
117	119	2
117	350	1
117	536	3
118	120	2
121	118	1
255	118	2
120	119	1
119	121	2
230	119	2
121	120	3
120	122	3
123	120	1
571	120	2
121	122	1
124	121	3
154	121	3
132	121	3
122	124	3
122	125	2
122	309	1
124	123	2
123	125	3
123	302	3
123	186	3
123	214	3
124	126	2
124	189	1
124	305	1
124	343	3
125	127	2
128	125	3
125	594	1
241	125	1
126	127	2
126	129	1
513	126	3
126	386	2
129	127	3
130	127	1
571	127	2
560	127	2
130	128	1
128	131	3
147	128	3
588	128	1
131	129	2
129	132	2
129	161	2
130	131	3
133	130	3
164	130	3
130	451	1
133	131	1
131	134	1
567	131	2
132	133	3
132	134	1
133	134	1
135	133	3
200	133	1
360	133	3
136	134	1
135	137	2
138	135	3
135	423	3
135	342	2
136	138	1
139	136	2
572	136	3
136	395	2
136	586	1
137	138	1
137	139	3
137	143	1
140	138	1
138	141	2
303	138	1
138	382	1
140	139	1
139	142	1
556	139	1
207	139	2
140	141	2
142	140	2
143	140	1
140	178	3
142	141	2
141	143	2
141	470	2
367	141	1
143	142	2
142	144	1
142	425	1
142	147	1
142	391	2
143	145	2
143	244	2
146	144	1
434	144	1
201	144	2
144	263	3
393	144	2
505	144	3
146	145	3
145	147	2
145	148	2
145	296	3
146	147	2
148	146	3
149	146	3
146	455	1
147	149	3
147	408	3
150	148	2
151	148	3
389	148	2
150	149	1
151	149	2
149	152	1
150	151	3
152	150	2
402	150	2
152	151	1
151	153	2
151	166	1
153	152	2
154	152	1
152	245	3
153	155	2
153	156	2
242	153	3
153	496	2
155	154	1
154	157	1
155	157	2
308	155	3
155	594	1
306	155	2
519	155	3
156	158	1
156	368	3
157	159	1
157	160	3
158	159	2
158	161	3
281	158	3
160	159	1
159	161	2
159	162	3
159	168	3
320	159	1
480	159	3
161	160	3
162	160	3
500	160	3
161	163	3
597	161	2
161	492	3
162	164	3
165	162	2
162	331	1
435	162	3
163	164	3
165	163	3
425	163	1
165	164	3
164	166	2
167	164	2
165	166	3
168	165	1
250	165	2
208	165	3
482	165	3
168	166	2
169	166	3
166	207	3
277	166	1
570	166	3
169	167	2
168	170	1
168	171	2
168	228	2
168	413	1
168	498	1
171	169	3
172	169	1
270	169	3
444	169	3
502	169	3
541	169	2
171	170	1
170	172	2
172	171	1
174	171	1
206	171	3
231	171	1
344	171	3
172	173	3
172	174	1
172	537	2
172	489	1
175	173	1
173	449	3
337	173	3
333	173	2
496	173	2
176	174	1
174	177	2
348	174	3
511	174	2
177	175	1
340	175	1
176	178	3
179	176	1
398	176	2
176	322	3
407	176	2
178	177	3
177	179	1
180	177	3
579	177	3
178	180	1
543	178	3
179	181	3
179	349	1
179	243	2
181	180	3
180	183	2
426	180	3
181	182	2
181	183	3
181	184	2
181	539	1
568	181	1
182	183	3
182	185	1
182	233	2
182	225	2
182	436	1
184	183	2
185	183	2
503	183	3
185	184	2
186	184	1
573	184	2
185	186	1
185	188	3
185	471	1
473	185	1
187	186	3
186	188	1
187	189	1
190	187	3
187	436	3
187	227	2
291	187	2
190	188	3
191	188	2
555	188	3
188	442	1
189	190	2
192	189	1
189	209	2
189	262	3
378	189	3
522	189	1
189	526	2
192	190	1
190	465	1
190	491	2
190	240	1
334	190	2
193	191	1
191	194	3
261	191	3
192	193	1
192	194	1
192	474	1
192	478	2
194	193	3
195	193	1
320	193	1
215	193	2
193	460	1
194	195	3
197	194	2
194	395	3
194	233	2
196	195	2
195	197	2
196	198	1
196	199	3
501	196	1
197	199	2
200	197	1
315	197	2
198	200	1
225	198	3
289	198	1
199	201	2
199	202	1
199	322	2
554	199	1
201	200	3
202	200	3
262	200	1
200	203	1
203	201	3
409	201	2
204	202	3
202	205	3
202	560	1
203	205	1
397	203	3
203	269	2
206	204	1
327	204	2
204	236	2
207	205	2
518	205	1
360	205	1
206	207	2
206	209	2
432	206	2
207	208	3
210	207	1
208	209	1
211	208	3
209	211	3
212	209	3
275	209	1
209	424	1
212	210	3
210	386	3
365	210	1
211	212	3
214	211	2
357	211	2
212	214	2
215	212	3
302	212	2
214	213	3
215	213	3
392	213	3
414	213	2
513	213	2
216	214	2
214	393	3
223	214	2
214	255	1
216	215	2
215	218	3
512	215	3
218	216	2
219	216	1
216	256	2
218	217	2
219	217	3
220	217	1
218	219	3
218	221	2
220	219	3
219	221	2
219	222	3
219	336	1
431	219	1
221	220	1
222	220	3
511	220	3
220	352	2
221	222	1
221	224	3
530	221	1
221	437	1
222	223	2
224	222	3
222	225	1
223	225	3
468	223	2
484	223	1
224	225	1
226	224	1
224	583	3
227	225	1
228	225	1
226	228	2
226	485	1
229	227	1
230	227	3
230	228	1
228	231	3
470	228	1
583	228	2
229	230	2
231	229	2
232	229	1
231	230	2
233	230	1
230	597	1
530	230	3
233	231	3
234	231	2
234	232	2
232	235	1
232	424	2
232	307	1
235	233	3
236	233	1
250	233	3
233	399	1
235	234	2
236	234	3
234	237	2
234	592	1
236	235	3
235	237	2
238	235	3
235	248	1
236	238	3
236	267	1
236	341	3
239	237	2
499	237	3
528	237	3
239	238	3
238	240	2
238	241	2
239	240	2
239	242	1
484	239	2
242	240	2
240	463	1
242	241	1
241	244	3
244	242	3
245	242	3
355	242	1
275	242	1
460	242	1
243	245	2
243	246	1
259	243	2
244	246	2
375	244	1
244	264	3
244	452	2
245	246	3
248	245	2
245	598	3
375	245	3
245	590	3
246	248	3
295	246	1
246	531	1
247	249	2
247	372	1
247	354	2
282	247	2
248	250	1
297	248	1
312	248	3
251	249	2
252	249	1
325	249	2
252	250	1
580	250	3
251	252	3
251	254	3
495	251	3
469	251	1
251	575	2
253	252	3
252	254	3
521	252	2
288	252	1
253	254	2
256	253	3
253	591	2
256	254	2
254	257	1
388	254	2
335	254	2
255	257	1
255	258	2
266	255	3
526	255	3
256	258	3
256	259	3
256	290	2
257	259	1
257	592	1
467	257	3
258	260	2
258	261	2
426	258	2
261	259	2
262	259	1
261	260	2
260	263	1
261	263	2
261	264	2
261	400	1
261	377	3
262	264	1
316	262	3
263	264	2
266	263	2
263	270	1
263	402	2
264	265	1
264	266	2
430	264	1
265	267	3
444	265	1
265	286	2
591	265	1
266	267	3
266	268	3
266	299	1
409	266	1
267	268	1
267	269	1
444	267	3
267	545	2
269	268	3
271	268	3
286	268	2
269	271	3
522	269	1
272	270	3
270	273	2
272	271	3
273	271	2
272	273	1
274	272	3
275	272	1
273	275	3
492	273	3
273	416	3
273	458	1
275	274	2
277	274	2
292	274	2
276	275	2
278	275	1
456	275	3
276	277	1
276	279	1
577	276	1
276	514	1
279	277	1
352	277	3
277	346	1
278	279	2
278	280	2
281	278	2
280	279	3
279	281	1
282	279	2
281	280	1
282	280	3
281	282	3
284	281	3
282	284	1
282	285	2
283	284	1
285	283	3
286	283	3
284	286	1
287	284	3
536	284	1
284	293	2
284	415	3
285	286	1
287	285	2
285	288	3
286	287	1
289	286	3
288	287	1
287	289	2
290	287	1
287	533	2
288	290	3
288	291	1
289	291	1
289	331	3
290	292	2
293	290	3
293	291	2
291	294	3
313	291	1
434	291	1
291	572	1
291	593	3
292	293	2
294	292	3
478	292	1
295	293	2
332	293	1
294	295	1
294	296	3
297	294	1
537	294	1
295	296	3
297	295	2
295	532	2
296	298	2
299	296	2
299	297	3
300	297	2
299	298	2
300	298	2
298	402	2
300	299	1
299	301	2
535	299	2
300	301	3
302	300	1
303	300	3
302	301	3
303	301	3
301	304	2
304	302	3
302	305	1
411	302	3
305	303	1
306	303	1
306	304	2
307	304	1
576	304	3
307	305	1
379	305	1
308	306	3
306	309	1
307	308	2
307	310	1
364	307	1
308	309	2
311	308	1
311	309	3
312	309	1
589	309	2
312	310	2
310	469	1
310	498	2
310	359	2
404	310	2
313	311	3
313	312	1
315	312	2
312	448	1
315	313	1
316	313	3
315	314	3
314	317	3
316	315	2
318	315	3
316	317	2
316	318	2
316	319	2
317	319	1
317	320	3
330	317	1
318	319	3
318	321	2
318	444	2
318	487	3
319	321	2
319	322	2
364	319	2
319	355	2
321	320	3
323	320	1
321	323	1
321	462	3
321	475	2
322	324	2
325	322	1
322	582	2
323	325	3
326	323	2
326	324	2
327	324	1
324	420	1
327	325	2
325	328	1
325	546	2
326	327	2
326	328	2
329	326	3
327	328	1
327	329	3
327	330	1
328	330	2
328	331	3
438	328	3
501	328	3
331	329	2
329	332	3
440	329	1
329	468	3
331	330	2
330	332	2
330	333	1
595	330	3
332	331	3
334	331	1
332	333	3
335	332	1
332	447	2
335	333	3
336	333	1
334	335	2
334	336	3
335	337	2
336	338	1
336	377	3
338	337	2
337	339	1
337	522	3
337	555	1
338	340	2
338	341	2
338	585	1
562	338	3
339	340	3
342	339	3
354	339	3
453	339	1
340	341	2
342	340	3
340	343	2
342	341	3
343	341	2
341	354	1
342	343	1
344	342	3
345	343	2
346	343	2
344	346	2
388	344	1
344	433	2
345	346	2
347	345	3
502	345	3
348	346	2
346	531	2
559	346	2
347	348	1
350	347	1
432	347	1
347	428	3
350	348	3
348	453	2
348	543	3
349	351	3
349	352	2
349	453	2
350	351	2
350	352	1
353	350	3
382	350	1
353	351	2
351	354	3
354	352	1
352	355	3
354	353	1
356	353	2
356	354	3
354	357	1
356	355	2
355	358	1
355	517	1
356	357	2
358	356	2
356	359	3
357	359	1
360	357	2
358	359	2
358	360	1
359	360	2
359	362	2
359	388	2
359	513	3
362	360	2
360	384	1
505	360	2
363	361	2
414	361	1
361	457	3
362	363	2
365	362	3
362	378	1
365	363	1
509	363	2
365	364	2
366	364	1
365	367	2
402	365	2
365	371	3
366	367	2
366	369	3
533	366	3
369	367	3
505	367	3
367	422	2
369	368	3
368	371	1
398	368	1
368	491	2
370	369	2
369	372	1
369	595	2
476	369	1
371	370	1
370	373	2
370	525	1
371	373	2
461	371	1
373	372	2
372	375	2
375	373	3
373	378	3
490	373	1
373	544	1
375	374	1
374	376	3
374	422	1
377	375	1
378	375	3
378	376	3
376	379	3
547	376	3
481	376	3
379	377	2
377	380	1
380	378	3
477	378	2
379	381	2
379	542	1
380	382	3
383	380	2
381	382	3
381	383	1
384	381	2
381	405	1
384	382	1
382	489	1
383	385	1
386	383	3
563	383	1
386	384	3
384	439	1
385	387	3
385	388	1
385	578	3
388	386	2
386	389	2
388	387	3
387	389	1
390	387	2
390	388	3
390	389	3
389	391	1
496	389	2
391	390	2
392	390	1
390	542	2
391	393	2
394	391	3
391	447	2
392	394	1
395	392	2
502	392	3
394	393	2
395	393	3
395	394	1
397	394	3
397	395	3
395	398	2
395	443	1
398	396	3
399	397	1
400	397	2
397	409	2
400	398	2
399	400	1
402	399	2
401	400	1
402	400	3
400	403	2
400	596	2
401	402	3
403	401	2
401	411	2
402	404	1
405	403	2
454	403	1
509	403	3
406	404	2
404	407	3
405	407	3
405	408	1
406	407	3
408	406	2
406	522	3
409	407	1
410	407	1
408	409	1
411	408	3
408	519	3
410	409	1
411	409	2
410	411	1
410	412	3
410	462	2
552	410	3
411	413	3
571	411	1
451	411	3
413	412	1
412	414	1
415	412	1
413	415	2
416	413	1
415	414	1
417	414	2
536	414	2
415	416	3
415	418	1
417	416	2
416	419	3
495	416	3
418	417	2
417	420	1
599	417	1
419	418	3
418	421	1
418	442	3
421	419	1
422	419	3
420	422	2
421	423	2
511	421	3
422	423	3
425	422	1
425	423	1
426	423	3
425	424	1
427	424	3
426	425	1
427	425	3
425	428	3
428	426	1
426	429	2
509	426	3
577	426	1
427	429	1
427	430	1
427	434	1
428	429	1
431	428	1
431	429	1
429	432	2
430	431	2
430	433	1
431	433	2
432	434	1
435	432	1
435	433	2
433	436	1
434	436	3
437	434	2
437	435	3
435	438	3
436	438	1
518	436	2
437	439	2
437	440	2
439	438	1
438	440	1
438	441	1
439	441	3
442	439	2
440	442	3
440	443	1
440	519	3
440	557	2
440	587	2
441	442	1
443	441	3
444	441	2
443	442	1
445	442	1
443	445	3
446	444	3
445	446	3
447	445	2
445	448	3
446	448	3
449	446	2
447	449	2
450	447	2
450	448	2
449	450	2
449	451	3
452	449	1
452	450	2
453	450	1
463	450	2
451	453	2
454	451	1
453	452	2
452	454	3
453	455	1
454	456	3
457	454	3
455	457	1
456	458	3
459	456	1
458	457	2
459	457	3
457	460	3
460	458	2
458	461	1
460	459	1
461	459	3
459	462	1
462	460	2
461	462	2
464	461	3
463	462	1
464	462	2
465	462	1
463	464	1
463	466	3
464	465	1
464	467	1
465	466	1
465	467	2
468	465	1
561	465	1
569	465	3
465	575	3
466	467	1
469	466	3
467	468	1
470	467	2
510	467	2
469	468	1
470	468	3
471	469	1
471	470	2
470	472	1
471	472	1
471	473	3
474	471	3
472	473	2
475	472	2
473	474	3
476	473	2
474	476	3
477	475	3
596	475	2
478	476	1
479	476	2
479	477	3
480	477	2
480	478	1
524	478	1
479	481	2
479	482	2
481	480	2
483	480	2
482	481	3
481	483	1
481	578	1
482	484	2
482	485	3
565	482	2
483	484	2
483	485	1
486	483	3
484	486	2
487	484	2
487	485	1
488	485	2
580	485	2
485	525	3
487	486	1
488	486	3
555	486	2
487	489	2
490	487	3
488	490	3
488	491	3
488	582	2
488	529	2
491	489	3
490	491	3
490	492	1
490	493	1
493	491	1
494	491	3
491	535	1
493	492	2
492	495	3
494	493	1
496	493	2
493	509	3
493	544	1
493	566	2
496	494	3
497	494	3
494	506	1
495	497	2
498	495	1
498	496	2
498	497	2
497	500	3
498	499	1
500	498	3
500	499	3
499	501	1
502	499	3
500	502	2
500	564	3
501	502	2
504	501	2
502	504	3
502	505	1
503	505	2
503	506	3
504	505	1
504	506	1
507	504	2
505	507	2
507	506	1
508	506	3
506	556	3
508	507	1
507	509	3
507	510	3
509	508	2
508	510	2
508	511	1
509	510	2
511	509	1
512	510	3
513	510	3
585	510	2
511	512	3
513	511	1
512	514	3
512	515	1
513	515	3
514	516	3
575	514	3
515	516	3
517	515	2
518	515	1
516	517	3
516	518	2
519	516	2
517	519	1
517	520	2
518	519	2
518	521	3
521	519	1
519	522	2
520	521	3
522	520	2
520	555	3
523	521	3
524	521	2
522	524	3
525	522	3
523	525	2
523	526	2
524	525	1
524	526	3
525	526	1
528	525	2
525	537	3
526	528	3
527	528	3
527	530	2
529	528	3
528	531	2
529	531	2
532	530	2
533	531	1
531	534	2
533	532	3
532	535	2
534	533	3
535	533	3
534	536	3
537	535	1
537	536	3
539	536	1
539	537	3
539	538	2
538	540	2
538	541	3
540	539	2
539	542	2
541	540	2
540	542	2
543	540	3
542	541	3
544	541	2
544	542	2
543	545	3
546	543	2
574	543	3
546	544	3
545	546	3
545	548	2
583	545	1
547	546	2
548	546	1
547	548	3
549	547	3
550	547	3
549	548	3
548	550	2
551	548	1
549	550	2
551	549	2
552	549	2
550	551	3
552	550	1
553	550	2
552	551	2
553	551	3
551	554	1
552	553	1
552	555	1
553	554	1
553	555	2
553	556	3
555	554	1
556	554	1
555	557	1
588	555	3
556	557	2
558	556	3
559	557	3
557	560	3
591	557	3
558	559	3
558	560	2
561	558	3
561	559	3
559	562	2
561	560	1
560	562	2
563	561	2
561	564	2
563	562	2
562	565	1
565	563	1
566	563	1
565	564	2
566	564	3
567	564	1
565	566	1
565	568	1
568	566	1
569	566	3
566	576	3
569	567	2
570	567	1
568	569	3
568	570	1
576	568	1
569	570	1
572	569	1
570	572	3
573	570	1
571	573	3
574	571	3
572	573	1
572	575	3
574	573	1
575	573	3
576	573	3
576	574	2
574	577	1
575	577	2
578	576	3
577	578	1
580	577	1
580	578	1
581	579	2
582	579	2
581	580	3
582	580	1
583	580	1
581	582	2
583	581	3
582	584	1
585	582	2
583	585	2
586	584	1
587	584	2
586	585	2
587	585	2
586	587	1
588	586	2
587	588	2
589	587	2
589	588	1
588	591	1
591	589	2
592	589	3
592	590	1
593	590	1
593	591	1
594	592	2
592	595	3
594	593	1
593	595	3
594	595	2
594	597	3
595	597	2
598	595	1
597	596	2
596	598	2
598	597	3
598	599	2
