2	0	2
597	0	1
598	0	2
0	254	1
4	0	3
412	0	1
0	145	3
3	1	3
4	1	2
1	599	2
391	1	2
1	56	3
421	1	3
4	2	3
2	5	1
227	2	2
243	2	1
70	2	3
266	2	3
583	2	3
5	3	1
3	149	2
117	3	3
6	4	2
440	4	1
4	5	1
4	127	1
7	5	3
5	298	2
403	5	3
318	5	3
5	367	3
8	6	1
6	9	1
239	6	1
473	6	3
7	9	2
7	10	3
75	7	2
53	7	3
7	466	1
7	535	1
10	8	1
245	8	1
8	196	1
8	155	3
10	9	2
9	12	2
9	11	3
12	10	3
10	23	1
10	416	2
10	15	1
13	11	3
11	85	1
11	445	2
12	13	2
15	12	1
12	467	1
13	15	2
480	13	1
13	32	3
13	546	3
14	16	1
14	186	1
14	304	3
14	267	3
14	391	3
14	531	3
17	15	2
15	507	3
294	15	3
396	15	1
416	15	2
16	18	2
19	16	3
70	16	1
16	418	1
17	18	2
19	17	2
17	112	3
358	17	1
18	20	3
21	18	2
18	395	2
18	159	3
18	258	1
19	21	1
555	19	3
530	19	3
19	24	3
20	21	1
20	22	3
20	23	3
20	297	2
20	554	1
21	22	2
21	23	1
21	24	2
21	431	1
22	24	1
22	329	1
22	148	1
178	22	1
23	24	1
23	25	1
26	23	1
49	23	1
23	270	3
596	23	3
24	25	1
27	24	1
125	24	2
26	25	2
28	25	2
510	25	1
114	25	3
309	25	3
25	364	2
26	27	1
28	26	1
549	26	2
27	28	1
29	27	1
30	27	2
28	30	3
31	28	2
187	28	3
179	28	3
28	269	1
30	29	2
29	32	3
575	29	3
30	31	3
30	33	1
540	30	1
375	30	1
572	30	2
31	32	2
31	33	2
34	31	3
457	31	1
32	33	3
32	34	2
32	172	3
35	33	3
33	36	2
463	33	1
33	394	1
35	34	3
34	37	3
34	52	1
34	399	1
462	34	1
502	34	3
35	36	3
35	37	3
35	38	1
35	98	3
36	37	2
38	36	3
36	141	1
37	38	2
39	37	2
533	37	2
351	37	3
37	495	2
38	39	3
41	38	2
286	38	1
40	39	3
39	42	2
393	39	2
447	39	3
42	40	3
286	40	2
40	132	2
40	141	1
161	40	3
40	249	3
363	40	3
41	43	2
44	41	3
439	41	3
41	90	1
41	443	2
43	42	3
42	44	2
42	45	1
42	292	3
44	43	1
43	45	2
598	43	3
43	147	2
43	441	2
43	480	3
46	44	3
44	47	1
365	44	2
44	349	3
45	47	2
45	48	3
191	45	2
46	47	2
49	46	1
46	326	2
238	46	1
46	248	1
46	476	2
48	47	2
47	49	3
47	50	1
49	48	3
51	48	3
48	401	3
48	307	3
51	49	3
49	52	1
433	49	2
49	528	1
52	50	2
50	53	1
50	101	2
50	194	2
227	50	3
50	333	2
50	560	3
53	51	1
51	54	2
51	597	1
52	53	3
52	55	2
155	52	2
52	73	2
418	52	1
55	53	1
53	474	3
55	54	3
56	54	2
516	54	3
54	85	3
55	57	1
55	58	1
310	55	2
107	55	3
193	55	1
56	58	3
59	56	1
81	56	3
56	95	3
58	57	2
60	57	3
57	551	1
57	189	3
59	58	2
60	58	1
58	61	2
58	216	1
58	273	3
59	60	3
61	59	3
62	59	1
59	65	3
59	126	2
293	59	1
62	60	3
63	60	1
60	323	2
61	62	3
64	61	3
173	61	2
62	64	3
62	220	1
248	62	2
63	64	3
65	63	3
66	63	2
63	228	2
63	317	1
64	65	3
66	64	2
338	64	3
64	91	2
65	67	3
65	423	2
66	67	1
66	68	2
69	66	3
69	67	3
121	67	1
67	188	1
68	70	2
71	68	2
68	538	1
104	68	2
524	68	3
70	69	1
71	69	2
69	72	3
70	72	2
73	70	1
70	120	1
72	71	3
71	73	3
71	74	3
71	472	1
72	73	3
72	74	1
507	72	2
73	74	3
76	73	1
74	75	1
74	76	3
74	77	2
440	74	1
483	74	2
75	76	1
75	77	3
84	75	2
75	550	2
76	77	1
79	76	3
76	191	3
124	76	1
76	348	3
79	77	3
77	80	2
77	359	1
80	78	1
78	81	1
114	78	3
78	162	2
78	415	3
81	79	2
82	79	1
79	451	2
79	320	1
80	81	2
80	82	1
80	83	1
405	80	3
80	432	2
83	81	3
81	84	1
81	310	2
138	81	1
82	84	1
85	82	1
199	82	2
82	135	1
85	83	1
117	83	3
480	83	2
86	84	3
445	84	3
84	241	3
129	84	1
478	84	1
87	85	2
492	85	2
393	85	2
86	87	2
86	88	3
89	86	1
571	86	3
88	87	1
87	90	3
87	230	3
87	303	3
88	89	2
88	91	2
88	212	2
88	190	2
450	88	2
89	90	1
89	92	2
349	89	3
224	89	2
90	91	1
93	90	3
122	90	1
211	90	2
90	359	1
92	91	2
91	94	3
128	91	3
91	361	2
365	91	2
92	94	2
92	95	1
314	92	2
192	92	2
92	220	3
92	283	3
438	92	3
93	94	2
93	95	2
93	422	3
94	96	3
97	94	1
458	94	1
175	94	1
312	94	1
94	376	1
94	426	3
97	95	2
250	95	1
433	95	3
96	98	2
96	99	3
223	96	2
108	96	2
96	110	3
328	96	1
96	492	2
97	99	2
100	97	3
97	110	3
255	97	2
97	534	2
580	97	2
100	98	3
218	98	3
98	464	3
99	100	1
101	99	2
99	102	1
100	101	1
100	102	1
100	103	1
101	102	1
104	101	2
101	551	3
326	101	1
101	472	2
102	104	3
341	102	2
102	312	2
102	151	1
102	408	3
103	104	1
106	103	1
522	103	3
103	181	3
106	104	3
107	104	2
104	130	1
107	105	2
122	105	3
441	105	1
108	106	1
109	106	2
106	268	3
108	107	3
107	110	1
109	107	1
327	107	1
110	108	3
108	111	2
109	111	2
112	109	2
217	109	2
109	474	3
112	110	3
110	391	1
110	383	1
110	417	3
564	110	1
111	113	3
308	111	3
357	111	3
111	195	1
111	335	2
112	114	2
115	112	3
349	112	2
437	112	2
113	114	1
113	115	2
116	113	1
201	113	2
114	116	1
127	114	2
115	116	3
115	118	3
410	115	1
115	352	3
362	115	2
115	377	2
117	116	1
119	116	2
116	363	1
203	116	1
344	116	2
117	118	1
117	119	2
117	554	3
118	119	3
118	121	2
325	118	2
119	120	1
122	119	3
119	198	1
122	120	1
120	123	3
121	123	3
121	183	3
121	152	2
121	521	2
565	121	2
122	124	3
477	122	1
274	122	1
122	411	2
123	124	3
123	125	2
199	123	1
125	124	2
124	126	3
125	126	1
128	125	3
468	125	3
576	125	1
128	126	2
533	126	1
126	489	3
127	129	2
127	542	1
301	127	1
130	128	2
128	131	2
128	171	3
129	130	3
129	132	1
133	129	3
129	567	3
130	132	1
133	130	1
130	207	3
130	219	1
132	131	3
134	131	1
365	131	3
132	134	2
132	135	1
132	592	1
132	305	3
133	134	1
136	133	1
136	134	1
134	137	3
435	134	1
389	134	2
134	511	1
135	137	2
155	135	2
510	135	1
136	138	1
375	136	1
214	136	1
136	451	2
138	137	3
137	139	3
137	240	3
137	157	3
138	140	3
138	141	3
140	139	3
142	139	2
166	139	1
139	183	3
139	275	3
140	142	3
140	143	2
489	140	1
341	140	3
343	140	1
497	140	1
141	143	1
141	197	1
141	349	2
141	574	3
143	142	3
142	144	2
142	145	2
145	143	1
146	143	1
143	190	1
145	144	2
144	146	1
147	144	2
146	145	1
145	148	2
247	145	1
145	263	1
507	145	2
532	145	1
148	146	3
271	146	2
146	154	1
291	146	2
493	146	3
147	149	1
280	147	2
147	306	3
314	147	2
150	148	2
442	148	1
229	148	2
149	151	3
560	149	2
188	149	2
541	149	1
151	150	2
150	152	1
490	150	1
526	150	3
151	152	3
154	151	3
151	360	1
465	151	3
152	153	1
152	155	3
440	152	1
152	474	2
155	153	2
153	401	3
489	153	3
271	153	1
154	156	2
157	154	3
439	154	1
310	154	2
377	154	1
157	155	2
223	155	2
156	157	1
156	159	1
316	156	1
156	437	3
159	157	1
180	157	2
277	157	1
159	158	1
158	161	3
158	462	3
248	158	2
158	330	3
161	159	1
159	279	1
160	162	2
163	160	3
160	235	1
160	173	1
163	161	1
161	279	3
549	161	2
162	163	3
165	162	1
164	163	2
163	165	2
163	506	1
372	163	3
163	411	1
166	164	2
167	164	3
164	298	3
167	165	2
165	168	3
165	436	3
165	289	3
168	166	2
348	166	2
304	166	1
168	167	1
169	167	3
167	214	1
497	167	1
169	168	3
170	168	2
168	171	3
169	170	1
169	171	1
172	169	1
170	171	1
170	172	1
248	170	3
271	170	1
173	171	2
193	171	1
171	212	1
174	172	1
172	213	3
473	172	1
172	175	3
172	313	3
173	175	1
554	173	3
173	539	1
175	174	1
174	176	2
590	174	1
175	177	2
175	240	1
175	242	1
175	302	3
587	175	2
177	176	3
176	179	2
221	176	1
178	177	2
177	180	3
492	177	1
179	178	1
181	178	1
178	237	3
178	337	3
178	350	3
178	367	3
179	180	2
182	179	2
181	180	2
180	182	2
183	180	2
183	181	1
184	181	2
260	181	1
182	183	3
182	185	3
548	182	2
184	183	2
183	186	3
185	184	3
186	184	3
184	187	1
184	192	3
566	184	1
186	185	3
187	185	2
188	185	2
319	185	2
185	553	3
186	188	2
562	186	1
509	186	2
465	186	1
187	189	2
190	187	1
228	187	1
187	296	1
187	299	3
189	188	2
190	188	3
188	477	2
188	451	3
191	189	1
192	189	2
189	229	2
191	190	2
193	190	1
190	218	2
190	335	1
190	492	1
191	192	3
193	191	3
194	191	3
194	192	1
193	195	3
193	530	1
196	194	2
194	488	2
245	194	3
195	197	3
335	195	2
286	195	1
524	195	1
198	196	1
196	199	1
451	196	1
523	196	1
552	196	2
198	197	3
199	197	2
297	197	3
198	199	1
200	198	2
490	198	3
199	201	3
199	473	1
266	199	3
200	202	1
200	203	1
200	569	1
203	201	2
201	204	3
424	201	2
204	202	2
202	385	2
244	202	2
204	203	1
203	205	3
282	203	3
412	203	2
204	206	1
204	207	3
513	204	2
205	206	3
207	205	3
208	205	2
205	598	1
206	208	3
532	206	3
206	435	2
208	207	1
207	210	3
208	209	1
208	211	2
208	432	3
208	490	3
209	210	3
209	211	2
212	209	2
259	209	2
209	558	3
210	211	3
210	212	3
210	296	1
213	211	2
211	214	1
212	214	3
212	290	1
213	214	2
213	215	1
216	213	3
215	214	2
217	214	2
214	463	2
215	216	1
217	215	2
215	414	1
218	216	1
586	216	2
218	217	2
219	217	1
218	219	2
218	221	3
218	308	1
309	218	1
333	218	2
220	219	2
219	222	1
220	221	1
223	220	2
223	221	1
221	224	2
324	221	1
223	222	1
225	222	3
222	321	2
225	223	2
422	223	3
245	223	2
223	338	3
515	223	3
223	589	1
224	225	1
224	227	1
226	225	3
225	228	1
396	225	1
225	481	1
225	530	1
226	227	2
229	226	2
226	421	2
226	373	2
228	227	2
230	227	2
227	261	2
228	230	2
231	228	1
229	231	1
229	232	3
346	229	3
231	230	2
230	232	2
230	233	1
296	230	3
231	233	1
231	234	1
365	231	3
384	231	1
234	232	1
232	312	3
232	530	3
232	305	2
397	232	1
234	233	1
235	233	2
236	233	1
233	589	2
235	234	1
237	234	2
234	456	3
235	237	2
235	385	2
500	235	1
236	237	1
236	238	2
236	320	3
387	236	1
237	239	3
276	237	2
239	238	1
240	238	3
238	262	3
339	238	2
239	241	2
242	239	3
239	514	3
240	242	2
240	243	3
242	241	1
243	241	2
244	241	2
548	241	3
594	241	2
242	243	1
244	242	3
245	243	1
243	246	3
243	438	1
243	585	1
244	245	3
244	247	3
403	244	2
245	247	3
245	551	2
320	245	1
248	246	2
249	246	1
338	246	3
246	427	2
249	247	3
247	362	1
248	250	1
250	249	3
249	252	1
250	251	2
250	253	2
250	555	1
458	250	1
251	252	2
251	253	1
276	251	1
253	252	3
254	252	3
255	252	2
412	252	3
253	254	2
255	253	1
253	320	1
254	256	2
254	257	2
476	254	1
448	254	1
255	257	2
255	335	1
281	255	3
444	255	2
256	257	2
258	256	1
256	379	1
256	347	3
256	350	1
354	256	2
257	259	2
257	260	1
365	257	2
485	257	2
258	260	2
258	261	3
259	260	2
261	259	2
259	439	3
471	259	3
261	260	3
260	263	2
310	260	2
261	263	2
261	264	2
262	264	2
265	262	1
548	262	2
265	263	2
263	519	1
263	572	3
264	265	1
264	267	3
518	264	1
264	458	1
266	265	3
265	267	3
268	265	1
266	267	2
268	266	3
269	267	2
267	533	3
268	270	3
268	541	1
268	329	3
457	268	2
270	269	2
271	269	2
270	271	3
270	272	2
456	270	2
271	273	1
271	538	2
272	273	1
272	274	1
275	272	2
274	273	2
276	273	3
379	273	1
407	273	2
273	565	3
276	274	1
391	274	2
275	277	1
275	278	1
276	278	2
279	276	2
505	276	3
374	276	1
276	591	2
277	278	2
280	277	1
314	277	1
537	277	2
278	279	2
281	278	3
572	278	2
278	353	1
279	281	2
279	282	1
279	334	1
385	279	3
281	280	2
282	280	2
283	280	2
280	369	2
281	283	3
510	281	1
284	282	3
282	544	1
283	285	1
283	286	3
285	284	1
286	284	3
284	405	1
286	285	3
285	287	3
288	285	3
286	288	1
558	286	2
289	287	2
287	290	3
287	435	1
287	513	1
575	287	1
289	288	2
288	290	3
288	381	2
289	291	3
289	569	2
290	291	3
292	290	3
290	293	2
592	290	2
291	293	2
291	537	3
434	291	1
293	292	3
292	294	3
292	300	3
293	295	2
293	296	1
294	296	2
297	294	3
294	460	3
486	294	2
295	297	1
298	295	2
295	339	2
296	298	2
298	297	3
297	299	1
461	297	2
542	297	1
300	298	3
298	301	3
376	298	1
529	298	2
300	299	3
299	302	1
300	301	2
303	300	3
302	301	3
304	301	3
301	545	1
302	304	3
466	302	3
375	302	3
303	305	1
393	303	3
324	303	1
305	304	2
306	304	1
304	307	3
304	420	1
307	305	3
308	306	2
306	483	1
308	307	1
310	307	1
307	394	3
308	309	3
308	311	1
311	309	3
312	310	3
311	312	2
311	314	1
594	311	3
422	311	2
312	313	2
314	312	1
313	315	3
388	313	3
314	316	1
540	314	2
315	317	2
315	318	1
537	315	3
446	315	3
316	318	2
316	319	3
455	316	1
318	317	1
317	320	1
317	453	3
319	318	3
320	318	1
320	319	1
322	319	1
319	345	3
320	322	3
320	480	3
321	322	3
324	321	1
566	321	1
322	324	3
417	322	3
322	426	1
324	323	1
323	325	1
323	326	2
323	582	2
323	587	3
326	324	3
510	324	1
427	324	1
512	324	1
327	325	2
328	325	1
511	325	2
382	325	2
326	327	1
326	329	1
463	326	3
578	326	1
329	327	3
327	448	1
328	329	2
328	331	1
328	392	1
328	590	3
329	330	2
329	331	1
332	329	1
503	329	3
332	330	1
330	400	2
436	330	1
331	332	2
334	331	2
331	414	3
334	332	1
332	335	3
332	522	1
335	333	3
335	334	3
334	337	3
334	539	3
395	334	2
335	337	3
337	336	1
336	338	2
339	336	1
337	339	1
337	492	1
337	410	2
339	338	1
338	340	2
339	340	3
342	339	1
339	503	2
341	340	2
340	342	2
340	553	2
440	340	3
568	340	3
341	342	3
341	344	2
558	341	3
344	342	3
345	342	3
342	372	1
398	342	2
570	342	1
344	343	1
346	343	3
401	343	1
345	344	1
346	344	1
346	345	2
345	348	2
469	345	1
348	346	3
349	346	2
346	494	3
349	347	2
350	347	2
348	350	2
351	348	1
351	349	2
350	352	2
351	353	1
351	420	3
351	356	1
353	352	2
355	352	1
352	445	2
354	353	3
353	356	1
353	378	3
354	355	2
357	354	1
357	355	3
355	358	3
355	553	1
358	356	3
356	359	3
358	357	3
357	360	1
357	397	3
360	358	3
358	361	3
359	360	3
359	361	2
576	359	3
360	362	1
363	360	1
428	360	2
361	363	1
370	361	1
363	362	3
362	364	1
363	364	1
363	365	1
425	363	2
364	366	1
402	364	2
364	595	1
367	365	3
365	469	1
366	367	1
368	366	3
366	515	3
369	367	2
367	370	3
368	369	3
371	368	3
368	543	1
403	368	1
369	371	1
369	456	1
372	370	2
410	370	1
371	372	1
371	373	1
371	402	3
373	372	2
372	374	1
373	375	3
373	534	2
376	374	2
377	374	2
390	374	1
588	374	1
377	375	2
377	376	2
376	378	3
379	377	2
380	378	3
381	378	3
379	381	1
379	382	1
381	380	1
383	380	3
380	447	1
382	381	1
381	383	2
384	381	3
381	520	2
381	543	2
382	384	3
382	571	1
384	383	1
386	383	1
383	504	1
385	384	2
387	384	1
387	385	1
388	385	1
387	386	1
388	386	3
389	386	1
388	387	1
389	387	1
388	390	2
388	391	2
465	388	1
389	390	3
389	392	2
389	529	1
390	392	2
390	393	2
541	390	2
574	390	3
391	393	3
391	566	1
392	394	2
395	392	3
395	393	1
500	393	2
394	396	1
396	395	1
395	398	2
396	398	3
399	396	3
482	396	1
397	399	2
400	397	2
398	400	2
401	398	3
398	477	1
400	399	1
399	402	2
401	400	2
402	400	1
400	576	3
520	400	2
402	401	1
401	403	3
402	403	2
405	402	3
402	568	1
403	404	2
406	403	2
405	404	2
404	406	3
407	404	2
406	405	1
405	407	2
406	407	1
406	408	1
504	406	1
407	409	1
434	407	1
452	407	2
408	409	1
408	410	3
408	568	3
409	411	2
412	409	2
506	409	2
409	430	2
410	411	1
413	410	3
413	411	3
414	412	2
413	414	3
416	413	1
413	501	3
415	414	2
414	416	3
414	417	3
416	415	1
417	415	1
416	418	2
419	416	1
418	417	3
420	417	2
420	418	3
419	421	1
419	422	1
419	564	3
420	421	1
423	420	3
423	421	3
424	421	2
423	422	3
425	422	1
424	423	2
425	423	2
438	423	1
423	447	2
423	555	2
424	426	2
424	427	1
424	435	3
427	425	1
428	425	1
495	425	3
428	426	2
429	426	3
429	427	1
428	430	3
502	428	3
429	430	1
429	431	3
429	444	3
430	431	3
432	430	1
431	433	2
434	431	3
433	432	3
435	432	1
433	435	3
433	559	3
434	435	3
437	434	1
437	435	3
438	435	1
436	437	2
439	436	1
436	454	3
437	439	2
439	438	2
438	441	2
476	438	2
536	438	1
439	441	2
442	439	1
440	442	3
441	442	1
441	444	3
443	442	2
442	445	3
442	462	3
580	442	1
444	443	1
443	446	3
444	445	3
447	444	3
445	446	3
447	445	1
447	446	1
449	446	1
519	446	1
449	447	1
447	581	2
450	448	3
542	448	2
448	475	2
450	449	1
451	449	3
452	449	1
450	451	3
450	453	3
451	453	2
451	496	3
452	453	1
455	452	2
509	452	3
454	453	2
453	456	3
453	593	3
454	456	2
593	454	2
455	456	1
455	457	2
455	458	3
456	457	3
456	459	1
459	457	3
460	458	2
460	459	2
459	461	3
459	462	2
462	460	1
463	460	3
463	461	3
529	461	1
470	461	1
463	462	1
464	462	3
464	463	3
463	466	1
464	465	2
467	464	2
467	465	1
466	468	1
564	466	2
467	468	3
467	470	3
529	467	3
592	467	3
469	468	2
468	471	1
470	469	3
472	469	3
470	471	3
473	470	2
471	473	2
471	558	1
474	472	3
474	473	3
476	473	3
474	476	3
476	475	3
475	477	2
500	475	2
476	478	2
478	477	2
480	477	2
579	477	3
478	479	3
478	481	3
480	479	1
479	481	2
482	479	2
480	482	2
481	483	1
518	481	1
482	483	3
482	485	3
506	482	1
484	483	1
486	483	2
485	484	3
486	484	1
487	484	1
484	551	2
485	487	2
488	485	1
486	488	1
486	537	2
488	487	3
489	487	2
487	490	2
488	489	2
490	488	2
488	491	1
491	489	2
492	489	3
490	491	1
490	492	3
492	491	2
493	491	2
491	494	3
492	494	3
494	493	2
495	493	3
494	496	1
497	494	3
561	494	3
497	495	3
498	496	3
496	499	3
499	497	1
499	498	3
500	498	2
501	498	1
499	500	3
501	499	1
499	502	1
500	502	2
500	515	2
502	501	2
503	501	3
501	504	3
504	502	2
539	502	3
502	516	2
502	557	3
505	503	1
505	504	3
504	507	2
506	505	1
505	507	3
505	508	2
507	506	2
506	509	1
507	509	1
507	510	3
508	509	3
510	508	3
511	508	1
509	510	2
511	509	2
511	510	2
510	513	3
510	594	3
513	511	3
514	511	1
512	513	3
515	512	1
513	514	2
513	516	2
513	569	2
514	515	1
517	514	1
548	514	2
515	516	2
515	518	3
516	517	2
519	516	2
518	517	2
517	519	3
520	517	2
519	518	2
518	520	3
521	518	2
519	521	2
519	522	3
520	522	2
521	522	3
523	521	3
522	523	2
524	522	1
522	525	1
527	522	3
522	533	3
523	525	2
523	526	2
526	524	1
525	526	3
527	525	1
525	528	1
528	526	3
526	529	3
526	562	1
527	529	1
530	527	2
529	528	3
531	528	3
531	529	1
531	530	2
530	533	1
532	531	2
531	533	1
534	532	1
532	535	2
533	535	1
536	533	3
534	536	1
537	534	3
536	535	3
537	535	1
537	536	2
536	539	2
537	539	3
558	537	3
538	539	3
541	538	2
539	540	1
541	539	3
541	540	3
540	543	2
542	540	1
541	543	3
542	544	3
543	545	2
543	546	3
545	544	3
546	544	2
544	547	3
545	547	2
545	562	3
546	548	3
546	549	3
547	548	3
547	550	2
547	551	1
550	548	3
549	551	2
549	552	3
550	552	1
550	553	3
551	553	1
551	554	3
552	554	1
555	552	2
554	553	1
556	553	1
554	556	3
554	557	2
556	555	3
555	558	1
556	557	1
558	556	1
559	556	3
557	558	2
557	560	3
560	558	2
559	560	3
562	559	2
561	560	1
560	562	3
561	562	2
564	561	3
563	562	1
562	565	1
563	564	2
563	565	1
566	563	2
564	565	2
564	566	3
565	567	2
567	566	1
566	569	2
569	567	2
570	567	1
570	568	3
570	569	1
571	569	2
572	570	3
573	570	1
571	572	3
571	574	3
571	573	3
572	574	3
575	573	2
573	576	3
574	576	3
575	576	2
578	575	3
578	576	2
578	577	3
577	579	1
580	577	3
578	579	3
578	581	3
580	579	3
579	581	2
582	580	2
583	581	2
584	581	3
582	583	2
582	584	3
585	583	3
586	583	2
585	584	1
584	586	1
584	587	2
585	587	2
588	585	1
586	587	3
588	586	1
586	589	1
587	589	1
588	590	2
591	588	2
591	589	2
590	592	1
593	590	2
591	593	2
594	591	2
592	594	2
593	594	1
596	593	1
594	596	2
597	595	1
595	598	2
596	597	3
598	596	2
598	597	2
597	599	1
