0	1	1
0	3	3
597	0	3
599	0	2
0	369	3
477	0	1
450	0	2
1	3	3
1	598	3
1	326	2
353	1	3
1	287	3
48	1	3
325	1	3
1	360	2
4	2	1
2	5	2
2	599	2
396	2	2
7	2	2
2	545	1
3	4	2
3	5	1
3	169	3
3	21	2
51	3	1
445	3	1
4	6	2
338	4	3
499	4	3
101	4	1
322	4	2
7	5	1
295	5	1
5	430	1
99	5	1
6	8	2
9	6	3
6	53	1
218	6	2
6	531	2
6	551	2
7	8	3
7	10	3
7	264	1
8	10	2
8	11	3
8	243	3
437	8	2
589	8	3
9	10	2
9	12	1
9	61	1
9	179	1
273	9	1
9	304	3
10	11	2
12	10	3
10	289	1
11	12	3
11	13	2
11	363	2
32	11	2
185	11	2
11	244	3
14	12	2
12	420	2
580	12	2
76	12	2
367	12	2
12	450	3
15	13	2
16	13	3
336	13	1
13	53	3
150	13	3
205	13	2
14	16	3
14	465	1
14	476	2
15	17	2
18	15	2
335	15	3
505	15	2
17	16	2
16	18	3
19	16	3
16	194	3
16	359	2
17	19	2
20	17	3
17	131	3
19	18	1
21	18	2
18	563	1
21	19	3
22	19	1
353	19	1
19	530	3
22	20	3
20	382	1
192	20	1
20	374	2
21	23	3
21	436	1
21	362	1
22	24	1
72	22	1
22	30	3
332	22	2
23	24	1
23	25	2
23	380	1
23	168	2
23	258	3
24	25	3
27	24	1
406	24	2
24	184	3
24	277	2
25	26	3
28	25	3
25	350	3
223	25	3
25	313	3
26	27	1
26	28	2
445	26	2
26	462	3
27	28	1
27	29	3
27	30	3
149	27	2
28	29	1
28	30	1
28	31	2
30	29	1
32	29	1
579	29	2
29	147	2
29	280	2
30	31	3
30	32	1
30	33	1
30	407	1
30	559	1
33	31	3
34	31	1
101	31	1
33	32	1
35	32	3
521	32	1
33	34	3
35	33	1
598	33	1
33	308	2
33	464	2
35	34	1
34	36	2
37	34	2
34	324	3
35	36	1
38	35	1
35	314	1
35	181	3
35	187	2
35	458	2
37	36	2
36	38	2
36	39	1
107	36	2
38	37	3
39	37	3
37	40	2
137	37	1
39	38	2
38	41	1
76	38	2
90	38	1
39	40	1
39	41	2
39	42	3
39	115	1
39	515	3
42	40	3
40	100	3
149	40	1
40	300	3
43	41	2
389	41	3
366	41	1
41	165	2
339	41	3
43	42	2
42	44	1
504	42	1
44	43	3
46	43	3
43	494	2
421	43	3
44	46	1
44	47	1
44	394	2
44	191	3
44	275	3
44	399	2
506	44	1
44	529	1
45	46	1
45	47	1
45	506	1
45	364	2
46	47	3
46	49	2
111	46	1
358	46	1
48	47	1
49	47	3
47	50	3
510	47	1
49	48	3
51	48	1
334	48	2
48	388	1
596	48	3
49	51	2
52	49	3
426	49	2
49	182	3
49	500	2
51	50	1
52	50	3
53	50	3
51	52	3
51	53	3
51	196	1
51	237	3
572	51	3
54	52	1
52	55	3
52	572	2
53	55	3
53	355	3
55	54	2
57	54	3
54	174	1
140	54	1
54	366	3
514	54	3
55	57	2
55	58	1
300	55	2
352	55	1
56	58	2
56	59	2
109	56	2
590	56	3
57	58	3
59	57	1
57	60	2
57	182	1
259	57	3
58	59	1
61	58	1
58	185	1
58	180	1
58	281	1
61	59	3
59	588	2
59	66	2
59	280	1
317	59	1
61	60	3
60	62	1
60	63	3
61	63	2
61	64	2
542	61	2
127	61	3
61	194	2
216	61	1
576	61	1
62	63	1
65	62	1
62	542	3
62	579	1
63	65	1
63	66	3
381	63	3
63	104	2
177	63	3
216	63	2
64	65	1
64	67	1
395	64	2
64	177	2
64	423	1
65	66	1
65	67	1
392	65	2
66	67	3
66	68	1
66	134	2
174	66	2
66	421	3
67	69	1
523	67	1
256	67	1
69	68	3
68	71	3
68	205	1
68	284	1
407	68	3
69	71	2
72	69	2
414	69	1
71	70	3
73	70	2
369	70	3
401	70	2
72	71	1
73	71	2
404	71	3
74	72	2
72	75	3
72	591	3
73	74	2
76	73	3
566	73	3
74	75	3
77	74	3
446	74	1
75	76	3
78	75	1
75	566	1
75	353	3
78	76	1
560	76	3
85	76	2
76	333	1
78	77	1
77	79	3
80	77	1
77	271	1
80	78	1
78	81	3
78	368	1
93	78	3
78	573	2
79	80	3
81	79	2
183	79	3
79	126	3
79	486	3
81	80	2
82	80	3
80	236	2
418	80	1
82	81	2
83	81	2
399	81	1
81	328	3
84	82	3
85	82	2
82	268	3
83	85	3
502	83	2
218	83	1
86	84	3
87	84	1
410	84	1
84	467	3
87	85	1
88	85	2
85	233	1
86	88	1
86	271	2
479	86	1
86	592	3
89	87	1
87	90	3
87	341	1
87	490	1
588	87	3
88	89	3
91	88	1
266	88	3
88	413	3
89	91	3
89	92	1
89	103	1
89	507	2
92	90	3
400	90	3
90	386	1
93	91	1
91	174	1
91	470	3
94	92	1
92	95	2
467	92	1
92	482	1
93	95	1
93	452	2
350	93	1
442	93	3
94	95	1
96	94	3
535	94	3
292	94	3
383	94	1
96	95	1
95	97	2
212	95	1
95	139	3
96	98	1
96	99	2
96	592	2
118	96	1
127	96	3
523	96	1
97	99	3
268	97	1
97	458	2
424	97	1
426	97	2
432	97	1
98	99	2
100	98	2
101	98	2
246	98	1
100	99	1
102	99	1
236	99	1
99	487	2
101	100	3
100	103	1
100	502	1
102	101	3
104	101	2
102	103	2
102	105	2
358	102	2
102	114	2
103	104	2
106	103	1
471	103	1
103	414	1
420	103	2
103	491	2
106	104	1
104	107	3
105	106	2
105	107	2
105	498	1
105	456	1
108	106	2
109	106	1
371	106	2
106	240	1
107	108	2
110	107	3
299	107	1
346	107	2
108	110	3
108	111	3
321	108	2
288	108	3
110	109	3
109	112	1
158	109	1
110	111	2
113	110	3
445	110	3
146	110	1
242	110	3
110	307	1
113	111	2
111	114	1
111	249	1
112	113	2
114	112	3
115	112	1
192	112	1
113	115	3
116	113	2
513	113	2
114	115	1
114	116	2
114	485	3
587	114	3
117	115	2
115	256	3
115	330	1
116	118	1
116	334	1
364	116	1
367	116	2
117	118	1
117	119	2
120	117	1
117	384	2
120	118	1
253	118	1
120	119	2
119	122	2
119	300	2
120	121	2
120	122	3
123	120	2
121	123	2
124	121	1
121	145	1
124	122	3
122	156	2
279	122	2
123	125	1
126	123	1
123	493	3
373	123	1
126	124	1
217	124	1
283	124	1
124	210	1
124	391	1
125	127	2
128	125	2
424	125	1
504	125	1
127	126	2
129	126	1
126	343	3
129	127	1
128	130	2
131	128	2
290	128	3
129	131	1
129	132	2
570	129	1
262	129	2
130	131	2
130	132	1
133	130	1
130	301	1
131	133	1
131	580	3
131	552	1
167	131	3
131	230	2
133	132	1
132	134	2
375	132	2
293	132	2
133	135	3
268	133	1
441	133	3
135	134	1
134	136	1
137	134	2
143	134	2
135	137	3
138	135	1
135	301	3
137	136	2
136	139	3
375	136	1
139	137	2
137	140	3
392	137	3
140	138	2
469	138	2
537	138	2
139	141	2
142	139	1
139	254	3
142	140	3
230	140	1
148	140	1
405	140	3
141	143	2
144	141	3
141	261	3
162	141	3
141	169	1
141	406	2
143	142	3
145	142	1
142	266	1
409	142	1
145	143	2
143	146	3
270	143	3
144	145	3
146	144	1
144	147	1
202	144	2
144	229	2
147	145	1
145	462	1
200	145	3
145	154	2
148	146	1
146	149	1
149	147	2
147	150	3
197	147	2
147	316	3
147	437	3
149	148	2
148	150	2
149	151	2
149	152	3
150	151	1
153	150	2
151	152	3
151	154	1
521	151	1
152	153	1
152	155	3
579	152	3
155	153	1
153	186	3
153	465	2
153	291	3
511	153	1
154	155	2
157	154	1
373	154	3
154	411	1
155	157	3
158	155	3
519	155	3
155	183	1
259	155	1
474	155	2
155	597	2
156	158	3
156	159	2
192	156	1
156	221	1
438	156	2
159	157	2
157	485	3
157	555	3
160	158	3
158	161	1
158	580	3
310	158	1
159	160	2
159	162	2
236	159	1
160	161	2
160	162	2
160	413	1
533	160	3
161	162	2
161	164	3
161	217	1
260	161	2
162	163	1
162	165	2
468	162	2
164	163	3
166	163	3
163	388	2
163	539	3
164	166	3
167	164	1
259	164	3
225	164	2
164	253	3
165	166	2
165	167	3
165	186	3
165	225	1
166	167	3
169	166	2
166	378	3
166	323	1
166	483	3
167	169	2
416	167	2
471	167	1
169	168	2
171	168	2
492	168	1
169	170	2
169	172	3
183	169	2
172	170	3
170	173	1
512	170	3
171	173	1
171	174	2
171	584	2
239	171	3
171	358	2
396	171	3
173	172	2
174	172	1
175	172	3
173	175	3
176	173	3
173	218	1
176	174	1
174	562	2
175	176	2
175	177	1
175	178	3
175	385	1
175	403	3
178	176	3
176	179	3
176	262	3
176	270	3
176	377	1
177	179	1
177	446	1
178	180	1
181	178	2
178	585	1
181	179	1
222	179	3
207	179	2
180	182	3
180	183	3
518	180	1
181	183	2
184	181	3
444	181	1
182	184	3
182	472	1
185	183	3
183	327	3
184	185	1
187	184	2
187	185	1
185	188	1
484	185	3
187	186	2
189	186	3
198	186	1
238	186	3
187	188	2
190	187	3
188	190	1
188	551	1
188	497	1
188	260	2
188	325	2
190	189	2
189	191	3
189	192	1
190	192	3
280	190	3
446	190	1
193	191	1
191	418	3
587	191	1
194	192	2
195	192	2
193	194	3
193	195	1
213	193	2
196	194	3
326	194	1
194	496	1
596	194	3
195	197	3
195	513	1
400	195	1
196	198	1
196	199	3
453	196	3
199	197	2
197	200	1
198	199	1
201	198	1
199	200	3
202	199	2
199	254	2
200	201	2
203	200	3
200	237	1
201	202	1
203	201	2
201	204	3
234	201	2
202	204	1
202	432	3
202	401	1
205	203	2
203	376	2
522	203	3
209	203	3
204	205	1
206	204	2
204	426	3
206	205	1
205	208	1
205	338	1
206	207	1
208	206	2
209	206	1
412	206	3
207	208	3
210	207	3
208	209	3
208	210	1
208	342	1
208	289	1
211	209	3
209	405	2
210	212	3
210	510	1
210	295	2
430	210	1
210	463	3
211	212	3
213	211	2
211	214	2
211	283	3
212	213	1
214	212	3
212	215	2
212	234	2
215	213	2
213	221	1
240	213	2
461	213	3
214	215	3
216	214	2
214	217	2
216	215	3
218	215	1
215	301	3
379	215	2
467	215	2
216	218	1
219	217	3
217	220	1
217	301	2
217	513	2
219	218	2
218	221	2
220	219	1
219	221	2
222	219	1
221	220	1
223	220	3
220	459	1
250	220	2
223	221	1
221	224	1
282	221	2
221	426	1
221	555	3
223	222	2
222	224	3
222	225	3
240	222	3
380	222	2
223	225	2
223	390	1
561	223	3
224	226	2
224	227	1
224	272	3
224	525	1
227	225	2
225	330	3
226	227	2
228	226	2
388	226	3
344	226	3
227	229	2
230	227	1
335	227	2
228	229	2
228	231	3
228	357	2
228	573	1
230	229	3
232	229	2
229	478	1
229	582	3
232	230	3
233	230	1
230	479	3
232	231	3
231	233	1
231	234	2
233	232	3
234	232	3
232	235	3
232	408	1
232	563	2
233	234	1
233	236	2
236	234	2
237	235	1
238	235	1
342	235	3
274	235	3
236	238	2
236	416	1
237	239	1
237	240	2
240	238	2
241	238	3
240	239	3
241	239	3
242	240	1
240	317	1
241	243	2
241	244	3
241	315	2
452	241	1
242	243	1
244	242	3
245	243	1
246	243	2
388	243	2
246	244	1
247	244	3
244	267	3
245	246	2
245	247	3
248	245	2
318	245	1
245	410	1
246	248	2
246	464	2
349	246	2
247	249	3
308	247	3
247	549	2
248	249	1
250	248	2
248	251	1
249	251	3
252	249	1
249	292	1
372	249	2
252	250	1
389	250	1
324	250	2
251	252	2
251	253	3
254	251	2
253	252	2
252	254	2
252	255	2
278	252	3
311	252	2
252	520	3
255	253	2
253	471	2
253	574	2
256	254	1
254	257	3
254	495	1
255	257	3
255	258	1
296	255	3
258	256	1
259	256	1
316	256	1
257	258	1
259	257	3
260	257	3
257	403	3
259	258	3
261	258	1
261	259	3
260	262	1
394	260	3
487	260	2
260	493	3
262	261	3
263	261	3
261	264	2
261	508	2
264	262	2
262	535	3
262	279	1
262	320	2
263	264	3
263	265	1
263	349	2
264	265	1
264	267	1
298	264	2
264	417	3
266	265	2
265	268	1
265	515	1
286	265	3
268	266	3
269	266	2
266	465	1
266	394	1
267	269	2
267	595	3
267	272	2
268	269	1
268	270	2
582	268	2
270	269	3
269	272	3
555	269	1
297	269	1
425	269	2
272	270	3
581	270	1
273	271	1
274	271	2
274	272	3
272	391	2
273	274	3
276	273	2
276	274	2
277	274	1
274	294	3
277	275	1
275	278	1
502	275	1
277	276	3
278	276	2
279	276	1
279	277	1
346	277	1
278	279	2
281	278	3
447	278	2
279	281	3
279	286	3
280	282	2
283	281	1
284	281	2
284	282	3
285	282	3
283	284	3
283	286	1
454	283	3
506	283	3
286	284	1
287	284	1
287	285	2
288	285	3
400	285	1
361	285	2
285	534	1
286	287	3
286	289	3
288	287	3
287	289	3
290	287	1
287	457	3
287	522	3
288	289	3
290	288	2
291	289	1
289	292	2
290	292	2
290	293	2
290	562	3
291	293	1
294	291	3
291	517	2
292	294	2
295	292	1
292	376	1
292	382	1
293	294	2
293	295	1
293	454	3
294	295	1
296	294	3
294	439	2
295	296	2
295	297	3
470	295	3
297	296	2
298	296	3
296	530	2
296	404	1
298	297	1
300	297	2
297	565	3
298	300	3
301	298	3
299	301	1
299	302	1
299	375	3
300	302	3
383	300	3
301	303	2
301	304	3
303	302	2
302	304	2
569	302	2
340	302	1
305	303	2
306	303	1
419	303	1
304	306	2
307	304	2
304	427	1
307	305	3
305	308	1
305	328	2
306	308	2
419	306	2
318	306	3
309	307	3
310	307	2
308	310	3
308	391	3
311	309	3
312	309	2
373	309	3
363	309	1
310	311	1
313	310	3
311	312	1
314	311	3
311	321	1
497	311	3
314	312	2
315	312	1
500	312	2
313	314	1
313	316	3
314	315	2
314	316	2
314	317	3
316	315	2
315	317	3
318	315	1
315	398	2
316	318	3
430	316	1
583	316	1
317	319	2
422	317	1
318	320	3
321	318	3
319	320	1
319	321	3
322	319	2
494	319	3
319	527	3
322	320	2
320	323	3
320	377	3
527	320	3
322	321	1
323	321	3
324	322	1
325	322	2
322	509	2
325	323	3
326	323	3
324	326	3
327	325	3
325	441	3
327	326	3
329	326	1
328	327	2
327	330	1
328	329	1
330	328	3
328	498	3
329	331	3
329	332	2
329	523	1
330	332	1
331	332	2
331	333	2
331	334	2
333	332	3
335	332	1
342	332	3
333	335	2
333	336	2
335	334	3
334	337	3
336	335	3
337	335	3
338	335	3
335	491	1
336	337	1
336	338	3
339	336	2
336	546	1
337	338	2
340	337	2
357	337	3
576	337	3
340	338	3
338	341	1
341	339	1
339	342	2
340	341	3
343	340	1
547	340	2
342	341	3
343	341	1
341	344	1
344	342	1
475	342	3
344	343	1
346	343	3
346	344	1
405	344	1
344	415	1
346	345	3
347	345	2
345	348	3
347	346	2
346	349	1
390	346	2
347	348	1
350	347	1
380	347	3
347	378	2
347	498	1
349	348	3
348	350	3
348	351	1
351	349	3
429	349	3
352	350	3
350	597	1
351	352	2
351	354	3
486	351	1
351	530	3
352	353	1
352	355	2
355	353	3
356	353	1
355	354	2
354	356	1
354	580	2
356	355	2
357	355	2
358	355	3
356	358	1
359	356	2
356	564	1
493	356	2
357	358	3
360	357	1
357	494	2
358	360	3
358	391	1
358	497	3
361	359	3
362	359	2
361	360	1
360	362	2
363	361	3
364	361	1
362	363	2
364	362	1
388	362	3
363	364	2
363	366	1
364	366	1
484	364	3
364	440	2
366	365	2
365	367	2
407	365	3
366	367	1
369	366	2
367	369	1
415	367	1
591	367	3
368	369	2
368	370	1
368	371	3
369	370	1
371	369	2
372	369	2
372	370	3
373	370	3
370	377	1
373	371	1
374	371	3
444	371	2
473	371	3
519	371	2
372	374	3
372	375	3
516	372	2
372	548	3
373	375	1
375	374	3
377	374	1
377	375	3
378	375	3
402	375	1
377	376	2
376	379	1
377	379	1
425	377	1
378	380	1
543	378	3
381	379	3
382	379	3
380	382	1
383	380	1
382	381	3
381	383	2
384	381	2
412	381	1
381	528	3
383	382	1
382	384	2
424	382	1
384	383	3
383	386	2
384	385	2
387	384	3
384	536	1
385	387	2
388	385	1
484	385	3
385	490	3
387	386	2
389	386	2
387	388	2
387	389	2
390	387	2
388	390	1
513	388	2
390	389	2
389	391	1
392	389	2
390	392	3
445	390	2
393	391	1
394	392	3
392	395	3
394	393	1
393	395	3
393	396	2
396	394	3
395	396	2
395	397	1
395	398	3
396	397	3
398	396	3
396	550	3
398	397	3
399	397	2
397	400	2
398	399	2
398	400	1
400	399	1
402	399	3
400	401	1
402	400	2
400	403	3
401	403	1
445	401	3
402	403	2
405	402	1
405	403	3
591	403	2
405	404	3
407	404	3
407	405	3
405	498	2
405	584	3
407	406	2
406	409	3
407	409	2
408	409	2
410	408	2
408	440	1
409	411	3
545	409	2
410	412	2
559	410	2
411	413	3
411	414	2
412	414	1
415	413	3
413	416	2
413	532	2
564	413	3
416	414	2
550	414	3
414	580	2
417	415	2
415	552	2
416	418	3
416	419	3
416	559	3
416	549	1
417	418	3
417	419	1
417	531	2
418	420	2
418	421	1
421	419	1
422	419	2
569	419	1
421	420	2
422	420	3
421	423	1
422	424	2
422	425	1
425	423	2
562	423	3
424	426	2
425	427	2
428	426	3
481	426	2
429	427	2
430	427	3
429	428	3
430	428	3
428	431	2
429	430	2
429	431	3
432	429	2
430	432	1
430	433	1
432	431	1
431	433	3
431	477	2
434	432	2
432	435	2
434	433	1
435	433	2
436	433	2
435	434	1
434	436	1
434	437	1
436	435	3
437	435	3
438	435	1
436	438	3
436	439	1
436	499	1
436	459	3
439	437	1
439	438	3
441	438	1
567	438	3
440	439	1
442	439	2
442	440	2
442	441	1
441	443	3
452	441	1
443	442	3
445	442	1
444	443	1
446	443	2
443	562	3
444	445	1
447	444	3
444	503	1
444	567	3
445	447	3
447	446	1
446	449	1
447	449	2
588	447	1
448	449	3
448	451	3
566	448	2
449	450	3
449	451	3
449	452	2
449	568	2
452	450	3
450	488	2
452	451	1
454	451	1
518	451	3
454	452	2
454	453	1
456	453	2
454	456	3
542	454	3
456	455	2
457	455	3
455	458	3
468	455	3
456	457	2
459	456	2
585	456	3
457	459	1
460	457	1
458	460	2
461	458	2
461	459	2
459	462	1
460	461	3
462	460	2
463	460	2
461	462	2
464	461	3
538	461	1
464	462	3
502	462	2
464	463	1
466	463	1
464	465	1
466	464	1
532	464	1
466	465	1
465	468	3
465	512	3
466	468	3
466	582	1
547	466	3
469	467	1
468	470	1
470	469	3
469	471	2
527	469	2
470	472	3
473	470	1
472	471	1
471	474	1
474	472	3
472	566	3
474	473	3
473	475	3
473	477	1
474	476	2
477	474	1
475	476	3
475	477	1
475	478	1
477	476	1
476	478	2
479	476	3
477	478	1
477	480	2
478	479	3
478	481	1
544	478	1
480	479	3
479	482	2
481	480	1
480	482	3
483	480	3
481	482	1
484	481	3
482	484	2
485	482	1
485	483	2
483	486	3
484	486	2
485	487	1
485	488	2
486	488	1
486	579	1
489	487	1
490	488	2
491	488	3
490	489	1
491	489	2
489	553	1
492	490	3
490	593	2
493	491	2
493	492	1
495	492	1
495	493	3
495	494	1
494	496	3
495	496	3
498	495	3
498	496	1
496	499	3
497	499	2
498	500	2
499	500	3
499	501	1
499	502	2
501	500	1
500	503	1
502	501	1
501	503	2
504	501	1
502	503	2
505	502	1
502	543	2
502	571	3
503	505	1
506	503	3
504	506	2
507	504	1
511	504	2
505	506	3
507	505	2
510	505	3
506	508	2
508	507	2
507	510	3
526	507	3
508	510	1
508	591	1
509	511	3
512	509	3
512	510	1
513	511	3
512	513	1
514	512	2
515	512	3
515	513	2
515	514	2
514	516	1
515	517	1
518	515	3
518	516	3
519	516	1
517	518	3
520	517	1
550	517	3
519	518	3
518	521	2
520	519	1
519	522	2
520	522	3
520	523	1
521	523	1
583	521	1
524	522	1
522	525	2
524	523	1
523	525	3
525	524	1
526	524	1
524	527	3
525	527	2
528	525	3
526	527	3
529	526	3
529	527	2
530	528	3
528	531	1
531	529	2
532	529	3
570	529	1
532	530	1
539	530	2
533	531	2
532	534	2
534	533	2
533	535	3
553	533	1
534	536	3
534	556	3
536	535	1
535	537	3
592	535	3
536	537	2
536	539	3
538	537	2
539	537	2
540	537	1
538	540	1
538	541	3
541	539	3
541	540	2
540	542	1
543	540	3
541	542	1
541	543	3
574	541	3
570	541	3
542	543	3
545	542	3
544	543	1
543	546	1
594	543	3
545	544	2
547	544	3
546	545	1
545	547	2
547	546	2
546	549	2
549	547	2
550	547	2
550	548	1
551	548	3
550	549	2
551	549	1
550	552	2
569	550	2
551	552	2
554	551	2
553	552	3
552	555	1
553	554	3
553	555	3
554	555	2
554	556	3
557	554	3
557	555	2
555	558	2
556	557	1
558	556	2
556	559	2
558	557	3
557	559	3
557	560	1
559	558	2
560	558	1
561	558	3
559	561	2
562	559	1
561	560	3
560	563	1
580	560	1
561	563	1
561	564	1
563	562	1
562	564	3
562	565	1
571	562	3
563	564	2
563	565	2
564	566	1
564	571	1
565	566	2
565	568	1
566	567	2
566	568	2
569	566	2
569	567	2
585	567	2
568	570	1
568	571	1
570	569	1
571	569	3
570	572	1
571	573	1
572	574	3
572	575	3
575	573	1
575	574	3
574	577	1
576	575	2
575	577	1
575	578	3
578	576	3
577	578	3
579	577	2
577	580	3
578	579	1
578	580	3
578	581	2
579	581	3
579	582	2
580	581	3
580	583	2
581	583	3
581	584	1
583	582	3
584	582	1
583	584	1
586	583	3
585	584	1
587	584	2
585	587	1
586	587	2
588	586	2
586	589	2
587	589	3
589	588	1
588	590	2
590	589	2
589	592	3
592	590	1
593	590	3
591	593	1
592	593	3
592	595	1
593	594	2
596	593	3
594	595	2
594	596	3
596	595	2
595	597	1
598	595	1
596	598	3
597	599	3
598	599	2
