2	0	3
3	0	1
0	597	3
0	598	2
0	599	1
0	10	3
15	0	3
1	3	1
1	598	2
1	599	2
1	309	3
398	1	3
1	43	3
2	4	2
599	2	2
451	2	1
2	120	2
5	3	2
402	3	1
399	3	3
121	3	1
3	424	3
6	4	2
4	7	3
4	470	1
275	4	1
7	5	2
44	5	1
182	5	2
5	402	2
6	7	1
9	6	3
6	266	1
7	9	2
10	7	1
7	359	2
7	316	2
10	8	3
8	11	1
445	8	2
219	8	2
10	9	1
9	12	3
9	100	2
9	584	2
10	11	3
10	12	2
10	480	2
472	10	2
11	12	3
11	14	3
11	45	3
90	11	3
11	419	3
12	13	3
15	12	1
96	12	3
15	13	1
16	13	1
13	179	2
143	13	3
214	13	1
16	14	3
17	14	1
353	14	3
477	14	2
15	17	1
18	15	3
15	151	2
18	16	3
16	19	3
16	476	1
19	17	2
397	17	1
261	17	3
181	17	2
19	18	1
18	20	1
18	506	2
276	18	2
21	19	3
19	133	2
118	19	1
382	19	1
510	19	1
20	21	2
22	20	2
20	23	3
20	479	3
21	22	3
24	21	1
21	361	1
22	24	3
25	22	2
22	471	3
22	294	3
22	343	1
24	23	1
25	23	2
528	23	3
23	497	3
24	25	3
27	24	2
572	24	2
24	430	2
27	25	2
28	25	2
25	505	3
26	28	1
26	29	1
206	26	3
360	26	3
28	27	2
27	30	1
89	27	2
27	118	3
29	28	3
30	28	1
31	28	2
29	31	1
32	29	2
29	44	3
31	30	1
32	30	2
437	30	2
31	32	1
33	31	2
151	31	2
32	33	2
32	34	1
32	35	1
32	329	3
33	35	3
517	33	3
311	33	2
36	34	1
483	34	1
34	366	1
162	34	1
221	34	2
37	35	1
38	35	3
68	35	1
210	35	1
36	37	2
38	36	3
403	36	3
36	380	1
37	39	2
561	37	2
506	37	3
39	38	1
40	38	3
288	38	3
258	38	1
39	40	3
41	39	2
162	39	3
41	40	2
40	43	3
40	451	2
40	171	1
262	40	1
40	310	3
415	40	3
41	43	2
41	80	1
526	41	2
57	41	1
41	202	1
301	41	1
44	42	3
45	42	2
386	42	1
44	43	3
43	46	3
43	457	3
44	45	3
44	46	2
44	47	3
45	47	3
45	48	2
45	309	3
45	443	1
48	46	1
49	46	2
46	204	3
311	46	1
47	49	1
47	50	2
47	366	3
48	49	3
51	48	1
220	48	1
318	48	3
51	49	3
305	49	2
436	49	1
418	49	2
50	52	3
53	50	1
98	50	2
222	50	3
50	481	3
52	51	1
54	51	3
55	51	2
357	51	2
54	52	2
52	255	3
52	220	2
54	53	3
53	55	1
211	53	1
213	53	1
560	53	3
55	54	3
56	54	1
57	54	2
54	192	3
56	55	1
58	55	3
55	139	3
82	55	1
56	58	1
56	140	2
590	56	3
57	59	1
57	60	2
60	58	3
402	58	2
58	363	3
58	406	1
441	58	2
60	59	3
59	61	1
59	62	1
61	60	1
62	60	2
60	175	3
60	339	2
353	60	1
61	63	2
61	115	3
219	61	3
61	243	3
322	61	2
62	64	1
62	65	2
62	306	2
62	307	1
65	63	3
399	63	3
63	244	2
64	65	1
67	64	3
269	64	1
64	95	3
65	66	2
65	67	2
65	68	3
268	65	2
574	65	1
66	67	1
66	69	2
66	378	1
321	66	1
68	67	3
70	67	3
379	67	2
114	67	3
67	216	3
69	68	3
68	70	2
71	68	3
68	167	3
71	69	2
69	128	2
227	69	3
69	354	1
462	69	3
70	71	2
73	70	2
70	498	3
73	71	1
74	71	3
71	336	1
71	86	3
72	73	2
75	72	2
72	527	2
305	72	1
73	74	2
73	75	1
73	422	1
73	198	3
74	75	2
74	77	3
393	74	2
74	287	3
74	503	2
75	76	1
75	77	3
75	78	1
220	75	3
417	75	1
78	76	3
79	76	1
510	76	2
79	77	3
80	77	2
77	511	3
77	412	3
78	80	2
375	78	1
78	580	2
80	79	2
79	82	2
79	113	1
82	80	3
440	80	3
80	371	2
80	115	1
237	80	2
274	80	3
81	83	2
81	202	1
81	322	1
555	81	2
83	82	3
85	82	3
82	129	3
82	231	1
235	82	1
83	84	2
86	83	1
83	190	2
83	91	3
83	422	1
83	568	3
85	84	1
86	84	1
84	501	3
84	311	1
84	342	3
85	86	2
88	85	3
193	85	3
395	85	2
85	594	1
86	88	1
160	86	3
86	383	1
86	587	1
89	87	2
90	87	2
87	220	1
87	159	1
269	87	1
89	88	1
91	88	3
490	88	1
90	89	2
89	92	2
89	129	3
90	92	2
90	289	1
91	92	2
91	93	2
93	92	3
95	92	3
92	532	2
92	280	3
95	93	3
138	93	2
93	247	2
93	471	3
93	509	1
95	94	3
94	97	3
94	330	1
96	95	2
98	95	1
486	95	2
96	97	3
99	96	1
96	385	3
96	134	2
97	99	1
334	97	2
97	217	3
276	97	2
97	291	3
547	97	2
99	98	1
100	98	1
101	98	3
100	99	1
99	101	2
99	102	1
365	99	2
99	541	1
101	100	3
102	100	3
103	100	3
290	100	3
100	495	3
101	102	2
104	101	1
165	101	3
236	101	3
102	104	1
529	102	1
102	213	1
191	102	1
105	103	3
103	106	2
247	103	3
497	103	3
104	105	3
104	107	1
500	104	1
104	219	1
107	105	3
108	105	1
105	261	2
105	483	1
106	107	2
109	106	3
106	507	1
108	107	2
110	107	2
107	457	1
107	577	3
108	109	2
111	108	2
108	393	3
108	285	3
425	108	1
111	109	1
109	562	1
109	219	2
111	110	3
110	112	1
502	110	3
111	112	2
114	111	2
111	216	2
389	111	3
519	111	1
114	112	3
115	112	3
112	168	1
114	113	3
116	113	3
137	113	3
114	115	1
114	117	1
115	117	1
115	397	3
239	115	3
115	561	3
116	117	2
119	116	3
116	171	2
116	348	2
446	116	2
119	117	3
117	413	1
117	490	3
117	325	1
120	118	3
118	311	2
129	118	3
312	118	2
120	119	1
122	119	3
119	368	1
119	499	2
120	121	1
120	123	2
496	120	1
120	152	3
121	123	3
121	124	2
123	122	1
124	122	3
122	125	2
122	330	2
123	125	2
123	126	3
123	346	3
124	125	2
127	124	1
588	124	2
125	127	1
390	125	2
456	125	1
155	125	2
127	126	3
126	128	1
153	126	2
501	126	1
502	126	1
129	127	2
130	127	1
511	127	1
128	130	3
128	131	1
128	385	2
128	373	2
128	519	2
131	129	3
184	129	2
253	129	2
132	130	2
133	130	2
398	130	2
130	381	2
131	132	3
131	133	3
131	134	3
131	338	2
132	133	3
135	132	1
498	132	3
132	292	3
135	133	1
133	136	2
494	133	2
135	134	2
137	134	1
135	137	3
135	138	3
266	135	3
138	136	2
322	136	1
136	562	3
271	136	1
139	137	3
540	137	1
186	137	2
137	536	1
138	139	3
140	138	1
141	138	3
228	138	1
229	138	2
141	139	2
142	139	2
139	304	3
198	139	2
142	140	3
375	140	3
473	140	3
143	141	1
141	144	3
141	160	2
141	484	3
571	141	3
144	142	2
145	142	3
142	596	3
144	143	3
146	143	1
143	157	1
143	289	2
146	144	1
147	144	1
144	222	1
147	145	1
145	407	3
330	145	2
465	145	2
148	146	2
149	146	2
146	384	3
148	147	2
147	150	3
355	147	2
147	550	3
148	149	3
148	150	2
148	151	1
150	149	2
152	149	3
149	433	3
149	227	2
152	150	2
150	300	3
150	341	2
152	151	3
151	154	2
151	200	2
151	592	1
154	152	2
152	241	1
153	155	3
153	482	1
153	578	1
196	153	3
155	154	1
156	154	1
154	157	1
473	154	3
155	157	1
158	155	3
545	155	2
156	157	1
159	156	1
156	395	1
293	156	2
157	159	2
157	451	1
160	158	3
158	550	3
158	581	1
341	158	3
349	158	1
159	161	2
253	159	1
160	162	3
160	163	1
160	291	1
162	161	3
164	161	3
450	161	3
163	162	3
162	165	2
176	162	3
399	162	2
164	163	3
165	163	3
383	163	3
550	163	1
164	166	3
164	167	2
164	239	1
349	164	3
165	166	3
165	167	1
168	165	2
168	166	1
166	331	3
166	568	3
167	169	1
170	167	2
168	170	3
168	171	3
458	168	3
168	331	1
169	171	2
551	169	3
355	169	3
242	169	3
171	170	2
172	170	2
170	342	3
466	170	2
171	172	2
174	171	3
171	251	3
581	171	3
172	173	1
172	174	3
172	274	1
173	175	3
176	173	1
173	251	2
175	174	3
176	174	1
174	177	1
174	264	3
177	175	2
175	178	3
200	175	2
397	175	3
598	175	3
177	176	1
179	176	1
180	176	2
178	177	1
177	180	2
177	265	1
177	368	2
178	179	2
178	180	3
181	178	3
180	179	3
179	182	2
179	199	1
530	179	2
180	181	2
183	180	2
378	180	2
180	565	3
182	181	1
181	184	3
181	570	3
182	183	1
182	184	3
182	185	2
185	183	2
186	183	3
377	183	2
184	186	3
433	184	1
185	187	2
185	188	2
244	185	2
279	185	2
187	186	2
186	189	3
186	198	1
188	187	3
189	187	3
187	239	2
187	354	3
189	188	1
191	188	1
232	188	2
191	189	3
192	189	2
189	448	1
190	191	3
193	190	3
190	302	2
193	191	3
191	431	3
192	194	1
195	192	3
385	192	3
193	195	3
193	196	2
446	193	2
467	193	1
193	520	1
196	194	2
197	194	1
329	194	3
194	213	3
197	195	2
462	195	2
253	195	3
288	195	3
195	496	1
195	507	1
196	197	1
199	196	1
196	321	3
196	384	1
444	196	3
199	197	2
413	197	3
197	503	3
197	433	1
198	200	3
367	198	1
198	376	3
463	198	3
199	200	1
201	199	1
199	209	1
199	202	1
572	199	3
201	200	1
203	200	3
201	203	1
201	204	2
255	201	3
202	204	1
203	205	3
203	206	2
438	203	2
204	205	1
207	204	1
204	495	2
206	205	1
207	205	1
205	208	3
205	382	3
208	206	1
206	209	2
206	236	1
206	346	1
209	207	3
210	207	1
444	207	1
210	208	3
211	208	2
240	208	3
463	208	1
210	209	1
211	209	3
574	209	2
210	212	2
210	213	1
211	212	1
211	214	2
508	211	2
259	211	1
572	211	3
212	214	2
522	212	2
504	212	2
215	213	3
213	436	1
215	214	2
217	214	1
217	215	3
218	215	2
426	215	3
216	217	3
219	216	2
388	216	1
217	218	2
220	217	3
404	217	3
217	476	2
219	218	2
220	218	3
218	556	1
218	448	3
219	221	1
220	222	3
220	260	1
377	220	1
221	223	3
459	221	1
224	222	1
446	222	2
222	398	3
222	468	2
223	225	2
226	223	1
267	223	3
430	223	3
469	223	3
224	225	2
224	227	3
263	224	2
512	224	3
225	227	2
228	225	1
225	427	2
225	360	2
226	228	1
226	229	1
226	515	1
229	227	2
264	227	1
228	229	2
228	231	3
228	421	2
230	229	1
232	229	1
261	229	3
231	230	1
232	230	1
493	230	3
233	231	2
231	234	3
233	232	3
232	234	3
232	366	1
233	234	1
233	235	2
233	236	3
233	315	3
234	236	1
237	234	2
234	297	1
234	498	1
235	236	3
238	235	3
236	238	2
239	236	1
449	236	2
239	237	1
237	240	1
255	237	3
238	239	1
238	241	3
238	495	3
489	238	2
563	238	2
240	239	2
239	241	2
240	242	1
243	240	2
240	587	3
247	240	2
241	242	3
241	243	1
241	244	1
508	241	2
242	243	1
242	244	2
245	243	1
243	246	1
243	317	1
245	244	3
247	244	3
493	244	1
247	245	3
414	245	2
245	338	3
247	246	2
249	246	1
246	335	2
247	248	3
247	249	3
552	247	1
248	249	1
248	250	2
248	251	2
251	249	1
592	249	1
249	599	3
305	249	3
251	250	3
250	252	3
253	250	3
251	252	2
253	251	1
351	251	2
253	252	2
252	254	1
252	255	2
254	253	2
255	253	2
254	255	2
254	256	3
254	257	3
254	415	3
544	254	2
255	256	2
255	258	2
255	282	2
442	255	2
258	256	3
256	371	1
256	573	1
504	256	3
257	258	2
259	257	1
325	257	2
257	449	3
257	554	2
260	258	3
488	258	2
259	260	2
259	262	1
259	394	1
261	260	3
260	263	2
260	580	3
261	262	1
263	261	1
339	261	2
263	262	2
264	262	2
264	263	1
265	263	2
263	266	1
263	394	1
265	264	3
267	264	3
543	264	1
265	266	2
267	265	3
265	268	3
266	268	1
266	269	1
266	422	3
267	269	1
270	267	3
400	267	3
267	413	2
268	270	3
268	271	1
268	332	3
268	578	1
271	269	1
269	272	3
270	272	3
273	270	1
270	377	1
402	270	3
273	271	3
271	471	2
271	562	1
273	272	1
274	272	3
272	493	3
559	272	3
275	273	1
276	273	2
295	273	1
405	273	1
274	275	3
274	277	2
560	274	2
275	276	3
275	278	3
303	275	2
390	275	1
276	278	1
304	276	3
277	279	2
277	280	2
277	392	1
279	278	3
280	278	3
563	278	3
278	513	2
279	280	1
282	279	3
282	280	3
280	283	3
281	282	3
284	281	2
281	532	2
525	281	2
282	283	1
282	285	3
285	283	2
352	283	3
341	283	2
286	284	2
287	284	2
343	284	3
297	284	3
284	377	2
284	596	3
287	285	1
285	394	1
288	286	1
286	289	3
286	456	2
287	288	2
290	287	1
288	289	2
288	290	1
289	291	3
408	289	2
291	290	1
293	290	1
291	292	2
291	294	1
448	291	3
291	582	1
292	294	2
354	292	1
292	328	2
295	293	3
373	293	3
296	294	3
574	294	1
297	295	2
295	298	2
295	309	3
296	297	1
296	298	2
296	299	1
299	297	1
297	516	2
298	299	2
300	298	2
298	595	3
408	298	1
299	300	2
299	301	1
299	535	3
487	299	2
302	300	2
300	303	3
300	450	2
320	300	2
301	302	1
303	301	2
303	302	1
304	302	1
359	302	3
535	302	3
302	562	2
303	305	2
303	565	2
304	305	2
306	304	1
305	307	2
306	307	2
308	306	3
309	306	2
356	306	1
309	307	3
307	417	1
307	432	3
308	309	1
311	308	1
452	308	1
309	311	1
309	312	3
389	309	3
311	310	2
310	312	2
313	311	2
312	313	3
312	315	1
546	312	2
313	314	3
316	313	3
427	313	3
313	482	2
314	315	3
314	317	1
314	448	2
358	314	1
488	314	3
315	317	2
315	399	2
317	316	3
319	316	2
564	316	2
566	316	1
319	317	3
320	317	3
319	318	3
318	321	1
318	597	2
321	319	3
319	398	2
406	319	3
320	322	1
411	320	1
320	408	1
323	321	1
467	321	1
323	322	2
325	322	3
323	324	3
323	325	1
446	323	2
423	323	3
325	324	3
324	326	3
327	324	2
324	386	2
326	325	1
325	328	1
326	328	3
329	326	1
432	326	2
328	327	3
327	329	3
327	443	3
327	452	1
327	490	1
330	328	2
328	331	2
330	329	2
332	329	2
388	329	3
329	459	1
329	523	1
332	330	3
330	333	3
331	332	1
331	334	2
332	334	3
554	332	2
416	332	3
334	333	3
335	333	3
333	336	1
335	334	3
336	334	1
334	460	2
335	336	3
337	335	1
461	335	3
337	336	3
336	338	2
339	336	2
352	336	3
336	428	1
338	337	1
339	337	2
337	547	2
337	578	1
339	338	2
341	338	1
339	341	2
340	341	1
342	340	1
340	408	3
341	343	2
344	341	2
343	342	1
342	345	2
344	343	1
343	346	2
343	371	3
401	343	1
345	344	3
344	346	1
344	532	1
345	346	3
347	345	2
345	348	2
345	508	1
346	347	1
346	349	3
411	346	1
348	347	3
347	349	2
350	347	3
464	347	2
350	348	2
348	351	3
348	427	2
351	349	3
350	351	2
350	352	1
454	350	3
451	350	3
350	460	1
558	350	3
351	352	3
351	354	1
351	426	2
353	352	2
355	352	3
354	353	1
353	355	2
354	356	3
354	355	1
354	478	3
356	355	3
357	355	1
355	498	2
358	356	2
356	359	3
551	356	2
357	359	1
360	357	2
364	357	3
358	360	2
358	534	2
360	359	1
359	361	1
362	359	2
514	359	3
362	360	1
361	363	2
361	460	3
485	361	1
366	361	2
362	364	2
365	362	3
409	362	1
362	398	3
364	363	3
363	365	3
366	363	3
364	366	3
364	367	2
366	365	1
365	368	2
368	366	2
366	369	2
369	367	1
367	370	2
369	368	3
368	370	3
369	371	3
372	369	1
417	369	2
372	370	3
370	373	1
370	517	3
491	370	2
373	371	1
418	371	1
373	372	1
372	374	2
576	372	1
474	372	1
527	372	2
373	374	3
373	375	2
374	375	1
374	376	3
377	374	2
375	377	3
375	378	3
375	427	3
377	376	1
376	378	2
376	478	3
379	377	2
377	445	2
380	378	2
378	575	3
380	379	1
381	379	2
382	379	1
437	379	1
379	553	2
381	380	2
380	382	1
380	440	1
380	526	2
382	381	2
383	381	3
384	382	1
383	384	2
383	386	1
384	385	1
386	384	2
387	385	2
588	385	3
386	388	1
389	386	1
511	386	3
583	386	3
389	387	1
390	387	1
476	387	2
388	390	1
390	389	1
392	389	1
391	390	2
390	393	1
420	390	1
390	439	3
391	392	2
393	391	3
394	391	3
394	392	1
395	392	3
392	437	3
394	393	1
395	393	3
396	393	2
393	409	3
393	553	2
396	394	1
395	397	1
556	395	2
395	480	3
398	396	2
396	433	3
449	396	1
399	397	1
397	400	1
397	573	3
398	400	3
399	401	3
402	399	1
401	400	3
402	400	1
400	403	2
401	402	1
404	401	1
481	401	2
404	402	3
458	402	1
403	405	3
403	406	1
403	516	1
460	403	2
405	404	1
404	406	3
407	404	1
407	405	2
405	464	3
405	486	2
408	406	1
406	567	2
407	408	2
410	407	3
407	460	3
408	410	1
409	410	3
411	409	2
411	410	2
412	410	3
410	413	2
411	412	3
411	414	2
411	530	1
411	579	3
414	412	2
412	513	1
414	413	1
415	413	3
414	415	2
416	414	3
414	417	2
415	417	1
416	417	3
416	419	3
419	417	1
417	577	3
418	419	3
420	418	1
419	420	1
422	419	3
422	420	2
420	423	2
421	422	1
421	424	2
423	422	3
424	422	3
490	422	3
423	424	2
426	423	2
424	426	3
427	424	1
426	425	3
428	425	1
427	426	1
426	429	1
426	540	1
428	427	2
427	429	1
430	428	3
431	428	1
431	429	3
432	429	2
429	526	2
470	429	3
430	432	3
455	430	1
430	489	3
431	432	2
431	433	1
434	431	3
431	493	1
432	433	2
432	434	2
433	435	2
433	436	2
435	434	1
436	434	2
434	437	1
434	492	2
434	575	1
435	436	3
435	437	2
435	438	2
438	436	3
439	436	3
438	437	2
437	440	2
439	438	2
440	438	2
438	441	1
438	483	2
440	439	1
441	439	3
440	441	1
440	443	2
544	440	3
442	441	1
443	441	2
441	532	1
442	443	3
445	442	2
445	443	1
503	443	2
445	444	1
447	444	2
447	445	2
445	513	3
448	446	1
446	449	3
448	447	1
449	447	2
447	450	3
448	450	2
451	449	1
450	451	2
452	450	1
450	453	2
453	451	1
451	454	3
452	453	1
455	452	2
453	454	2
456	453	1
453	541	2
455	454	3
454	456	1
545	454	1
457	454	1
454	518	3
455	457	1
455	487	1
555	455	2
456	457	2
456	458	3
456	536	1
494	456	3
456	574	2
457	459	1
538	457	2
457	586	3
458	459	2
458	460	1
461	459	3
459	462	1
460	462	3
460	584	3
461	462	1
463	461	1
464	461	1
463	462	1
462	465	3
463	465	1
463	485	3
466	464	3
464	530	3
467	465	2
575	465	1
466	467	1
469	466	3
467	469	1
467	556	2
469	468	2
471	468	2
468	510	1
470	469	1
471	469	1
472	470	1
473	470	2
471	472	3
471	474	2
473	472	1
475	472	1
474	473	2
473	476	3
474	475	1
474	477	2
476	475	1
477	475	1
475	478	3
478	476	3
476	479	3
477	478	3
480	477	3
551	477	2
480	478	2
478	593	3
479	480	2
482	479	2
480	482	2
483	480	2
505	480	2
481	483	3
482	483	2
482	485	3
483	485	3
484	485	3
484	487	2
485	487	1
488	485	1
486	488	2
487	488	1
490	487	1
488	490	3
488	549	3
489	491	3
518	489	3
490	492	3
492	491	1
491	494	1
492	493	2
492	494	2
493	495	2
496	493	1
495	494	1
494	496	2
496	495	2
495	498	3
498	496	3
496	499	2
499	497	2
498	500	1
499	500	2
502	499	1
503	499	3
567	499	2
500	501	3
500	502	3
503	500	3
503	501	1
504	501	1
503	502	3
502	505	3
505	503	2
504	505	2
507	504	2
505	506	1
507	505	2
506	507	3
508	506	3
506	509	1
506	523	2
507	508	1
507	509	1
508	510	3
511	509	1
512	509	1
510	512	1
511	513	3
514	511	3
512	513	3
515	512	1
513	515	3
513	516	3
513	524	3
514	516	3
514	517	2
517	515	1
515	518	1
515	575	3
517	516	1
519	516	2
516	539	1
517	519	3
517	520	3
589	517	1
520	518	2
521	519	1
521	520	2
520	522	2
522	521	2
521	523	2
521	524	3
522	523	1
522	524	2
525	522	1
525	523	1
525	524	1
527	524	2
526	525	1
528	525	3
527	526	3
526	529	3
527	528	3
527	529	2
529	528	3
531	528	1
545	528	1
530	529	3
531	529	2
532	529	3
529	537	1
532	530	1
532	531	3
531	533	2
531	534	1
532	533	1
532	535	1
532	538	3
532	591	1
534	533	1
533	535	3
533	536	1
534	535	1
534	536	3
537	534	3
535	537	3
538	535	2
537	536	1
536	539	2
538	537	2
540	537	1
538	540	1
540	539	2
541	539	2
542	539	1
540	542	1
543	540	1
541	543	2
544	541	1
542	543	1
544	542	2
542	545	2
545	543	3
546	543	2
544	546	1
546	545	1
545	548	2
546	548	1
549	546	1
547	548	2
549	547	3
549	548	1
548	550	3
548	551	2
549	550	3
551	549	2
549	552	3
550	552	1
553	551	2
551	557	2
554	552	2
555	552	1
555	553	2
555	554	2
557	554	3
555	557	1
556	557	3
558	556	2
557	558	3
559	557	1
560	558	2
558	561	3
560	559	2
562	559	1
560	562	2
561	562	1
563	561	3
564	562	2
565	563	3
563	566	2
566	564	3
567	564	2
567	565	1
568	565	1
566	567	1
566	569	3
568	567	1
570	567	2
569	568	2
568	571	3
569	570	3
569	571	3
572	569	1
572	570	3
573	570	2
573	571	3
571	574	2
572	574	1
573	575	2
573	576	3
576	574	3
575	576	3
577	575	3
575	594	1
576	577	2
578	576	3
579	576	1
577	578	1
577	580	1
578	580	1
580	579	3
581	579	3
581	580	1
582	580	1
580	583	2
581	583	3
581	584	3
584	582	1
585	582	1
584	583	2
586	583	2
586	584	1
586	585	1
585	587	3
588	585	3
588	586	1
586	589	1
587	588	1
587	590	1
588	589	2
588	590	3
588	591	1
590	589	2
589	591	3
589	592	1
590	591	1
590	592	3
593	590	1
593	591	1
594	591	2
592	593	3
592	595	3
595	593	3
593	596	1
596	594	3
595	596	2
597	595	1
595	598	1
596	598	1
599	596	1
597	599	2
