2	0	1
3	0	1
597	0	3
598	0	2
0	599	2
0	194	1
0	497	2
3	1	1
4	1	3
1	599	1
470	1	2
457	1	2
1	299	1
1	579	2
3	2	2
2	4	1
5	2	3
2	251	3
3	5	1
3	371	3
3	584	2
68	3	2
508	3	1
4	5	1
4	6	2
100	4	1
4	427	3
7	5	3
35	5	3
5	62	1
145	5	1
491	5	3
6	8	2
9	6	1
6	414	3
346	6	2
6	479	3
8	7	3
10	7	2
85	7	2
7	78	2
7	183	3
9	8	1
8	11	1
8	181	2
137	8	3
280	8	2
8	541	3
10	9	1
9	11	3
9	238	1
206	9	2
12	10	2
10	35	1
10	42	2
134	10	2
307	10	2
11	13	3
518	11	1
215	11	3
256	11	3
11	271	3
12	13	3
14	12	1
15	12	2
12	65	3
104	12	3
13	14	3
15	13	2
383	13	1
15	14	3
14	17	1
282	14	2
14	420	1
555	14	1
15	17	3
15	579	3
298	15	2
30	15	2
16	17	3
18	16	3
16	288	1
16	88	1
16	177	3
17	19	1
17	20	2
416	17	1
19	18	2
21	18	2
18	138	2
539	18	3
19	20	1
21	19	1
437	19	2
19	354	3
20	22	3
23	20	1
92	20	1
20	86	1
20	204	1
20	463	2
21	23	3
24	21	2
337	21	3
22	24	3
587	22	3
22	396	3
24	23	3
23	26	1
23	239	2
24	26	1
24	27	3
24	204	1
24	71	3
26	25	2
28	25	1
25	535	2
25	570	1
26	28	1
26	211	2
255	26	1
29	27	3
27	30	3
570	27	3
227	27	2
27	581	3
28	29	2
30	28	1
31	28	3
188	28	3
28	222	3
28	349	2
28	534	1
31	29	3
32	29	3
298	29	2
29	182	3
383	29	1
31	30	3
30	33	2
107	30	1
32	31	2
31	34	1
293	31	2
31	275	3
31	279	1
587	31	2
33	32	2
35	32	3
560	32	3
32	84	2
170	32	1
34	33	3
35	33	3
33	232	2
33	233	1
400	33	3
597	33	3
35	34	3
34	36	3
34	37	1
36	35	2
37	35	3
35	38	1
36	38	3
36	463	1
310	36	3
36	53	1
36	62	2
38	37	1
39	37	3
37	40	3
37	294	1
39	38	2
41	38	1
435	38	2
38	173	3
41	39	3
39	590	3
39	563	2
44	39	3
246	39	3
40	42	3
40	459	1
40	439	3
43	41	3
208	41	3
116	41	1
511	41	3
42	43	1
42	45	1
42	151	3
42	74	2
201	42	1
44	43	3
43	45	3
43	469	3
43	47	3
412	43	1
45	44	1
47	44	2
45	47	2
53	45	1
45	340	1
579	45	2
47	46	1
49	46	1
46	348	2
46	51	1
551	46	3
49	47	2
371	47	3
47	347	1
47	595	3
49	48	2
48	50	1
48	402	3
57	48	1
219	48	3
49	50	2
52	49	2
87	49	2
133	49	2
355	49	3
468	49	3
50	51	3
50	52	1
50	424	2
488	50	1
52	51	3
54	51	3
51	220	2
52	54	1
52	55	3
362	52	2
55	53	2
204	53	2
498	53	3
54	56	2
54	57	1
368	54	1
55	56	2
57	55	3
55	543	3
131	55	1
58	56	1
56	141	1
56	470	3
56	475	3
590	56	3
57	58	1
60	57	3
57	368	1
57	568	1
59	58	3
58	61	2
195	58	2
58	368	2
58	466	1
61	59	3
59	62	1
59	195	3
147	59	1
59	447	3
59	449	3
61	60	1
63	60	3
60	341	3
416	60	1
61	63	2
61	341	1
155	61	1
96	61	3
61	216	3
308	61	3
62	64	2
62	80	1
62	121	2
62	285	1
62	348	1
64	63	3
65	63	2
66	63	2
337	63	2
65	64	2
64	66	3
333	64	3
64	312	1
360	64	3
469	64	3
67	65	2
119	65	2
65	205	1
66	68	3
69	66	2
66	111	3
66	320	3
66	477	2
550	66	2
67	68	1
67	69	1
67	70	2
68	69	2
71	68	1
70	69	3
71	69	1
72	69	1
69	253	1
70	71	1
70	72	2
70	73	2
316	70	3
70	339	1
71	72	1
73	71	1
73	72	2
72	75	2
72	225	3
72	113	1
73	74	3
73	76	2
73	251	1
74	76	2
502	74	3
74	422	3
77	75	2
78	75	3
75	303	1
288	75	2
77	76	2
76	79	1
558	76	3
77	78	2
77	80	1
436	77	1
77	327	1
78	80	2
81	78	2
78	322	1
79	81	3
82	79	2
415	79	1
524	79	3
81	80	1
80	83	3
80	217	2
82	81	1
83	81	2
81	84	2
81	169	3
83	82	3
82	84	2
323	82	3
82	180	1
559	82	2
84	83	2
83	86	1
359	83	3
83	99	1
83	274	3
85	84	3
84	87	2
84	418	3
87	85	1
98	85	1
85	248	2
85	515	1
86	87	2
86	88	1
210	86	2
88	87	2
87	89	3
90	87	3
380	87	3
87	578	2
88	90	3
279	88	2
89	90	2
89	92	1
301	89	1
404	89	2
89	562	3
91	90	3
92	90	2
137	90	3
91	92	3
91	93	2
482	91	3
350	91	1
91	515	2
92	93	3
92	94	3
95	92	2
92	163	2
95	93	2
189	93	2
93	201	1
460	93	2
95	94	1
97	94	1
539	94	3
510	94	2
95	96	1
95	97	2
98	95	3
98	96	1
253	96	1
96	436	2
98	97	3
100	97	1
97	208	1
100	98	2
98	101	3
370	98	3
136	98	2
98	214	2
354	98	3
99	101	1
102	99	3
102	100	2
100	137	3
100	453	1
100	509	2
101	102	2
101	104	2
448	101	2
102	104	2
102	506	2
102	299	2
103	104	2
105	103	1
111	103	3
104	105	3
104	106	3
562	104	2
106	105	2
107	105	1
105	108	3
106	108	3
106	229	1
393	106	3
165	106	2
107	109	2
110	107	1
107	213	2
107	502	3
108	110	3
108	111	1
161	108	3
129	108	2
111	109	1
109	258	2
109	334	1
112	110	3
216	110	1
110	222	1
112	111	2
111	114	2
288	111	1
377	111	1
111	482	2
112	114	3
112	115	2
112	506	3
409	112	3
113	114	3
116	113	1
164	113	1
264	113	1
113	305	3
114	115	1
117	114	1
241	114	1
332	114	1
114	540	2
116	115	2
115	117	3
290	115	1
115	310	3
472	115	1
115	554	1
117	116	1
116	118	2
116	119	1
227	116	1
296	116	1
116	507	1
117	119	1
117	120	2
117	284	1
191	117	3
117	496	2
118	120	3
121	118	1
500	118	2
118	234	3
370	118	2
394	118	2
476	118	2
120	119	3
122	119	2
119	292	3
419	119	1
119	538	3
120	121	3
122	120	3
120	132	1
402	120	2
120	464	3
491	120	2
121	122	1
124	121	2
261	121	3
122	124	1
122	125	2
154	122	3
273	122	3
123	125	2
549	123	2
162	123	2
126	124	2
357	124	1
558	124	2
127	125	2
125	136	2
125	547	1
203	125	2
126	127	2
128	126	2
129	126	1
126	247	1
127	128	1
127	129	1
130	127	1
355	127	1
128	129	3
128	130	2
128	168	1
128	146	3
184	128	2
343	128	2
528	128	2
131	129	1
452	129	1
214	129	3
132	130	1
130	188	2
242	130	1
133	131	1
134	131	1
133	132	1
132	135	3
360	132	3
317	132	2
132	439	1
132	594	3
134	133	2
136	133	2
251	133	3
534	133	3
136	134	2
134	417	2
137	135	2
135	138	1
529	135	3
138	136	1
136	139	2
292	136	3
137	139	1
137	140	3
137	257	3
137	531	2
139	138	3
140	138	2
138	141	3
141	139	3
142	139	2
139	528	3
142	140	2
140	173	1
140	435	3
140	255	1
356	140	2
445	140	3
142	141	1
141	144	1
265	141	1
176	141	1
196	141	1
142	143	2
142	145	2
207	142	3
302	142	2
143	144	3
143	146	3
143	163	2
525	143	2
146	144	1
147	144	1
497	144	2
144	299	1
145	146	2
148	145	3
165	145	1
147	146	2
148	146	2
149	147	1
346	147	2
266	147	1
149	148	2
151	148	1
271	148	2
149	151	1
149	152	3
149	403	3
152	150	2
153	150	1
150	452	3
151	152	2
151	154	2
151	536	2
152	154	2
155	152	2
455	152	3
568	152	3
153	154	1
155	153	1
153	156	1
387	153	3
155	154	1
154	156	2
154	453	1
154	583	3
155	157	1
155	180	2
155	272	3
155	302	3
155	426	1
158	156	3
159	156	2
268	156	3
157	159	3
362	157	3
568	157	3
159	158	3
160	158	2
158	161	1
351	158	2
159	160	2
161	159	3
159	162	3
159	167	2
159	527	3
160	161	1
160	162	2
588	160	3
163	161	2
284	161	1
161	469	3
197	161	2
161	558	2
162	163	1
162	164	2
162	546	3
165	163	3
166	163	1
163	365	1
166	164	2
164	167	3
167	165	1
165	175	3
330	165	2
165	365	1
167	166	1
166	168	1
166	169	3
167	169	1
167	170	2
231	167	2
168	169	3
168	171	2
168	425	2
169	171	3
169	559	3
169	239	1
169	361	2
169	401	1
171	170	3
170	173	3
171	172	1
173	171	3
212	171	3
318	171	1
172	173	3
174	172	3
172	267	2
559	172	2
173	175	1
173	366	2
173	193	3
173	413	2
176	174	1
177	174	3
558	174	3
174	252	1
176	175	1
178	175	2
175	541	1
176	177	1
176	179	3
177	179	3
180	177	2
177	406	3
520	177	1
178	179	2
178	181	3
178	521	3
181	179	3
467	179	3
179	337	3
431	179	3
181	180	2
180	183	2
194	180	1
182	181	2
181	184	2
570	181	1
181	190	3
182	184	3
524	182	3
185	183	1
186	183	3
186	184	1
187	184	2
185	186	2
187	185	1
188	185	1
188	186	3
186	189	3
186	555	1
228	186	3
267	186	2
186	415	1
188	187	2
189	187	2
190	187	1
189	188	1
188	191	1
374	188	3
188	545	2
190	189	2
191	189	1
286	189	2
190	192	1
193	190	1
193	191	1
191	570	1
191	563	1
193	192	3
195	192	1
282	192	1
193	195	1
193	450	1
194	196	2
197	194	2
196	195	3
197	195	2
195	198	3
195	506	3
198	196	3
297	196	1
198	197	2
200	197	3
197	230	1
197	456	2
198	200	3
198	488	2
198	381	2
200	199	3
201	199	3
199	202	1
303	199	2
202	200	2
203	200	2
579	200	1
200	429	1
200	473	1
203	201	2
201	302	2
202	203	2
202	204	2
548	202	1
202	224	3
269	202	1
203	205	2
206	203	3
367	203	3
203	478	1
206	204	1
204	293	2
204	212	3
206	205	2
207	205	2
408	205	1
205	453	2
206	208	1
332	206	1
208	207	2
207	209	1
210	207	3
208	209	2
210	208	2
211	208	2
210	209	1
209	211	3
212	209	2
552	209	2
211	210	1
210	213	3
211	212	2
213	211	1
214	211	1
213	212	2
212	214	1
213	215	2
216	213	3
388	213	1
214	216	1
214	286	1
216	215	1
215	217	1
215	493	2
216	218	3
216	219	3
216	495	2
216	549	1
219	217	2
217	220	2
469	217	1
262	217	2
219	218	2
220	218	2
221	218	3
340	218	3
221	219	2
219	500	3
289	219	1
220	222	3
220	223	3
272	220	2
222	221	3
224	221	1
221	466	3
223	222	3
222	225	1
499	222	3
225	223	2
223	226	3
223	272	2
226	224	2
224	324	1
225	226	1
227	225	1
225	228	1
225	398	2
226	227	3
226	228	2
226	229	3
226	455	1
226	522	2
229	227	1
543	227	2
584	227	2
230	228	2
289	228	3
230	229	2
231	229	1
501	229	2
229	588	2
230	232	2
233	230	3
395	230	3
233	231	1
231	234	3
473	231	3
542	231	2
232	233	2
235	232	2
336	232	2
232	275	1
234	233	3
233	235	2
233	287	3
236	234	2
234	237	2
268	234	2
236	235	1
235	238	3
235	428	1
372	235	1
238	236	3
239	236	1
236	344	2
236	306	3
236	345	2
236	505	2
238	237	1
239	237	3
240	237	3
238	240	3
534	238	1
322	238	2
238	374	2
378	238	3
240	239	2
241	239	3
239	250	2
240	241	1
240	242	2
240	243	3
241	242	2
243	241	1
241	244	2
242	244	2
245	242	3
242	545	1
243	244	1
243	246	1
312	243	3
245	244	1
244	247	2
550	244	3
247	245	2
248	245	1
408	245	2
481	245	3
247	246	2
246	249	1
246	446	1
247	248	2
247	249	3
324	247	2
247	467	2
248	249	2
251	248	2
248	547	3
250	249	3
251	249	1
249	252	2
459	249	3
465	249	3
249	474	1
250	251	1
250	253	1
382	250	3
252	251	1
254	251	2
254	252	2
252	255	2
253	255	3
394	253	2
253	388	1
254	256	1
257	254	2
254	541	1
256	255	3
257	255	1
258	256	3
256	280	1
257	259	3
257	357	2
260	258	1
258	348	3
258	415	2
259	260	2
262	259	2
259	550	3
259	458	1
260	262	1
260	454	1
260	450	2
261	262	3
261	264	1
261	304	3
263	262	2
264	262	3
263	264	2
266	263	1
263	465	2
265	264	2
266	264	2
264	537	3
264	557	3
574	264	2
265	267	1
265	268	2
415	265	3
407	265	2
268	266	1
269	266	3
266	389	3
269	267	1
267	268	2
267	295	1
267	489	1
269	268	2
271	268	1
269	270	1
272	269	3
451	269	2
271	270	2
273	270	1
270	539	1
270	593	2
271	273	1
271	484	2
472	271	1
274	272	3
272	349	3
275	273	3
273	276	3
274	276	1
274	277	1
275	277	1
278	276	1
276	279	1
276	587	2
276	309	2
276	500	3
279	277	1
277	280	3
277	327	3
278	279	2
278	281	2
296	278	2
280	279	2
279	282	2
280	281	2
283	280	1
362	280	2
280	449	3
282	281	1
284	281	3
344	281	3
281	435	1
283	282	2
282	285	2
282	429	3
282	344	2
283	284	3
283	286	3
424	283	2
285	284	3
287	284	2
380	284	2
285	287	1
564	285	2
432	285	3
285	468	3
286	288	3
286	488	3
289	287	1
290	287	3
380	287	2
288	289	2
288	290	2
288	298	3
289	290	3
289	291	2
290	291	2
293	290	1
576	290	2
447	290	1
291	293	1
294	291	2
353	291	3
292	293	2
295	292	1
294	293	1
293	295	1
296	293	3
293	445	1
548	293	2
296	294	1
294	297	3
296	295	1
297	295	1
298	296	3
549	296	1
297	298	2
297	300	3
501	297	3
297	391	1
298	300	2
298	301	2
301	299	2
386	299	2
540	299	2
301	300	3
300	303	1
444	300	1
301	303	3
304	301	3
301	378	2
304	302	3
303	305	2
303	306	1
303	583	1
304	305	3
307	304	2
306	305	2
308	305	3
305	370	3
305	417	1
308	306	2
306	309	1
306	492	3
307	309	2
307	504	3
310	308	3
308	384	1
308	315	3
310	309	3
311	309	3
366	309	1
310	312	2
310	484	2
310	441	2
516	310	2
311	312	3
311	314	1
355	311	1
359	311	2
312	313	1
315	312	2
313	314	2
313	315	3
313	316	3
313	466	2
314	315	3
317	314	1
525	314	1
314	593	2
315	316	3
315	318	3
316	318	3
540	316	3
316	561	2
317	319	1
317	548	1
317	510	1
318	320	1
364	318	1
450	318	2
318	576	1
321	319	2
463	319	3
560	319	1
319	407	2
322	320	2
558	320	1
334	320	1
322	321	1
321	323	1
324	321	2
321	523	3
324	322	2
322	496	3
323	325	1
326	323	2
585	323	2
323	333	1
326	324	3
392	324	2
325	327	3
342	325	1
504	325	1
326	328	2
535	326	1
326	464	2
328	327	1
327	330	2
327	415	3
328	329	3
330	328	1
331	328	3
330	329	2
329	331	3
332	329	1
330	332	1
333	330	2
331	333	2
495	331	2
331	419	2
332	334	2
410	332	1
333	335	2
333	336	3
333	334	1
352	333	1
451	333	1
333	518	1
336	334	1
334	440	3
336	335	1
337	335	1
335	338	2
336	337	1
336	339	1
336	391	3
587	336	1
339	337	1
558	337	2
339	338	3
341	338	3
500	338	3
341	339	3
339	481	2
340	341	2
340	342	2
397	340	3
341	342	3
341	343	1
344	341	3
341	396	2
341	521	2
544	341	2
343	342	3
342	344	3
345	342	2
345	343	1
346	343	3
344	346	1
344	347	3
344	371	1
344	501	1
347	345	3
345	454	3
345	513	1
547	345	3
345	569	1
347	346	3
349	346	3
347	349	3
398	347	2
347	404	1
347	556	3
348	350	2
442	348	3
349	351	2
352	349	2
379	349	1
350	351	1
350	352	1
353	351	1
351	375	1
352	354	2
355	352	3
353	354	2
353	355	3
356	353	1
354	356	2
357	355	1
355	514	3
357	356	1
359	356	3
357	358	3
359	357	1
357	360	1
359	358	2
360	358	1
361	358	3
361	359	2
389	359	1
360	362	1
363	360	1
362	361	2
361	364	2
444	361	3
362	364	3
365	362	1
365	363	2
366	363	3
441	363	3
365	364	3
367	364	1
364	398	1
364	431	2
439	364	3
367	365	3
366	368	3
366	369	1
462	366	3
366	493	2
367	369	3
367	377	2
455	367	2
370	368	1
557	368	3
561	368	3
369	370	2
369	372	3
369	570	2
370	372	1
371	372	2
371	374	3
372	374	3
589	372	3
373	374	1
373	376	2
398	373	2
373	589	1
374	376	2
376	375	1
375	377	3
375	378	1
376	377	2
378	376	2
379	376	1
376	586	1
377	378	1
377	380	1
529	377	1
379	378	3
380	378	2
378	532	1
381	379	1
402	379	1
380	382	1
383	381	1
384	381	2
381	555	1
384	382	2
417	382	1
385	383	3
383	386	2
386	384	1
384	387	1
384	566	1
385	386	2
385	387	1
388	385	2
387	386	2
389	386	3
405	386	2
389	387	2
390	387	3
387	501	2
390	388	1
389	391	3
389	517	1
496	389	2
390	391	2
390	392	1
390	393	3
419	390	3
393	391	2
391	394	3
594	391	2
392	393	1
392	394	2
395	392	1
393	394	1
395	393	3
393	465	1
396	394	3
394	526	2
395	396	2
395	398	2
397	396	1
399	396	2
398	397	1
400	397	3
400	398	1
502	398	2
400	399	3
399	401	1
399	402	2
399	433	1
401	400	2
402	400	1
403	401	3
401	404	1
403	402	1
404	402	3
402	504	1
402	573	2
405	403	1
441	403	2
429	403	3
406	404	3
406	405	1
408	405	1
406	407	2
406	409	2
406	483	1
406	567	3
409	407	2
410	408	2
432	408	1
409	411	1
409	412	2
572	409	3
410	411	1
412	410	3
410	413	1
411	412	2
411	414	3
411	575	2
412	413	1
412	415	1
413	414	2
416	413	2
577	413	2
416	414	2
417	414	2
414	540	3
417	415	2
477	415	1
416	418	2
419	416	3
416	529	3
418	417	2
419	417	1
418	420	3
421	418	3
419	421	3
442	419	2
422	420	3
423	420	3
422	421	1
424	421	1
555	421	2
452	421	3
422	423	3
422	424	3
423	425	3
426	423	3
423	475	2
424	425	2
424	427	1
548	424	2
426	425	1
428	425	3
425	479	3
427	426	2
426	428	2
427	428	3
427	429	1
428	429	1
431	428	3
528	428	3
429	430	2
432	429	1
430	431	2
432	430	1
433	430	3
431	433	1
433	432	3
432	435	3
433	435	1
436	433	2
434	435	1
434	437	2
578	434	2
435	436	2
435	437	2
436	438	1
532	436	3
438	437	2
437	439	2
437	440	2
439	438	3
438	440	2
441	438	1
441	439	2
442	440	3
510	440	2
441	442	2
441	444	3
442	443	1
444	442	1
445	443	1
446	443	2
443	501	3
446	444	1
444	447	3
445	447	1
447	446	3
448	446	1
449	447	2
448	449	1
451	448	2
489	448	1
449	451	2
450	451	3
450	453	1
451	453	3
452	453	3
454	452	1
558	452	1
453	454	3
455	453	3
455	454	2
457	454	1
577	454	2
454	582	3
457	455	3
457	456	1
456	459	3
458	457	2
460	457	2
519	457	1
458	460	2
458	505	1
461	459	3
462	459	3
459	564	3
585	459	1
461	460	3
463	460	2
462	461	2
463	461	2
461	464	3
462	464	2
465	462	3
494	462	1
465	463	3
463	466	3
464	465	1
466	464	3
466	465	3
467	465	3
465	499	1
468	466	2
504	466	3
467	468	1
467	470	2
468	470	1
469	471	3
469	472	1
512	469	1
556	469	1
470	471	3
470	473	2
581	470	3
472	471	1
471	473	1
474	471	3
471	596	2
472	474	2
475	473	2
476	474	2
474	477	2
477	475	1
544	475	3
477	476	1
476	479	3
479	477	2
479	478	3
481	478	3
479	480	2
479	482	2
480	481	2
480	482	1
480	483	2
483	481	3
484	481	3
484	482	3
482	485	1
485	483	1
483	486	3
484	485	1
484	486	1
484	487	1
486	485	1
485	487	2
485	488	3
485	492	2
487	486	2
488	486	2
590	486	3
488	487	3
489	487	1
487	490	3
489	488	2
490	488	2
488	494	1
491	489	2
489	582	3
490	491	1
493	490	1
490	504	2
495	490	2
491	493	3
491	533	2
492	494	2
494	493	2
496	493	2
496	494	1
497	495	3
498	496	1
499	497	3
497	500	2
498	499	1
501	498	2
501	499	1
500	502	2
500	503	1
571	500	1
500	578	1
503	501	2
502	504	3
578	502	2
503	504	1
505	503	1
506	503	1
504	506	3
504	546	3
505	506	2
507	505	1
507	506	1
509	506	3
507	508	3
510	507	1
507	573	3
510	508	2
596	508	1
511	509	1
512	509	3
510	512	2
511	513	3
511	514	2
511	576	1
512	513	2
512	514	1
512	539	2
514	513	2
516	513	1
514	516	1
517	514	1
515	517	3
518	516	2
516	519	3
517	518	2
519	517	3
517	520	2
518	519	1
520	518	2
519	520	3
519	521	3
522	519	3
520	522	1
523	520	1
521	522	2
523	521	3
523	522	1
522	525	2
522	566	2
525	523	1
523	526	3
524	526	3
527	524	1
524	574	1
525	526	2
525	528	2
526	527	2
528	526	2
526	529	2
527	529	3
530	527	2
530	528	1
528	531	3
529	531	1
532	530	2
533	530	2
557	530	3
532	531	2
534	531	1
531	536	1
533	532	3
534	532	1
534	533	1
535	533	3
534	536	1
535	536	2
537	535	2
538	535	2
537	536	3
539	536	2
537	538	3
537	539	1
539	538	1
541	538	2
539	541	3
575	539	2
542	540	2
543	541	3
543	542	1
542	544	2
543	544	2
546	543	1
544	546	2
544	547	1
545	546	1
547	545	2
546	547	3
546	548	1
549	547	2
550	547	1
548	550	3
551	548	2
550	549	3
552	549	1
565	549	3
551	550	2
552	550	2
550	560	1
552	551	2
553	551	1
553	552	1
552	554	3
554	553	2
555	553	3
556	553	1
554	556	2
557	554	2
557	555	3
558	555	3
558	556	3
559	557	1
557	567	3
560	558	2
559	561	3
562	560	1
560	563	1
561	563	2
564	562	1
563	564	2
563	565	2
565	564	3
564	567	1
565	566	2
565	567	1
566	567	1
569	566	3
569	567	1
580	567	1
568	570	3
569	570	1
569	572	3
570	571	1
570	573	2
571	573	1
574	571	3
572	573	1
574	572	3
575	573	1
576	574	2
575	577	1
575	578	1
578	576	2
578	577	1
579	577	3
580	578	1
579	581	3
580	581	2
580	583	2
581	582	1
584	581	1
582	584	1
582	585	1
583	585	3
586	584	3
587	584	3
592	584	2
586	585	2
585	588	1
586	587	2
586	588	3
589	587	3
589	588	3
588	591	2
589	591	1
589	592	2
591	590	1
590	593	2
592	591	3
593	591	2
594	591	2
592	594	1
595	592	1
595	593	1
594	596	1
595	597	1
595	598	2
596	598	1
599	596	3
599	597	1
599	598	1
