0	2	2
3	0	3
0	598	2
182	0	1
156	0	2
89	0	3
397	0	2
1	3	2
4	1	2
598	1	1
599	1	3
52	1	3
2	4	2
2	599	3
2	497	1
430	2	2
5	3	1
3	6	3
466	3	3
4	6	3
4	7	2
383	4	2
4	169	2
6	5	1
5	7	3
5	8	1
5	358	1
6	7	1
6	9	1
559	6	3
6	270	1
9	7	3
303	7	1
7	529	3
207	7	3
10	8	2
8	228	1
8	68	2
8	226	3
8	449	2
543	8	3
9	11	2
9	12	3
9	77	2
12	10	1
482	10	1
10	69	1
10	155	3
10	364	2
11	13	3
258	11	3
11	179	3
14	12	3
12	15	1
12	585	3
12	139	3
12	300	3
587	12	3
14	13	3
16	13	3
13	548	1
13	166	2
13	305	2
13	429	3
15	14	3
14	16	1
14	105	2
114	14	3
195	14	3
17	15	2
15	338	2
409	15	3
16	17	3
16	19	2
16	388	2
332	16	3
18	17	2
20	17	1
407	17	2
73	17	3
18	19	2
18	21	2
18	60	1
271	18	3
21	19	1
22	19	3
504	19	1
19	494	1
20	21	2
22	20	2
269	20	3
20	172	2
21	22	2
23	21	1
71	21	1
432	21	1
579	21	3
24	22	1
131	22	2
502	22	3
23	25	1
434	23	1
472	23	2
23	243	1
26	24	3
24	333	1
498	24	2
24	68	3
24	319	1
26	25	3
25	27	3
25	169	1
26	27	1
29	26	1
26	108	1
26	148	2
308	26	1
27	29	3
27	30	1
27	507	1
27	58	2
28	29	2
28	30	3
28	31	1
110	28	2
168	28	3
232	28	3
30	29	1
29	31	2
29	334	3
30	31	3
30	32	2
30	550	2
32	31	1
31	34	3
31	296	3
144	31	2
31	524	3
34	32	2
35	32	1
101	32	2
32	224	2
414	32	2
32	431	2
35	33	3
36	33	3
446	33	2
34	36	1
445	34	2
34	533	3
34	469	3
36	35	1
37	35	3
65	35	1
349	35	1
572	35	1
36	37	1
39	36	3
471	36	1
36	384	1
38	37	1
39	37	3
402	37	1
38	39	3
38	40	1
38	298	1
38	43	1
38	112	2
38	377	1
40	39	1
42	39	3
39	468	2
109	39	2
175	39	1
40	41	2
40	43	3
359	40	2
43	41	1
44	41	1
41	405	1
41	100	1
42	43	3
45	42	3
42	352	2
45	43	2
43	568	2
43	273	2
43	279	3
43	574	3
44	46	1
44	47	3
505	44	1
44	307	1
315	44	1
449	44	3
44	450	2
46	45	2
45	47	3
261	45	2
92	45	1
47	46	2
46	48	3
46	49	2
46	545	1
47	49	2
47	170	2
406	47	2
398	47	1
506	47	2
49	48	2
50	48	2
51	48	1
49	50	1
52	49	3
61	49	2
52	50	1
69	50	2
50	250	3
464	50	2
51	53	2
51	54	1
498	51	2
272	51	1
501	51	1
52	53	3
55	52	2
52	143	3
184	52	2
53	55	2
53	56	2
117	53	2
53	279	1
55	54	3
54	57	3
183	54	2
204	54	2
56	55	3
58	55	2
125	55	3
381	55	3
55	588	2
56	57	2
59	56	3
165	56	1
56	96	3
153	56	2
314	56	3
59	57	2
60	57	2
241	57	1
57	141	1
167	57	2
60	58	1
61	58	2
250	58	2
58	304	3
537	58	2
61	59	3
477	59	2
142	59	2
136	59	1
60	62	1
63	60	3
95	60	1
330	60	3
61	62	2
61	64	2
61	263	3
61	176	2
64	62	3
498	62	3
198	62	2
62	437	3
63	64	2
63	65	3
63	340	3
63	424	2
64	65	3
66	64	3
64	577	2
64	410	1
64	463	1
65	67	3
172	65	1
177	65	1
149	65	1
65	184	3
383	65	3
502	65	2
583	65	3
67	66	3
68	66	2
69	66	2
66	148	3
66	379	1
69	67	2
67	70	2
67	564	2
68	70	1
68	562	1
371	68	1
71	69	3
69	72	2
69	280	2
69	409	1
471	69	3
71	70	1
70	72	3
188	70	2
70	211	3
73	71	2
71	74	3
433	71	1
71	113	1
71	193	3
71	526	2
73	72	2
72	74	2
127	72	3
415	72	1
73	75	3
277	73	2
73	562	3
73	583	2
74	76	2
74	436	2
74	590	3
354	74	3
75	77	3
75	97	3
75	121	3
282	75	3
76	77	2
78	76	1
200	76	3
76	380	2
77	79	1
77	80	2
77	95	2
79	78	2
80	78	3
577	78	2
78	470	2
80	79	2
82	79	3
595	79	1
79	249	1
81	80	3
80	82	1
80	138	1
261	80	2
81	82	1
81	84	1
377	81	2
571	81	2
84	82	2
510	82	3
536	82	2
82	320	3
373	82	1
419	82	1
83	84	3
83	85	3
178	83	2
84	86	2
84	87	3
363	84	1
87	85	3
85	413	3
85	256	2
85	158	2
238	85	3
86	88	1
89	86	2
320	86	3
89	87	2
251	87	3
497	87	3
87	131	3
467	87	3
89	88	3
90	88	3
495	88	1
153	88	2
362	88	3
443	88	3
90	89	2
89	91	3
92	89	3
89	214	2
91	90	1
92	90	2
93	90	2
269	90	3
92	91	2
94	91	2
397	91	1
94	92	1
356	92	1
92	253	1
466	92	3
93	94	1
95	93	1
96	93	2
298	93	2
94	95	2
94	96	2
322	94	3
95	96	3
95	98	1
215	95	2
303	95	2
312	95	1
485	95	3
98	96	3
96	99	2
96	154	2
576	96	1
97	98	3
100	97	1
290	97	1
119	97	1
548	97	2
98	99	3
100	98	2
98	101	1
100	99	3
101	99	2
99	548	1
102	100	1
103	100	1
100	138	3
587	100	3
101	102	3
103	101	3
101	104	2
102	103	3
105	102	3
116	102	1
400	102	2
104	103	2
103	105	3
103	473	1
103	187	1
336	103	1
352	103	1
105	104	2
104	107	1
500	104	2
104	476	2
106	105	2
105	107	2
108	105	3
106	108	3
109	106	2
106	403	3
470	106	2
575	106	3
108	107	2
109	107	3
507	107	1
523	107	3
110	108	2
108	111	1
414	108	3
108	241	2
108	254	2
108	368	1
109	111	1
112	109	1
226	109	1
247	109	2
112	110	3
110	113	3
227	110	2
110	286	3
334	110	3
112	111	1
113	111	1
375	111	3
245	111	2
114	112	2
112	486	1
113	114	1
116	113	3
189	113	3
113	264	2
114	116	2
460	114	2
115	116	2
117	115	2
115	118	1
118	116	1
119	116	3
329	116	1
178	116	1
116	547	1
117	119	2
117	120	1
117	148	1
117	206	3
119	118	1
121	118	2
118	179	2
275	118	1
121	119	3
119	308	1
203	119	1
119	291	3
121	120	1
120	122	3
120	301	3
123	121	1
473	121	3
121	590	3
121	361	1
408	121	3
595	121	3
124	122	2
125	122	2
122	550	1
516	122	3
123	124	3
126	123	1
123	242	3
123	194	3
124	125	1
124	127	2
124	495	1
124	301	3
125	127	2
128	125	1
125	375	1
128	126	2
233	126	1
126	593	2
477	126	2
129	127	2
140	127	3
127	342	1
127	360	1
129	128	1
131	128	1
128	591	2
129	130	3
131	129	2
132	129	3
359	129	1
130	131	2
130	132	2
130	133	2
132	131	3
131	133	2
132	133	3
134	132	3
132	422	1
133	135	2
136	133	3
548	133	1
330	133	3
136	134	1
374	134	3
405	134	3
135	136	2
138	135	2
191	135	3
138	136	2
139	136	3
136	508	3
137	139	1
140	137	1
137	236	3
137	268	2
138	140	2
320	138	1
138	507	2
140	139	2
139	142	2
140	141	1
143	140	2
140	287	3
266	140	1
482	140	2
594	140	1
143	141	2
141	447	3
141	461	2
143	142	2
144	142	2
595	142	1
442	142	2
143	144	1
146	143	2
143	372	2
144	146	3
201	144	2
529	144	2
146	145	1
145	147	1
145	572	2
182	145	2
148	146	2
491	146	3
539	146	2
147	148	1
149	147	1
147	514	2
147	237	1
148	150	3
148	242	1
149	150	2
149	151	1
348	149	3
150	151	3
150	152	3
150	518	2
187	150	1
337	150	2
475	150	3
519	150	1
151	152	1
153	151	2
414	151	3
153	152	1
152	154	2
475	152	1
152	229	2
152	346	2
152	438	2
513	152	1
153	155	3
154	155	1
156	154	1
154	246	2
154	287	1
157	155	2
158	155	2
328	155	1
156	157	1
156	159	2
156	305	1
156	161	2
195	156	3
157	159	1
160	157	2
379	157	1
158	160	3
158	161	1
306	158	1
510	158	3
159	160	2
159	161	1
159	392	1
159	324	3
162	160	2
160	281	3
160	441	2
345	160	3
162	161	1
161	163	2
162	163	2
164	162	2
162	165	1
363	162	1
163	164	2
163	165	1
225	163	2
163	317	3
164	166	1
167	164	3
164	453	2
166	165	1
168	165	2
165	200	1
165	249	2
165	370	2
166	168	2
166	544	3
166	566	3
167	169	1
313	167	1
167	230	1
168	169	3
171	168	2
216	168	2
168	220	2
353	168	1
169	171	3
172	169	1
171	170	3
172	170	3
597	170	2
171	172	3
174	171	3
171	293	1
557	171	2
172	174	1
195	172	2
486	172	2
175	173	2
173	176	2
173	366	3
174	176	2
177	174	1
174	308	2
174	222	3
174	234	3
590	174	1
175	177	3
175	178	2
534	175	3
177	176	1
178	176	2
177	178	1
179	177	2
260	177	2
247	177	2
180	178	3
418	178	1
181	179	3
179	470	1
387	179	3
180	181	3
180	182	3
180	338	2
180	197	3
212	180	2
181	183	2
181	588	1
181	401	3
182	184	3
185	182	1
182	255	1
183	184	3
183	185	3
183	186	3
184	186	3
186	185	3
185	187	3
188	185	3
515	185	2
187	186	1
186	188	1
346	186	1
186	277	3
451	186	3
189	187	1
188	189	2
190	188	3
191	188	3
252	188	1
191	189	3
301	189	3
380	189	3
192	190	2
260	190	1
277	190	1
190	262	1
190	314	2
190	322	2
191	193	3
191	527	2
191	208	2
194	192	1
192	460	2
525	192	1
195	193	3
193	196	2
195	194	3
194	196	2
194	372	3
197	195	3
196	198	3
199	196	1
196	512	3
199	197	2
337	197	3
197	487	3
197	550	2
200	198	2
201	198	3
198	461	3
296	198	2
522	198	1
199	201	3
199	202	1
199	287	2
202	200	2
203	200	3
403	200	2
200	374	2
203	201	2
413	201	3
201	269	2
202	203	1
202	204	1
202	551	3
205	203	1
203	234	3
204	206	3
207	204	1
206	205	1
205	207	3
208	205	2
205	362	2
208	206	2
206	209	3
403	206	3
207	208	3
210	207	2
210	208	3
531	208	2
208	284	1
361	208	1
209	210	1
211	209	3
366	209	2
209	318	1
209	554	3
212	210	2
492	210	1
210	262	3
353	210	1
211	213	3
471	211	2
458	211	2
211	536	1
212	213	1
215	212	3
214	213	3
213	216	3
213	552	1
214	216	3
214	261	1
216	215	2
215	217	1
215	278	2
418	215	3
216	218	2
216	314	1
505	216	3
219	217	2
220	217	3
217	281	3
218	220	2
221	218	3
218	326	1
288	218	1
218	464	3
220	219	1
222	219	1
504	219	2
222	220	1
220	223	2
223	221	1
221	224	3
386	221	2
224	222	2
222	588	3
422	222	1
224	223	3
225	223	2
223	284	3
223	325	1
223	515	2
224	226	2
569	224	2
224	345	3
465	224	3
225	226	1
225	227	2
228	225	2
399	225	3
228	226	2
226	479	3
229	227	2
230	227	1
227	570	1
228	230	3
228	231	3
228	282	3
228	304	2
228	577	1
229	231	2
232	229	2
232	230	3
233	230	1
230	451	2
231	232	1
231	233	3
234	231	2
233	232	2
234	232	1
350	232	2
483	232	3
232	551	2
233	234	1
235	233	1
280	233	3
236	234	1
234	528	3
235	237	1
305	235	2
420	235	2
235	436	2
236	237	1
238	236	3
239	236	1
237	239	3
240	237	2
237	289	3
237	414	2
240	238	2
241	238	1
238	443	3
239	240	3
241	239	1
242	239	3
239	390	2
239	598	3
241	240	1
240	243	2
240	401	3
240	455	1
242	241	1
241	244	2
241	514	2
540	241	3
242	244	3
242	312	3
245	243	1
540	243	2
245	244	3
244	247	2
511	244	1
319	244	3
245	247	2
245	248	1
247	246	1
249	246	1
263	246	2
246	421	1
249	247	3
250	248	1
248	251	2
299	248	1
248	492	1
251	249	2
456	249	3
252	250	1
250	564	3
341	250	3
253	251	3
254	251	2
251	396	2
253	252	2
255	252	2
254	253	1
253	255	3
253	389	1
254	256	1
254	426	2
509	254	1
257	255	1
255	519	3
257	256	1
256	258	1
574	256	2
266	256	1
258	257	3
257	259	2
447	257	1
258	260	3
405	258	1
386	258	1
258	541	2
259	260	1
261	259	3
262	259	3
280	259	2
259	545	2
260	261	3
260	262	2
263	260	2
563	260	3
261	263	3
513	261	1
262	264	3
262	265	3
521	262	3
263	264	2
265	263	1
264	266	2
267	264	3
264	285	2
556	264	3
265	266	2
267	265	2
265	487	2
265	581	3
266	268	2
267	268	3
270	267	3
267	475	1
413	267	1
549	267	1
270	268	3
268	271	3
269	270	3
272	269	1
269	373	3
269	382	2
272	270	2
270	273	3
272	271	2
271	274	2
274	272	1
450	272	3
284	272	1
274	273	2
275	273	2
394	273	2
276	274	3
274	498	3
300	274	1
274	484	2
277	275	2
275	484	2
308	275	2
426	275	1
276	277	2
276	279	3
398	276	1
277	279	1
280	277	1
279	278	3
280	278	2
278	281	2
278	284	3
281	279	3
280	281	1
280	282	2
280	405	1
282	281	2
281	283	3
284	281	1
283	282	1
282	285	2
282	327	2
351	282	1
284	283	1
286	283	1
525	283	1
284	286	2
284	297	3
284	434	1
505	284	3
285	287	3
372	285	1
286	287	1
286	289	1
287	289	3
287	290	1
288	289	3
290	288	2
288	446	1
291	289	1
289	554	3
290	291	1
290	293	3
341	290	2
291	293	1
291	294	3
291	411	1
292	294	2
292	442	2
412	292	2
294	293	2
293	295	3
293	321	1
294	295	3
296	294	1
294	297	3
294	433	2
297	295	2
295	298	1
295	434	1
296	297	1
296	298	3
297	298	3
297	300	3
299	298	3
298	301	2
299	300	3
299	302	3
324	299	2
299	329	1
578	299	2
301	300	2
302	300	1
302	301	2
301	304	1
303	302	2
304	302	2
302	305	1
302	399	2
302	417	2
303	304	3
305	303	3
304	306	3
305	306	3
305	308	2
305	472	3
306	308	2
306	309	2
307	309	1
307	359	2
307	425	1
308	310	3
309	310	3
309	311	3
312	309	1
486	309	2
311	310	1
313	310	2
310	385	1
337	310	3
312	311	1
313	311	3
311	314	2
314	312	3
315	312	3
526	312	3
315	313	2
316	313	3
396	313	1
429	313	3
517	313	2
314	316	3
316	315	3
315	318	2
316	317	1
316	318	3
378	316	3
319	317	2
317	320	1
318	320	3
318	576	3
321	319	3
319	342	2
574	319	3
321	320	1
320	323	3
347	320	1
321	323	2
321	324	2
321	504	3
321	357	1
322	323	2
322	324	3
322	459	3
324	323	3
323	326	3
396	323	1
323	479	2
324	325	3
326	324	1
327	325	1
325	397	3
328	326	2
326	329	2
536	326	1
327	329	2
330	327	2
327	448	3
327	553	3
329	328	2
328	331	2
391	328	2
397	328	3
330	329	3
331	329	1
340	329	2
332	330	2
331	333	1
331	334	2
505	331	3
334	332	1
332	335	2
334	333	1
335	333	1
333	336	3
336	334	3
334	337	2
336	335	2
335	337	3
391	335	3
584	335	2
338	336	2
339	336	1
337	339	2
338	340	3
341	338	1
338	471	2
338	428	3
340	339	3
339	341	3
339	342	2
398	339	3
564	339	2
340	342	2
343	340	1
343	341	1
341	478	3
342	344	2
536	342	3
343	345	1
343	346	3
358	343	3
346	344	1
344	347	1
398	344	1
347	345	2
346	348	2
349	346	1
347	348	1
350	347	3
350	348	2
348	351	1
427	348	1
350	349	3
349	352	2
350	351	1
352	350	2
353	351	3
354	351	1
352	354	3
352	408	2
355	353	2
412	353	2
354	355	1
354	357	2
355	356	2
358	355	1
566	355	2
498	355	1
357	356	2
358	356	2
356	359	1
358	357	2
357	360	2
488	357	2
359	358	3
361	358	1
359	361	3
362	359	1
360	362	1
360	363	3
363	361	1
473	361	1
361	564	1
362	364	2
363	365	3
363	366	3
364	366	1
458	364	1
488	364	2
367	365	3
368	365	2
365	579	2
393	365	3
366	367	2
368	366	3
366	369	3
367	369	1
370	367	2
367	454	3
369	368	1
371	368	2
544	368	2
371	369	2
369	438	1
599	369	2
370	372	2
373	370	1
371	372	2
371	374	3
372	374	2
372	375	3
424	372	2
375	373	1
482	373	2
373	535	1
375	374	3
377	374	3
376	375	3
375	378	1
375	482	2
376	377	3
376	378	1
379	376	3
392	376	3
490	376	3
377	378	3
377	380	3
379	378	3
380	378	3
381	378	1
440	378	1
379	380	3
379	382	3
379	436	3
382	380	3
382	381	1
381	384	3
382	384	1
382	385	1
384	383	3
385	383	1
384	386	1
446	384	3
387	385	1
385	388	2
385	435	1
387	386	2
389	386	3
390	386	2
386	407	2
388	387	2
387	389	3
390	387	2
390	388	1
388	391	1
568	388	1
391	389	1
392	389	2
435	389	2
389	439	2
445	389	1
392	390	1
390	393	2
391	392	2
391	394	2
392	394	1
392	508	2
393	395	3
464	393	2
393	476	1
396	394	1
394	397	3
396	395	2
397	395	2
395	398	1
528	395	2
397	396	2
396	398	1
399	396	2
399	397	3
398	400	3
559	398	3
401	399	2
402	400	3
403	400	1
401	402	3
401	403	2
404	401	3
402	403	1
404	402	2
402	405	3
495	402	2
403	405	2
403	406	3
405	404	1
406	404	3
404	407	1
407	405	2
408	405	2
503	405	3
407	406	1
408	406	2
406	409	1
407	409	1
410	407	1
407	489	2
409	408	2
408	410	2
408	412	3
408	518	2
411	409	1
412	409	3
411	410	2
413	410	3
413	411	3
414	411	1
412	414	2
413	415	1
416	413	2
416	414	3
416	415	1
418	415	1
416	418	1
472	416	2
416	420	1
419	417	2
417	420	1
418	419	2
421	418	3
419	420	1
422	419	3
421	420	3
423	420	2
420	466	1
421	422	2
421	424	1
422	424	3
422	425	3
423	425	2
426	423	2
481	423	3
423	555	1
424	426	1
596	424	2
425	426	2
427	425	3
426	428	1
426	429	3
428	427	2
430	427	1
437	427	2
513	427	2
427	539	2
429	428	1
428	431	1
582	428	1
429	431	3
499	429	3
430	431	1
432	430	1
430	433	1
431	433	1
431	462	2
434	432	3
435	432	2
433	434	3
436	433	2
434	435	2
437	434	1
437	435	2
438	435	2
436	438	1
439	437	3
440	438	2
438	441	2
440	439	1
442	439	1
441	440	2
443	440	1
441	442	3
441	444	1
556	441	1
487	441	3
442	444	1
445	442	1
475	442	3
443	445	1
443	514	3
443	534	3
445	444	2
447	444	2
524	444	1
590	444	1
445	446	3
445	448	1
447	446	2
449	446	2
447	448	3
449	447	3
450	447	1
450	448	3
545	448	3
451	449	3
451	450	1
450	452	1
451	453	2
452	453	3
452	454	1
452	455	1
452	520	2
453	455	3
456	453	3
453	593	2
455	454	1
454	456	3
454	457	3
457	455	3
560	455	3
456	457	1
456	459	1
457	458	1
459	457	3
460	457	3
458	459	3
458	461	2
558	458	2
461	459	3
459	462	3
461	460	3
462	460	1
460	463	2
460	550	2
463	461	2
464	461	1
461	480	3
461	531	1
542	461	1
463	462	2
464	462	1
507	462	2
462	472	2
463	464	3
463	466	3
466	464	3
504	464	2
466	465	3
467	465	1
466	467	2
469	466	2
467	469	2
467	470	1
470	468	1
468	471	1
484	468	3
469	470	1
469	472	1
557	469	1
470	472	2
496	470	1
472	471	1
471	473	1
474	472	3
473	475	3
495	473	1
579	473	3
475	474	2
477	474	3
593	474	1
567	474	2
477	475	2
475	511	2
478	476	1
478	477	2
479	477	1
478	479	2
480	478	1
478	481	1
481	479	3
500	479	1
480	481	1
483	480	3
481	482	1
483	481	3
484	481	2
484	482	2
484	483	1
485	483	3
484	485	3
484	487	3
485	487	2
518	485	3
486	488	3
489	487	2
487	524	2
488	490	1
489	490	2
492	489	3
490	491	1
493	490	1
492	491	2
494	491	2
579	491	2
512	491	3
494	492	3
492	539	2
493	494	3
493	495	1
493	496	3
494	496	3
497	494	2
495	496	2
495	498	2
496	498	1
499	496	2
499	497	2
497	500	1
507	497	2
499	498	2
498	500	3
501	499	1
499	502	1
499	546	3
501	500	2
502	500	1
566	500	3
503	501	1
501	553	2
503	502	1
502	504	2
503	504	1
503	506	1
505	504	2
504	506	1
507	505	2
507	506	2
506	509	1
509	507	2
507	510	2
509	508	1
511	508	1
509	510	3
511	509	1
510	512	2
510	513	2
511	513	2
511	514	1
512	514	1
512	515	2
515	513	2
514	516	3
517	515	1
516	517	1
516	519	1
519	517	1
520	517	2
519	518	2
518	520	3
519	520	3
519	522	3
521	520	3
523	520	2
522	521	1
524	521	3
522	524	2
522	525	2
523	525	3
526	523	3
526	524	3
525	526	3
525	527	2
528	525	3
526	528	1
526	591	2
528	527	2
527	529	2
530	527	3
528	530	2
528	531	2
530	529	3
529	531	1
531	530	2
532	530	3
533	530	3
530	568	3
533	531	2
531	534	1
576	531	1
533	532	3
534	532	1
535	532	3
533	534	2
536	533	3
594	533	3
534	536	1
552	534	3
534	593	3
535	537	2
538	535	3
536	537	3
539	536	2
539	537	3
537	540	3
561	537	2
539	538	1
540	538	2
541	538	2
589	538	2
540	539	3
539	542	2
541	540	2
540	543	1
542	541	3
544	541	1
541	570	2
544	542	2
545	542	3
543	544	3
543	546	2
544	545	2
544	547	3
545	547	2
547	546	2
548	546	2
549	547	3
550	547	1
548	550	3
551	548	2
549	550	2
549	551	3
549	573	2
552	550	3
553	551	1
554	551	2
553	552	3
552	555	3
554	553	2
553	556	3
554	556	2
557	554	1
555	556	1
555	557	1
556	557	3
556	559	1
557	559	1
558	560	3
561	558	1
559	561	3
576	559	2
560	561	3
560	562	1
560	563	2
563	561	1
564	561	3
562	563	1
564	562	2
563	565	3
563	566	3
566	564	2
565	566	2
565	567	1
568	565	3
568	566	3
569	567	3
570	567	3
568	570	1
571	568	2
568	597	3
569	570	2
569	571	3
572	569	3
572	570	3
573	571	2
574	571	1
573	572	2
575	572	2
573	574	3
575	573	2
574	576	1
574	591	3
575	576	3
577	575	2
578	576	2
577	578	3
579	577	2
578	580	1
578	581	2
579	581	1
581	580	1
582	580	1
583	580	3
581	583	3
584	581	1
582	584	2
582	585	2
583	585	1
585	584	1
584	586	3
586	585	2
585	587	1
588	585	1
586	587	1
588	586	3
586	591	3
587	589	2
589	588	1
588	591	3
589	590	2
589	592	1
592	590	1
593	591	1
592	593	3
592	594	2
595	592	2
594	593	3
593	595	2
595	594	2
596	594	2
595	596	2
598	595	3
597	596	2
598	596	2
597	599	2
