0	2	3
3	0	3
0	597	3
598	0	1
599	0	3
0	184	3
521	0	1
1	3	1
4	1	2
1	599	3
446	1	1
164	1	3
1	134	1
3	2	3
4	2	3
2	5	2
2	599	1
2	83	2
2	181	2
2	212	3
2	283	3
3	4	2
6	3	3
3	516	1
3	474	2
4	6	3
4	417	3
126	4	1
6	5	3
5	8	1
5	178	1
5	7	1
126	5	2
6	7	2
6	9	3
6	312	1
510	6	3
7	9	3
7	275	2
48	7	2
7	419	1
10	8	3
8	11	2
80	8	1
405	8	2
10	9	3
9	11	2
9	12	1
10	11	1
10	13	3
149	10	2
158	10	2
10	458	2
13	11	1
11	14	3
11	331	2
20	11	2
12	14	2
12	507	2
12	562	3
318	12	1
15	13	2
13	283	2
409	13	2
527	13	1
16	14	3
14	548	2
541	14	2
14	81	3
129	14	3
17	15	3
15	18	2
439	15	3
18	16	2
78	16	1
323	16	3
19	17	2
20	17	3
17	475	1
17	188	3
18	19	1
18	21	3
18	141	3
18	235	1
326	18	1
19	21	2
438	19	2
19	341	1
19	97	1
144	19	2
19	459	1
21	20	2
20	22	3
182	20	1
20	302	2
382	20	2
446	20	2
22	21	1
21	23	3
21	568	3
21	117	3
21	266	1
22	24	2
409	22	1
435	22	1
173	22	2
22	245	1
25	23	3
26	23	3
63	23	3
23	591	3
26	24	1
383	24	2
24	524	3
250	24	3
27	25	2
25	511	2
99	25	2
331	25	2
25	575	1
27	26	1
29	26	2
552	26	1
28	27	1
27	30	1
27	286	3
28	30	3
28	31	2
28	51	3
31	29	3
29	32	3
77	29	3
366	29	2
30	32	1
298	30	2
507	30	1
30	63	2
30	503	1
31	32	1
31	34	2
193	31	1
32	34	1
32	486	3
32	595	3
32	417	1
33	35	2
36	33	3
33	517	3
34	35	2
34	37	3
143	34	2
34	45	1
35	36	2
38	35	1
591	35	3
36	37	1
39	36	2
364	36	2
386	36	1
519	36	2
36	549	3
37	39	2
37	40	2
37	389	2
37	342	1
39	38	3
38	40	3
38	491	2
41	39	1
39	42	1
461	39	2
272	39	1
39	297	1
545	39	1
40	42	1
67	40	3
40	411	3
368	40	2
396	40	2
42	41	3
43	41	2
41	44	3
43	42	2
42	44	1
55	42	2
231	42	2
45	43	2
46	43	3
392	43	3
273	43	1
541	43	1
44	45	2
44	46	2
226	44	2
44	52	1
47	45	1
48	45	2
47	46	1
48	46	1
46	49	3
46	263	3
46	388	2
48	47	1
49	47	2
47	246	2
50	48	2
51	48	2
50	49	3
49	51	1
49	52	3
260	49	1
51	50	3
53	50	2
116	50	1
50	448	2
589	50	2
51	53	3
51	54	2
122	51	1
143	51	2
51	284	1
547	51	3
54	52	1
52	356	3
53	54	1
53	55	3
53	56	1
320	53	3
54	55	1
54	57	2
471	54	3
54	141	3
57	55	2
55	58	3
55	368	3
55	362	3
58	56	3
92	56	3
73	56	1
57	58	3
57	59	2
57	60	2
61	57	3
58	60	1
58	403	2
305	58	2
61	59	1
62	59	2
502	59	3
294	59	2
61	60	1
60	63	2
60	276	1
60	460	3
556	60	1
63	61	1
61	64	2
180	61	2
312	61	1
342	61	2
61	433	3
63	62	2
62	64	1
62	65	1
62	593	1
63	64	3
63	66	3
248	63	1
64	66	1
67	64	2
64	492	1
64	176	2
301	64	2
67	65	1
65	151	2
158	65	2
253	65	3
66	67	1
66	69	3
538	66	1
68	67	1
69	67	3
597	67	1
68	70	1
71	68	2
68	256	2
68	197	1
68	392	2
71	69	2
72	69	2
69	432	1
69	114	2
72	70	2
170	70	2
70	537	3
443	70	1
72	71	1
74	71	2
71	364	3
280	71	3
74	72	1
569	72	1
72	155	3
73	75	2
73	76	3
584	73	2
223	73	2
74	75	3
76	74	3
77	74	1
102	74	1
77	75	2
78	75	2
75	518	1
78	76	1
79	76	1
163	76	1
76	323	3
78	77	1
77	79	1
77	80	1
80	78	1
130	78	1
78	550	2
80	79	1
79	81	1
79	97	3
90	79	1
82	80	1
80	83	3
80	425	2
80	435	1
80	518	2
81	83	2
84	81	3
82	83	2
84	82	1
82	85	3
82	368	1
478	82	1
85	83	2
83	531	3
85	84	1
86	84	2
116	84	3
84	212	3
85	86	3
85	87	2
85	367	3
85	353	1
86	88	3
130	86	2
214	86	1
88	87	1
90	87	1
87	562	3
88	89	2
90	88	2
88	91	3
164	88	1
88	334	1
90	89	3
91	89	3
89	597	1
89	286	3
90	91	2
90	92	3
358	90	3
91	92	3
91	94	1
471	91	2
93	92	3
92	95	2
92	179	3
92	205	3
95	93	1
93	96	2
580	93	3
315	93	3
94	95	1
96	94	1
97	94	2
154	94	3
369	94	3
372	94	2
95	96	3
95	97	3
95	98	1
524	95	2
96	98	2
99	96	3
326	96	2
96	437	2
99	97	1
528	97	1
97	249	3
98	99	1
100	98	2
98	101	2
98	121	1
98	262	2
99	100	1
102	99	2
228	99	1
101	100	3
102	100	1
100	424	1
102	101	1
103	101	2
101	104	1
102	104	2
102	105	2
151	102	2
359	102	3
103	105	2
103	193	3
103	130	3
104	105	1
107	104	2
104	462	1
195	104	1
104	434	1
105	106	2
107	105	2
105	457	2
105	214	3
108	106	3
109	106	1
498	106	1
386	106	2
107	109	3
127	107	1
107	420	2
321	107	3
107	425	2
108	110	2
111	108	3
108	420	1
592	108	3
109	110	3
112	109	3
109	445	3
319	109	2
481	109	3
110	112	2
110	505	2
538	110	2
110	265	1
320	110	2
112	111	2
111	113	2
412	111	1
111	486	2
114	112	2
112	400	3
112	324	1
114	113	2
116	113	1
197	113	3
252	113	2
115	114	1
114	116	3
114	184	1
114	217	2
241	114	1
115	116	1
118	115	3
538	115	3
115	155	1
115	310	3
116	117	2
116	118	1
116	329	1
117	119	3
438	117	3
118	120	3
118	121	1
118	295	3
118	269	1
307	118	1
118	494	3
119	120	3
119	121	1
274	119	3
122	120	2
123	120	2
353	120	1
130	120	2
505	120	1
121	123	2
592	121	1
122	123	3
124	122	1
125	122	3
124	123	2
123	125	3
266	123	3
123	258	3
124	125	1
124	126	3
127	124	2
125	126	2
125	128	3
125	495	3
559	125	2
126	128	3
126	463	3
128	127	1
129	127	2
130	127	2
129	128	2
131	128	2
128	558	3
131	129	3
129	417	1
132	130	1
133	130	1
132	131	3
131	134	3
353	131	1
133	132	2
135	132	1
132	360	1
132	224	2
135	133	2
392	133	2
133	229	3
136	134	3
134	144	3
135	137	1
135	138	3
135	579	3
135	446	3
137	136	3
136	138	2
136	432	3
136	512	1
139	137	1
140	137	3
137	257	1
137	553	2
138	139	3
138	141	2
406	138	2
140	139	1
139	141	3
142	139	1
194	139	1
139	336	1
139	406	3
140	141	1
140	143	3
250	140	3
140	461	3
141	143	2
141	566	1
142	143	3
144	142	1
142	145	3
192	142	2
143	144	3
145	143	3
146	144	3
144	256	1
144	450	1
145	147	1
148	145	2
283	145	3
148	146	1
149	146	2
146	198	1
333	146	1
147	148	1
149	147	2
150	147	2
153	147	1
275	147	2
149	148	2
148	151	2
148	583	1
150	149	2
151	149	1
149	152	2
202	149	1
152	150	2
150	153	3
238	150	3
183	150	3
401	150	1
151	153	2
151	173	1
304	151	2
403	151	2
151	481	3
153	152	3
155	152	3
152	311	2
154	153	2
153	155	1
155	154	1
157	154	3
154	316	3
155	156	2
158	155	3
157	156	3
159	156	2
156	565	3
156	278	1
157	159	2
160	157	2
157	174	1
552	157	1
158	159	2
161	158	1
311	158	3
159	161	1
159	162	1
159	339	1
159	354	1
162	160	2
160	163	2
274	160	3
160	378	3
160	520	2
162	161	3
161	163	2
161	164	2
409	161	2
163	162	3
162	165	3
358	162	2
162	279	1
162	322	1
162	490	3
165	163	3
561	163	1
163	443	1
165	164	1
164	167	1
166	165	1
168	165	1
452	165	2
177	165	2
230	165	3
165	360	1
385	165	3
167	166	1
166	169	1
166	384	2
166	328	1
560	166	2
166	594	2
167	168	3
170	167	3
167	382	1
535	167	1
170	168	2
243	168	1
168	497	1
169	170	2
171	169	1
172	169	3
169	572	1
171	170	1
172	170	2
170	173	2
172	171	2
174	171	1
465	171	1
172	173	3
175	172	1
172	512	2
175	173	2
173	176	2
234	173	1
173	575	1
175	174	1
177	174	1
419	174	1
384	174	1
175	177	2
257	175	3
535	175	3
177	176	2
179	176	3
296	176	3
483	176	1
177	178	2
180	177	1
207	177	2
469	177	1
179	178	3
181	178	2
178	188	2
178	381	2
180	179	2
181	179	1
182	179	2
456	179	3
181	180	1
183	180	3
183	181	3
184	181	1
181	471	2
182	183	3
182	185	1
184	183	1
183	186	3
183	390	3
184	185	3
187	184	3
187	185	2
185	188	2
185	303	2
185	230	3
186	188	3
596	186	2
311	186	3
188	187	2
189	187	3
187	478	1
188	189	3
190	188	1
194	188	2
346	188	2
190	189	2
191	189	1
192	189	1
189	559	1
191	190	3
190	192	2
540	190	3
237	190	3
192	191	3
193	191	3
191	497	3
192	193	3
195	192	2
193	195	2
470	193	2
193	343	1
229	193	3
348	193	1
196	194	2
197	195	3
198	195	1
195	496	3
195	563	2
196	197	2
198	196	2
356	196	1
196	247	1
197	199	3
197	416	1
541	197	1
200	198	2
198	583	1
543	198	1
214	198	2
236	198	2
198	577	1
199	200	3
201	199	2
199	231	1
199	557	1
581	199	3
200	201	3
200	203	1
472	200	2
200	240	3
349	200	3
200	463	2
201	202	3
203	201	2
201	280	1
291	201	3
204	202	1
202	285	2
202	257	1
203	205	3
203	319	1
203	387	3
227	203	1
204	206	3
204	207	2
499	204	2
311	204	3
206	205	2
207	205	2
364	205	2
205	444	1
206	208	1
206	209	2
388	206	3
250	206	1
209	207	1
277	207	1
209	208	1
208	210	3
211	208	1
209	210	3
212	209	1
209	543	2
209	303	2
209	352	3
210	211	3
212	210	3
210	213	1
212	211	1
213	211	3
214	211	3
212	214	1
212	288	3
213	215	3
427	213	3
555	213	1
532	213	3
214	216	3
410	214	2
215	217	2
215	218	2
215	283	2
215	393	3
216	218	3
220	216	1
227	216	1
216	361	2
219	217	2
220	217	2
218	219	1
221	218	2
496	218	1
218	533	3
221	219	2
219	230	3
330	219	2
220	221	2
220	222	3
220	223	1
254	220	1
423	220	3
220	512	1
222	221	2
223	221	2
221	224	3
296	221	2
221	344	2
495	221	2
222	224	2
225	222	1
222	449	3
223	225	2
226	223	1
224	226	2
227	224	2
225	226	2
227	225	2
362	225	3
225	587	2
227	226	2
229	226	3
226	340	2
226	597	3
229	227	3
227	230	1
228	229	3
230	228	2
228	231	1
229	231	3
229	513	3
232	230	3
232	231	1
233	231	3
233	232	1
235	232	3
434	232	1
233	235	3
433	233	1
390	233	2
233	360	1
234	236	2
237	234	1
237	235	1
461	235	1
236	238	2
239	236	2
237	238	3
237	240	3
240	238	1
241	238	3
238	479	3
240	239	1
242	239	3
239	320	2
239	439	1
241	240	3
240	243	2
240	269	1
455	240	2
241	242	2
241	244	1
241	536	1
588	241	3
243	242	2
242	244	2
242	245	2
242	350	1
243	245	3
246	243	3
243	248	3
445	243	1
244	246	1
244	247	1
244	534	1
244	473	1
244	510	1
245	247	2
245	517	1
246	248	3
272	246	3
531	246	3
246	469	1
480	246	2
249	247	3
250	247	1
250	248	2
581	248	3
506	248	1
250	249	1
252	249	2
252	250	3
252	251	1
251	253	2
251	416	3
497	251	2
254	252	1
252	527	2
253	255	3
256	253	3
254	255	1
254	257	3
254	389	1
256	255	1
255	258	1
255	512	2
327	255	3
255	373	1
257	256	3
258	256	1
256	393	2
259	257	2
260	257	2
257	473	1
260	258	1
261	258	2
533	258	3
260	259	2
259	262	2
393	259	2
325	259	1
259	486	3
493	259	3
260	261	2
260	262	2
260	471	2
262	261	2
261	263	3
261	264	3
262	264	2
262	265	2
264	263	2
266	263	1
263	549	3
264	265	1
267	264	1
582	264	2
267	265	3
265	268	3
266	267	1
266	269	3
266	462	2
268	267	3
267	270	2
267	285	2
268	270	2
271	268	2
531	268	3
269	271	1
272	270	2
270	273	2
270	479	2
376	270	3
271	273	2
271	274	2
271	561	2
394	271	1
272	274	2
275	272	2
274	273	1
276	273	1
414	273	1
275	274	2
274	277	1
355	274	1
275	276	2
278	275	3
509	275	3
276	277	2
279	276	3
486	276	1
278	277	2
279	277	3
277	280	3
374	277	3
277	421	3
280	278	1
281	278	2
278	583	1
279	280	3
279	282	3
392	279	1
282	280	2
280	283	3
280	347	2
280	361	3
283	281	1
284	281	3
281	302	2
484	281	3
282	284	3
285	282	2
282	424	3
283	285	1
286	283	3
285	284	1
284	286	1
285	286	3
288	285	3
539	285	1
285	555	1
286	287	2
286	289	2
289	287	2
290	287	1
287	430	1
289	288	1
291	288	2
579	288	3
289	290	2
289	292	2
289	561	3
404	289	3
291	290	2
290	292	2
290	293	3
292	291	1
294	291	2
294	292	1
295	292	2
405	292	2
292	303	1
293	295	3
296	293	3
387	293	3
296	294	2
294	297	1
294	308	1
551	294	3
296	295	2
297	295	3
298	295	2
298	296	3
298	297	2
300	297	1
297	525	3
298	300	2
298	301	3
298	568	1
298	418	1
499	298	2
300	299	1
299	301	3
299	517	2
399	299	2
301	300	2
300	303	1
300	513	3
301	302	3
304	301	3
302	303	2
305	302	1
303	305	2
303	501	1
304	306	2
307	304	2
304	390	2
306	305	1
307	305	1
305	308	1
341	305	1
561	305	2
308	306	2
306	309	2
369	306	1
309	307	2
310	307	3
309	308	1
311	308	3
308	356	1
489	308	1
309	311	1
312	309	1
402	309	2
310	312	3
310	313	3
566	310	2
313	311	3
314	312	2
417	312	3
313	315	2
313	316	3
313	451	1
313	335	1
315	314	3
316	314	1
317	314	1
316	315	3
318	315	1
315	363	2
318	316	3
316	430	1
316	477	3
319	317	2
317	320	3
550	317	3
594	317	2
318	320	3
318	321	3
420	318	3
318	495	3
320	319	1
321	319	3
319	548	3
322	320	2
457	320	1
323	321	2
321	324	1
322	324	3
325	322	3
325	323	3
323	422	1
323	436	1
325	324	3
326	324	1
324	327	3
325	326	3
325	327	3
325	546	2
328	326	2
329	326	1
327	329	2
327	376	3
412	327	2
330	328	2
328	331	2
329	330	1
331	329	2
329	332	2
329	429	1
331	330	2
332	330	3
330	558	1
333	331	1
331	334	1
332	333	3
334	332	2
487	332	2
333	335	1
333	336	2
335	334	3
337	334	1
402	334	3
562	334	3
336	335	1
335	338	3
337	336	3
336	339	2
337	338	3
337	339	1
388	337	2
338	339	1
338	340	3
558	338	2
340	339	1
339	341	1
598	339	3
341	340	2
342	340	1
340	343	2
560	340	3
341	342	3
343	341	1
341	548	1
344	342	3
344	343	3
345	343	2
343	346	1
343	407	2
346	344	2
344	509	2
347	345	2
348	345	1
448	345	2
348	346	1
346	349	1
347	348	3
350	347	1
504	347	2
350	348	3
351	348	2
349	350	2
351	349	1
573	349	2
350	352	3
353	350	1
350	430	3
530	350	3
351	352	3
354	351	2
561	351	3
352	354	1
352	541	2
353	354	1
355	353	3
353	414	3
353	543	3
354	356	1
354	357	2
387	354	1
355	356	3
355	358	1
452	355	3
356	357	3
359	356	2
357	358	3
357	359	1
357	360	1
570	357	1
358	360	1
564	358	2
595	358	1
359	360	1
362	359	3
360	362	1
361	363	2
361	580	3
363	362	3
365	362	1
363	365	2
363	495	2
365	364	3
366	364	3
448	364	3
365	366	2
365	367	3
368	365	3
365	543	2
366	368	2
369	366	2
366	376	2
366	408	1
367	368	2
369	367	2
367	370	1
370	368	1
369	370	1
372	369	1
370	371	3
373	370	2
370	414	3
370	439	3
373	371	2
371	374	3
371	397	3
373	372	3
375	372	1
373	375	2
373	376	2
374	375	2
376	374	1
375	376	1
375	378	3
375	500	1
375	443	2
378	376	2
378	377	1
377	379	3
380	377	1
377	569	2
378	380	2
381	378	2
379	381	3
382	379	3
514	379	2
379	542	3
381	380	2
382	380	2
383	380	3
381	382	2
383	381	2
383	382	3
382	385	1
383	384	2
383	386	1
383	511	1
383	424	3
384	386	3
384	387	3
386	385	2
385	388	1
388	386	2
389	387	2
390	387	2
390	388	2
453	388	2
390	389	3
392	389	3
584	389	2
392	390	2
459	390	3
391	392	1
393	391	1
394	391	1
392	394	2
393	395	3
488	393	3
396	394	1
397	394	1
396	395	2
397	395	1
398	395	3
398	396	3
547	396	1
397	398	1
399	397	3
397	400	3
398	400	1
401	398	1
561	398	2
399	401	1
431	399	2
400	401	2
402	400	1
400	476	2
403	401	1
401	474	3
402	404	1
405	402	1
403	404	3
406	403	3
405	404	3
404	407	2
405	406	1
405	408	1
408	406	3
548	406	2
407	408	2
410	407	1
410	408	3
599	408	1
408	528	3
409	411	3
412	409	2
410	411	2
413	410	1
418	410	2
410	557	1
411	412	3
414	411	3
509	411	3
413	412	1
415	412	3
415	413	1
413	416	3
413	559	3
413	426	3
416	414	1
415	416	1
418	415	1
415	581	3
418	416	3
419	416	2
485	416	2
449	416	1
419	417	2
417	420	2
418	420	2
419	420	1
419	422	3
419	453	1
421	420	3
423	420	3
420	427	1
423	421	1
424	421	1
421	466	2
422	423	3
422	425	3
422	495	1
423	424	3
423	425	2
424	426	3
424	514	3
434	424	3
425	427	2
428	425	3
426	428	3
429	426	2
429	427	3
427	430	3
428	429	1
428	430	1
428	578	1
429	430	2
429	432	1
431	430	2
432	430	3
432	431	3
431	433	1
434	431	1
432	433	3
434	432	2
432	435	3
434	433	3
433	436	3
436	434	2
436	435	3
438	435	2
436	438	3
439	436	2
439	437	3
437	440	2
438	439	1
440	438	1
441	438	3
590	438	1
439	441	2
440	442	3
443	440	3
440	529	3
442	441	2
443	441	3
444	441	2
443	442	2
442	444	1
445	442	2
442	457	2
442	518	1
442	520	3
443	445	3
565	443	1
446	444	3
447	444	1
492	444	1
447	445	1
448	445	3
448	446	3
447	448	1
449	447	1
447	450	3
516	447	2
450	448	2
448	502	1
449	450	2
449	452	3
450	451	2
452	450	1
472	450	3
451	453	1
454	451	3
521	451	2
453	452	1
452	454	1
455	452	2
453	454	1
453	455	1
454	456	2
454	457	1
454	508	2
455	456	3
455	457	3
546	455	2
458	456	1
456	459	3
457	459	3
458	459	3
461	458	3
459	461	2
465	459	3
462	460	2
463	460	1
462	461	1
464	461	2
461	475	1
462	464	1
462	465	3
463	464	2
463	466	2
464	465	1
464	466	1
467	464	1
467	465	1
468	465	3
466	467	1
466	469	2
467	469	3
470	467	1
467	561	1
469	468	1
468	470	2
468	471	2
471	469	2
470	471	2
472	470	1
473	470	2
471	473	2
472	474	3
475	472	1
473	475	3
473	488	2
475	474	2
477	474	2
477	475	2
475	478	3
476	477	1
478	476	1
476	573	3
477	479	3
477	480	2
478	480	2
481	478	1
479	480	1
482	479	3
479	556	3
480	482	1
483	480	3
483	481	3
481	568	2
482	483	3
484	482	3
485	482	3
485	483	2
486	483	2
485	484	3
487	484	2
485	486	1
485	487	3
485	488	1
488	486	1
487	488	2
487	489	2
487	509	2
488	489	1
488	490	3
491	489	2
489	551	3
490	492	2
490	493	1
492	491	3
491	493	3
494	491	1
522	491	3
492	494	1
495	492	3
493	495	3
493	496	2
496	494	2
497	494	3
497	495	1
496	498	3
496	499	1
497	498	1
497	500	2
528	497	1
499	498	2
498	500	3
501	498	2
499	500	3
502	499	3
502	500	3
500	503	1
500	565	3
503	501	3
504	501	3
503	502	2
502	504	1
503	504	3
506	503	2
504	505	3
504	506	3
521	504	2
505	507	2
505	508	1
534	505	1
506	508	1
509	506	1
590	506	1
507	508	3
509	507	3
507	519	2
508	509	3
510	508	2
508	511	3
509	511	1
509	512	3
510	512	1
538	510	2
511	513	2
514	511	3
580	511	3
512	514	3
513	514	1
513	516	1
532	513	1
514	515	3
514	516	1
514	517	2
514	523	3
514	577	1
515	516	1
515	517	1
515	518	3
518	516	3
516	519	1
517	518	1
517	519	1
520	517	1
520	518	3
519	520	3
522	519	3
522	520	2
521	523	1
524	522	1
525	522	1
571	522	3
524	523	3
523	526	3
526	524	2
524	527	1
525	527	2
528	525	3
527	526	2
526	528	3
526	529	3
528	527	1
527	530	2
527	576	3
530	528	1
529	530	3
529	531	2
532	529	2
530	531	1
532	530	1
531	532	2
531	533	1
531	534	3
533	532	2
535	532	2
533	535	3
534	535	1
536	534	3
535	537	1
538	535	2
537	536	2
536	539	1
538	537	1
539	537	2
540	537	2
540	538	1
538	541	2
596	538	3
540	539	3
539	542	1
574	539	1
540	542	3
540	543	3
590	540	1
541	543	3
544	542	1
545	542	2
545	543	2
545	544	3
544	546	3
547	544	3
547	545	2
548	545	2
550	545	2
548	546	1
549	547	3
547	550	3
550	548	3
598	548	1
549	551	1
551	550	3
553	550	2
551	553	2
551	554	1
553	552	3
552	554	2
554	553	3
553	556	1
556	554	2
557	554	1
587	554	1
557	555	3
555	558	2
556	557	1
558	556	3
559	557	3
558	559	3
558	560	2
561	558	3
561	559	1
560	562	1
561	562	3
564	561	2
562	563	2
564	562	2
563	564	2
565	563	1
565	564	2
564	567	2
564	574	2
565	566	3
565	567	3
566	568	1
569	566	2
567	568	2
567	569	1
567	570	3
568	569	2
571	568	1
571	569	2
569	572	2
572	570	1
573	570	2
573	571	3
571	574	1
572	573	1
572	575	1
573	574	1
575	573	2
575	574	1
574	576	3
577	574	3
577	575	2
589	575	3
577	576	3
576	579	1
577	579	3
579	578	3
578	580	3
578	581	1
579	580	2
582	579	3
582	580	1
583	580	1
582	581	1
584	581	1
583	582	2
584	582	3
585	582	1
584	583	3
583	585	2
584	585	2
584	587	3
586	585	1
587	585	1
585	588	1
586	587	2
586	588	1
589	586	1
589	587	1
587	590	2
589	588	3
588	591	2
591	589	1
590	592	1
591	592	2
594	591	1
592	593	3
595	592	1
593	594	1
593	596	1
594	596	1
596	595	1
595	597	1
596	597	1
599	596	1
597	599	2
