0	1	3
0	2	2
0	3	2
598	0	1
0	261	3
0	522	1
0	409	1
3	1	1
1	4	1
1	598	1
242	1	2
1	248	3
1	194	3
199	1	1
2	4	3
5	2	3
599	2	3
40	2	2
190	2	3
4	3	1
6	3	3
3	263	1
471	3	3
5	4	1
4	7	1
182	4	2
4	133	1
216	4	2
5	6	1
8	5	3
452	5	2
6	7	1
8	6	2
9	6	3
6	55	3
6	128	1
149	6	3
6	217	1
328	6	1
7	8	1
7	9	1
7	87	3
8	10	3
8	11	1
8	106	1
8	491	2
9	10	1
11	9	1
197	9	2
10	12	1
531	10	2
10	582	3
12	11	1
11	13	2
11	14	3
11	340	2
12	13	3
12	14	1
289	12	3
175	12	1
14	13	1
15	13	2
598	13	2
15	14	3
14	17	2
503	14	2
15	17	3
18	15	2
15	373	1
16	18	2
16	507	2
440	16	1
16	113	3
16	367	1
18	17	1
19	17	2
20	17	1
17	252	1
19	18	1
20	18	2
18	21	2
132	18	2
18	301	1
327	18	3
554	18	2
21	19	3
19	22	2
19	585	2
19	259	3
20	22	2
20	578	3
20	36	1
20	320	1
20	411	3
21	23	2
258	21	2
21	444	1
25	21	1
536	21	3
23	22	1
25	22	3
29	22	3
149	22	2
151	22	1
191	22	3
22	472	2
24	23	3
25	23	2
26	23	2
24	26	3
24	27	3
303	24	1
24	227	2
249	24	3
25	27	3
25	202	2
222	25	2
26	27	3
29	26	2
26	151	3
26	401	3
27	28	2
29	27	3
27	548	2
27	87	1
27	306	3
28	29	3
31	28	3
442	28	1
28	105	2
29	30	2
31	29	3
29	95	1
29	292	2
29	519	3
30	31	2
32	30	3
33	30	1
30	589	1
31	33	3
31	196	1
276	31	3
32	34	1
32	488	3
32	491	3
38	32	3
32	178	1
33	35	3
36	33	1
165	33	1
203	33	3
504	33	2
33	532	1
35	34	3
36	34	3
37	34	3
34	377	1
37	35	2
35	38	3
286	35	3
35	308	3
36	38	2
36	232	3
36	415	2
36	72	3
106	36	2
227	36	2
37	38	2
37	40	2
37	560	3
37	52	1
145	37	1
37	556	2
38	40	2
38	41	1
38	232	1
40	39	3
39	42	3
39	61	3
39	46	3
105	39	2
39	174	1
42	40	2
40	43	2
40	300	1
155	40	3
41	42	3
41	43	2
397	41	2
41	201	2
266	41	2
41	320	2
546	41	3
44	42	3
45	42	3
133	42	2
42	71	1
307	42	1
43	44	3
43	46	3
43	473	1
45	44	1
46	44	1
47	44	3
45	47	3
88	45	1
154	45	1
45	141	2
45	177	3
45	476	3
47	46	1
49	46	3
254	46	1
46	287	2
48	47	2
47	50	3
473	47	2
299	47	3
47	523	1
50	48	3
48	51	2
48	391	3
48	426	3
48	501	3
50	49	2
49	51	2
49	211	1
52	50	1
218	50	3
364	50	3
444	50	2
51	53	1
54	51	3
51	130	1
188	51	2
52	53	1
52	55	1
53	55	1
126	53	3
53	577	1
53	155	2
53	269	3
500	53	1
53	590	1
56	54	3
54	57	3
227	54	1
54	274	3
57	55	2
55	58	3
342	55	2
545	55	2
58	56	3
56	59	1
242	56	1
56	246	3
57	58	3
60	57	1
57	377	2
57	346	3
58	59	2
61	58	3
58	206	2
288	58	2
60	59	3
59	62	3
123	59	2
59	223	1
61	60	3
63	60	1
265	60	3
167	60	2
60	525	2
63	61	1
64	61	2
61	584	2
243	61	1
62	63	1
62	64	2
520	62	3
62	208	2
424	62	1
63	64	3
65	63	2
561	63	3
166	63	2
534	63	1
64	65	1
64	67	3
277	64	2
64	91	2
271	64	3
65	66	3
65	67	3
68	65	1
68	66	2
66	195	1
101	66	2
95	66	2
140	66	1
67	69	1
548	67	2
429	67	2
67	103	3
67	245	1
67	368	3
67	441	1
69	68	3
68	70	1
68	383	2
69	70	2
72	69	2
365	69	3
371	69	2
72	70	3
70	73	3
70	505	1
70	110	2
193	70	3
70	567	2
71	72	2
71	74	3
147	71	1
466	71	1
72	73	1
72	75	2
75	73	1
73	471	2
295	73	1
73	494	1
76	74	1
77	74	2
320	74	2
76	75	1
77	75	3
211	75	2
498	75	2
76	77	1
78	76	2
246	76	2
76	127	1
76	541	3
77	78	3
80	77	1
158	77	3
77	88	1
78	79	3
78	80	3
78	81	2
551	78	1
79	80	2
81	79	1
79	135	2
568	79	2
80	81	1
83	80	2
80	569	3
184	80	3
81	83	3
81	84	3
245	81	2
197	81	3
365	81	2
81	530	3
81	548	3
82	84	3
85	82	3
261	82	2
83	85	2
86	83	2
83	99	1
118	83	1
137	83	1
443	83	3
84	85	2
84	87	2
84	224	1
85	87	2
88	85	1
85	161	3
85	324	1
86	88	3
86	436	3
86	124	1
391	86	2
86	397	1
87	89	1
87	105	1
87	139	1
87	521	2
89	88	1
88	90	3
419	88	2
89	90	3
92	89	3
89	465	3
90	92	3
93	90	3
108	90	1
90	99	1
90	483	1
92	91	2
94	91	2
91	98	3
369	91	2
437	91	1
91	465	2
93	92	3
94	92	3
92	95	3
94	93	3
96	93	1
93	175	2
280	93	2
93	529	2
96	94	1
94	97	2
478	94	3
94	385	1
97	95	3
95	571	3
95	189	2
95	240	2
96	98	2
96	291	3
252	96	1
376	96	2
99	97	3
97	100	2
326	97	3
100	98	2
98	101	3
100	99	1
101	99	3
102	100	3
100	103	2
500	100	3
102	101	2
101	104	1
101	454	2
265	101	2
101	420	2
103	102	1
102	105	3
102	212	2
102	176	3
103	105	1
106	103	2
103	212	2
105	104	3
106	104	3
104	373	1
104	403	3
107	105	2
330	105	2
108	106	3
227	106	3
481	106	2
520	106	2
107	109	3
110	107	3
514	107	2
107	337	3
109	108	3
110	108	1
108	111	3
109	110	3
111	109	3
352	109	3
109	123	2
111	110	1
113	110	1
110	247	1
112	111	3
113	111	2
111	114	1
540	111	2
113	112	2
114	112	1
543	112	1
275	112	2
112	284	2
115	113	3
116	113	2
220	113	1
115	114	1
117	114	1
307	114	1
115	117	3
379	115	2
484	115	3
116	118	3
116	119	2
116	175	3
461	116	1
117	118	1
120	117	2
293	117	1
129	117	2
117	358	3
118	120	1
118	121	3
118	499	1
120	119	3
122	119	1
512	119	1
119	162	3
122	120	3
123	120	2
383	120	1
121	123	3
124	121	1
121	467	1
122	123	2
125	122	3
244	122	3
123	124	3
123	125	1
125	124	1
124	126	1
124	127	2
124	138	3
124	410	1
126	125	3
128	125	3
125	539	1
354	125	2
126	127	1
126	129	2
126	146	3
129	127	3
127	276	1
127	342	3
128	130	2
128	561	2
130	129	1
129	132	3
144	129	3
159	129	2
180	129	2
132	130	1
133	130	1
292	130	1
131	132	3
134	131	1
391	131	2
131	271	1
131	559	2
134	132	2
135	132	1
344	132	1
133	135	3
133	136	1
134	136	2
137	134	3
134	417	2
136	135	1
138	135	3
135	176	2
136	137	2
136	138	2
139	136	3
539	136	3
137	139	3
137	598	2
460	137	3
140	138	2
271	138	1
138	379	2
139	140	2
139	142	1
170	139	1
141	140	1
140	142	3
143	141	1
598	141	2
499	141	1
142	143	2
142	144	3
142	594	1
264	142	2
143	144	2
143	145	1
146	143	1
145	144	3
144	147	2
145	146	2
145	148	1
146	147	3
146	149	2
146	444	2
146	498	3
147	148	3
150	147	1
315	147	3
147	495	1
148	150	1
346	148	1
148	198	2
248	148	3
149	151	1
149	389	2
151	150	3
150	153	2
150	239	2
151	153	3
151	154	2
151	548	1
153	152	3
155	152	1
152	253	2
213	152	2
431	152	3
155	153	2
153	156	2
153	476	3
153	510	2
155	154	3
154	156	1
154	157	3
453	154	3
157	155	2
156	157	3
158	156	1
156	524	1
236	156	3
484	156	1
158	157	3
157	159	2
157	292	2
158	160	2
161	158	3
219	158	2
160	159	2
159	161	2
159	256	1
160	161	1
160	162	3
163	160	1
163	161	3
161	164	2
222	161	3
164	162	1
162	520	3
162	247	1
164	163	2
163	166	3
163	291	3
163	528	3
164	165	1
164	166	3
430	164	3
164	300	1
493	164	1
164	586	1
165	167	2
168	165	2
263	165	2
168	166	2
166	169	2
166	386	2
167	168	2
167	170	1
387	167	1
461	167	1
169	168	1
168	170	1
168	528	2
481	168	3
169	170	3
169	172	2
169	528	1
169	253	1
283	169	1
172	170	2
173	170	2
171	172	3
171	174	1
359	171	2
205	171	1
171	512	1
173	172	3
174	172	1
218	172	1
509	172	3
173	174	1
173	175	3
173	176	1
174	175	1
177	174	1
174	235	3
267	174	2
177	175	1
178	175	3
175	411	3
503	175	3
176	178	1
179	176	2
177	179	2
180	177	1
177	246	3
180	178	3
181	178	3
305	178	3
477	178	2
181	179	3
182	179	1
260	179	3
513	179	3
182	180	2
518	180	2
180	455	2
181	182	3
181	184	2
410	181	3
182	183	2
184	182	1
185	182	3
408	182	2
184	183	1
183	185	1
183	186	1
433	183	1
183	578	3
184	185	2
187	184	2
187	185	3
185	505	3
569	185	3
185	198	2
533	185	2
186	187	1
188	186	3
319	186	2
189	187	3
190	187	2
187	430	2
195	187	2
586	187	3
190	188	3
519	188	2
191	189	1
237	189	3
190	192	3
190	193	1
190	357	1
190	418	2
193	191	3
268	191	3
577	191	1
194	192	3
192	195	2
591	192	1
203	192	1
360	192	3
194	193	1
195	193	3
194	196	3
194	213	1
325	194	2
195	197	1
195	198	1
465	195	2
196	197	3
196	198	1
457	196	2
196	569	2
197	199	1
200	197	1
197	231	1
199	198	2
200	198	2
199	201	1
199	516	3
199	233	2
201	200	3
202	200	1
200	203	2
201	203	3
201	204	1
201	223	3
202	204	1
205	202	1
202	387	1
378	202	2
203	205	3
361	203	1
206	204	1
346	204	1
275	204	1
574	204	1
204	576	2
207	205	3
208	205	3
206	207	3
208	206	3
206	209	1
206	214	2
208	207	2
207	209	2
322	207	1
377	207	2
208	209	2
211	208	1
208	559	3
211	209	2
209	300	2
209	305	2
209	251	2
382	209	1
209	484	1
573	209	3
210	212	2
210	213	2
210	375	2
432	210	2
212	211	2
213	211	1
211	214	2
212	213	3
212	215	2
215	213	2
213	216	3
526	213	1
216	214	3
214	217	3
216	215	3
215	217	3
215	218	2
215	463	1
216	218	2
216	255	2
216	283	1
216	417	3
217	219	3
217	220	2
217	356	2
219	218	2
221	218	1
218	379	3
221	219	3
219	222	2
370	219	3
221	220	2
223	220	1
221	222	2
221	223	3
221	520	2
221	556	1
222	223	2
225	222	2
581	222	1
223	225	1
224	225	2
226	224	2
224	227	2
467	224	3
225	226	3
225	228	1
548	225	2
228	226	2
229	226	2
226	323	1
226	594	3
229	227	1
228	229	2
230	228	1
228	231	1
229	230	3
229	231	2
232	229	3
382	229	2
230	231	3
232	230	2
480	230	3
388	230	3
483	230	3
233	231	2
231	234	3
331	231	1
231	540	1
234	232	1
235	232	1
233	235	3
236	233	2
423	233	1
236	234	3
234	237	3
432	234	2
234	250	3
447	234	2
235	237	2
533	235	2
316	235	3
238	236	2
239	236	2
238	237	2
237	239	2
283	237	3
279	237	3
237	375	3
238	240	3
238	363	3
435	238	1
506	238	1
239	241	3
239	242	3
239	571	1
240	242	3
272	240	2
240	282	1
242	241	3
241	243	3
244	241	3
241	566	3
242	243	3
245	242	1
242	570	2
245	243	1
246	243	1
244	245	1
246	244	3
516	244	3
517	244	3
247	245	2
245	248	3
245	312	3
248	246	3
482	246	2
249	247	3
247	302	1
248	250	2
248	392	2
248	286	2
249	251	3
252	249	2
249	386	2
252	250	3
569	250	2
250	294	3
250	303	2
545	250	3
251	252	2
251	253	3
253	252	1
255	252	2
521	252	3
255	253	3
256	253	2
253	350	2
255	254	1
256	254	1
502	254	1
255	256	3
257	255	3
255	258	3
258	256	3
259	256	1
257	258	1
257	259	3
260	257	2
258	260	3
341	258	1
323	258	2
438	258	2
259	261	3
262	259	3
259	454	3
260	261	2
260	262	2
267	260	3
262	261	3
261	264	1
536	261	1
261	385	3
263	262	3
262	265	3
577	262	1
262	390	2
263	264	1
263	266	3
573	263	1
263	303	3
264	265	3
264	267	1
550	264	3
264	597	1
265	266	3
267	265	1
266	268	1
266	341	2
267	268	2
267	270	3
269	268	3
270	268	1
271	268	1
268	295	3
269	270	3
272	269	2
272	270	2
270	273	2
270	452	3
270	392	1
273	271	2
272	274	3
272	275	3
272	380	3
274	273	1
273	275	1
276	273	3
276	274	3
277	274	3
274	436	2
274	531	2
277	275	1
452	275	3
277	276	1
276	279	1
276	590	2
276	307	3
277	279	1
277	280	3
390	277	3
277	396	2
279	278	1
278	280	3
281	278	1
280	279	2
279	282	2
279	474	2
587	279	3
282	280	2
280	340	3
280	367	1
280	507	1
282	281	2
281	284	2
281	594	2
281	405	1
282	283	2
284	282	2
282	448	1
285	283	3
283	391	3
286	284	1
343	284	1
285	287	1
288	285	3
285	525	2
355	285	3
286	288	3
286	289	1
476	286	3
287	289	1
576	287	1
289	288	1
288	291	1
289	291	3
292	289	3
319	289	1
290	291	1
290	292	1
593	290	1
290	585	1
293	291	2
291	388	1
291	374	2
336	291	3
294	292	3
292	295	3
292	561	1
293	294	1
295	293	2
293	296	2
295	294	1
294	297	1
528	294	1
295	297	2
295	382	1
341	295	1
298	296	3
296	299	3
296	382	1
297	298	1
300	297	3
297	390	1
298	299	3
300	298	1
298	392	3
299	301	2
299	444	3
300	302	3
303	300	3
301	303	2
301	304	1
302	304	3
302	305	2
365	302	2
379	302	3
303	305	2
304	305	2
306	304	1
304	474	1
524	304	3
306	305	3
308	305	3
440	305	2
308	306	3
306	309	1
309	307	3
307	370	1
307	518	1
309	308	1
311	308	3
328	308	1
309	310	3
311	309	2
312	309	3
314	309	2
315	309	1
310	312	3
313	310	1
426	310	2
310	462	3
310	575	3
313	311	2
311	314	2
311	535	3
313	312	3
312	315	1
313	314	2
313	315	3
587	313	2
315	314	2
314	317	2
315	317	3
315	383	2
446	315	2
318	316	2
319	316	2
316	473	1
519	316	2
319	317	1
473	317	1
317	365	3
317	434	3
580	317	2
317	593	3
318	320	3
318	508	2
318	395	1
319	320	3
321	319	3
319	322	2
319	353	2
319	477	3
320	322	2
507	320	1
321	323	1
321	324	2
470	321	3
323	322	3
322	325	1
322	527	2
324	323	1
326	323	2
484	323	1
326	324	2
324	327	2
326	325	1
327	325	2
592	325	3
327	326	2
328	326	1
326	329	2
328	327	3
330	327	3
328	330	3
329	331	2
329	332	2
329	398	1
330	331	2
332	330	3
333	331	1
331	378	3
334	332	2
335	332	1
445	332	2
332	458	2
333	335	3
519	333	3
484	333	1
335	334	3
337	334	3
423	334	1
334	543	2
336	335	3
337	335	1
338	335	3
337	336	3
336	339	2
336	560	1
337	339	1
337	497	1
339	338	2
338	340	2
338	380	3
563	338	2
338	579	3
339	340	3
341	339	1
339	342	1
340	341	2
343	340	2
341	342	3
344	341	2
344	342	1
584	342	2
344	343	3
343	345	1
346	343	3
343	522	3
552	343	3
343	557	1
344	346	3
344	479	3
345	346	3
345	348	3
521	345	2
345	464	3
347	346	1
349	346	1
346	471	3
347	348	1
350	347	2
434	347	3
348	349	2
348	351	1
435	348	1
348	592	1
351	349	2
352	349	2
428	349	3
497	349	2
544	349	1
350	352	2
350	353	1
352	351	3
354	351	3
418	351	2
353	352	2
352	354	2
355	352	3
354	353	3
356	353	1
356	354	3
397	354	2
357	355	2
521	355	1
356	358	2
359	356	3
359	357	2
360	357	3
359	358	2
361	358	3
462	358	3
359	361	2
390	359	2
505	359	1
361	360	3
362	360	1
360	439	2
361	363	1
574	361	1
362	363	3
362	364	2
365	362	2
363	364	3
365	363	1
366	363	3
365	364	3
366	364	2
367	364	2
365	367	1
366	367	3
368	366	2
369	366	1
366	414	1
369	367	1
368	369	3
371	368	1
463	368	3
370	369	1
369	372	2
398	369	2
573	369	2
370	371	3
370	373	3
372	371	1
371	373	2
404	371	2
372	373	1
374	372	3
375	372	3
372	384	2
374	373	3
375	373	3
373	376	2
374	375	3
374	376	1
374	377	3
375	377	2
378	375	1
375	439	3
375	505	1
376	377	3
376	379	2
468	376	3
508	376	1
377	379	2
377	427	1
432	377	3
380	378	3
378	381	1
378	583	2
381	379	1
381	380	2
382	380	1
380	383	1
425	380	2
383	381	3
381	384	3
530	381	3
382	384	2
382	470	1
385	383	2
399	383	3
383	485	2
385	384	1
386	384	1
387	385	2
385	588	3
388	386	1
388	387	2
389	387	1
390	388	3
388	454	3
389	391	3
484	389	2
390	391	2
392	390	2
391	393	2
479	391	2
393	392	3
395	392	1
393	394	2
395	393	3
532	393	2
396	394	3
397	394	2
491	394	2
394	412	3
395	396	2
397	395	3
398	395	2
398	396	2
399	396	2
396	546	2
397	399	1
397	400	2
400	398	3
401	398	1
399	400	3
399	402	3
399	463	3
400	402	1
400	403	3
400	510	1
401	402	2
401	404	2
542	401	2
403	402	1
402	404	1
462	402	2
403	405	3
555	403	2
570	403	2
405	404	3
404	407	1
406	405	3
407	405	1
405	527	1
405	544	3
406	407	3
406	408	2
406	554	1
407	409	2
410	407	3
407	498	1
408	409	2
411	408	3
409	411	2
409	412	2
412	410	1
413	410	3
537	410	1
411	413	1
413	412	1
412	415	1
414	413	1
413	416	2
413	420	1
415	414	1
414	417	1
415	417	3
415	418	3
415	500	2
416	418	1
416	419	2
536	416	3
418	417	1
417	420	1
418	420	3
418	542	1
418	553	3
419	420	2
422	419	3
422	420	1
420	423	2
421	422	1
423	421	2
421	424	2
422	423	2
422	424	3
503	422	3
425	423	2
423	426	3
424	425	1
424	426	2
428	424	2
425	427	1
425	432	2
427	426	3
429	426	3
427	429	3
427	490	1
428	429	3
428	431	1
430	429	2
431	429	2
429	432	3
431	430	1
430	432	2
598	430	2
432	431	1
431	434	1
442	431	3
432	434	2
433	434	1
436	433	2
469	433	3
435	434	2
437	434	1
436	435	1
435	437	3
438	435	2
437	436	2
438	436	3
438	437	2
440	437	3
515	437	3
438	439	2
438	440	1
441	439	1
440	442	2
440	443	2
441	442	1
444	441	3
442	444	2
448	442	2
443	444	1
446	443	1
443	562	1
446	444	2
447	444	2
446	445	2
445	447	2
448	445	2
448	446	3
446	449	1
492	446	3
535	446	3
447	449	3
490	447	2
449	448	1
448	451	3
449	451	3
452	449	2
476	449	3
450	451	2
452	450	3
453	450	3
452	451	2
453	451	2
451	454	2
584	451	1
453	452	1
454	452	3
452	455	2
453	455	1
453	456	3
456	454	2
454	457	2
457	455	1
455	458	1
456	458	3
456	459	1
456	477	2
458	457	3
457	460	2
457	594	2
457	568	1
458	459	1
461	458	3
459	461	1
462	459	3
459	468	1
461	460	1
462	460	1
463	461	1
461	595	3
462	464	3
465	463	3
464	465	3
467	464	3
553	464	1
467	465	1
467	466	1
469	466	2
469	467	2
470	467	2
469	468	3
468	471	1
471	469	1
469	472	2
472	470	3
470	473	3
471	473	3
472	473	3
475	472	3
473	475	3
524	473	2
475	474	2
474	477	2
477	475	3
475	478	3
475	572	3
476	478	2
477	479	3
478	479	1
478	480	1
478	481	2
481	479	2
559	479	1
481	480	1
480	483	1
480	493	2
483	481	1
483	482	2
482	485	2
485	483	3
484	486	3
486	485	3
487	485	2
486	487	1
486	488	3
489	486	3
487	488	3
487	489	1
490	487	2
487	583	2
488	489	2
490	488	1
491	488	1
503	488	3
505	488	2
489	490	1
492	489	1
493	489	3
490	491	3
490	492	1
490	493	1
491	493	2
491	494	2
493	492	1
495	492	3
492	578	2
493	495	3
493	496	3
564	493	3
494	496	1
494	497	3
495	496	2
498	495	2
496	497	3
496	498	3
499	496	3
549	496	1
497	499	1
497	500	3
498	500	1
501	499	1
500	502	1
503	500	2
501	503	2
501	504	1
504	502	3
505	502	2
503	505	2
505	504	3
504	506	2
507	505	3
506	507	2
506	509	1
509	507	2
508	509	3
511	508	2
509	510	3
512	509	2
509	515	3
510	512	2
513	510	1
511	512	1
513	511	1
511	514	2
512	514	2
515	512	3
514	513	2
516	513	2
515	514	1
514	516	1
517	514	2
517	515	3
517	516	3
518	516	1
519	516	1
517	519	3
517	520	1
518	520	2
518	596	2
518	587	3
521	519	3
521	520	3
520	522	3
523	521	1
523	522	2
522	524	2
523	525	1
523	526	2
526	524	2
524	527	3
538	524	1
525	526	2
528	525	3
528	526	3
526	529	2
527	528	2
529	527	2
528	530	3
529	531	3
529	532	1
530	532	3
533	530	2
531	533	3
531	534	2
531	575	3
532	533	2
532	535	2
533	534	1
536	533	2
535	534	2
536	534	1
537	535	3
535	538	3
538	536	3
539	536	2
538	537	1
537	540	2
538	539	2
538	541	1
541	539	3
539	579	1
540	542	2
542	541	3
544	541	3
544	542	3
542	545	3
543	544	2
546	543	1
546	544	2
547	545	1
548	546	2
549	547	2
550	547	1
569	547	3
548	550	2
551	549	2
549	552	1
551	550	2
550	553	2
551	553	2
551	560	3
553	552	2
555	552	2
553	555	1
556	554	3
554	557	3
554	571	3
555	557	3
555	558	2
555	587	3
558	556	3
558	557	1
559	557	3
559	558	1
561	558	3
573	558	1
559	561	3
561	560	1
563	560	2
561	562	3
564	561	2
563	562	2
564	562	3
563	565	3
563	576	1
565	564	3
567	564	1
566	565	1
565	567	1
568	565	2
566	567	3
566	568	3
567	569	3
570	567	3
567	582	3
570	568	1
571	569	3
572	569	1
572	570	1
570	573	1
572	571	3
571	574	2
572	573	3
574	572	2
575	572	3
573	575	1
575	574	3
574	577	3
577	575	1
576	578	3
576	579	2
577	579	2
577	580	3
578	580	2
579	580	3
579	582	2
581	580	1
580	583	2
581	583	1
584	581	2
582	584	1
582	585	3
585	583	1
586	584	2
586	585	3
588	585	2
588	586	3
587	589	3
588	590	3
588	591	3
589	590	1
589	592	2
590	591	1
590	592	2
591	592	1
593	591	3
594	591	1
592	594	2
593	594	2
593	595	3
594	595	3
594	597	1
595	597	3
595	598	1
596	597	2
596	598	1
599	596	3
597	599	1
598	599	3
