1	0	3
0	2	2
3	0	1
4	0	2
0	7	2
0	8	1
9	0	1
10	0	2
11	0	1
0	19	2
0	28	1
0	29	1
0	36	1
0	47	3
50	0	2
77	0	3
80	0	2
0	105	3
110	0	2
0	111	3
0	116	1
0	117	2
0	118	2
0	152	2
0	172	1
205	0	3
214	0	3
231	0	1
0	240	1
253	0	3
0	286	1
0	323	3
0	324	1
355	0	1
357	0	1
367	0	3
374	0	2
405	0	2
0	466	1
0	494	1
507	0	3
515	0	1
530	0	1
539	0	1
0	577	3
0	583	3
1	2	3
1	3	1
4	1	2
5	1	3
1	6	2
8	1	2
1	9	3
1	13	1
14	1	1
15	1	1
1	16	3
1	18	2
24	1	3
25	1	2
1	27	2
1	30	1
1	32	2
1	35	1
36	1	1
42	1	3
48	1	1
1	49	1
1	55	3
60	1	2
1	63	1
67	1	2
1	72	3
1	74	2
1	78	3
83	1	2
85	1	1
86	1	1
95	1	3
1	98	1
118	1	2
1	122	2
1	124	3
125	1	1
127	1	2
129	1	1
136	1	3
156	1	1
164	1	1
1	166	2
169	1	3
1	208	2
1	212	2
216	1	2
220	1	3
1	226	1
1	239	3
241	1	2
253	1	3
255	1	1
262	1	1
278	1	2
288	1	3
289	1	1
1	300	2
1	302	2
1	304	2
311	1	3
1	319	3
1	322	1
1	332	2
1	345	2
348	1	2
1	352	3
366	1	3
1	375	3
391	1	2
399	1	3
1	408	2
409	1	1
410	1	3
1	411	3
1	412	1
418	1	1
435	1	2
1	444	2
451	1	2
1	487	1
1	497	3
1	516	1
523	1	1
1	537	3
557	1	2
1	558	2
2	3	1
2	4	2
5	2	2
2	6	1
7	2	2
13	2	3
15	2	3
18	2	2
2	19	1
2	20	1
2	21	3
23	2	3
24	2	1
2	26	1
2	30	3
2	38	1
40	2	3
55	2	1
56	2	2
2	66	3
2	75	2
81	2	2
84	2	1
2	99	3
101	2	3
104	2	1
105	2	2
2	108	3
113	2	3
135	2	2
2	151	1
2	166	1
2	174	2
2	181	1
2	204	1
2	233	3
250	2	2
280	2	1
283	2	2
2	285	2
2	287	2
292	2	2
303	2	1
312	2	2
329	2	3
341	2	2
2	371	3
388	2	2
2	398	3
404	2	1
2	407	2
418	2	3
424	2	1
2	487	3
498	2	1
519	2	2
536	2	2
2	538	2
2	550	1
3	6	2
16	3	3
28	3	1
3	57	1
3	65	3
70	3	1
3	74	2
3	81	3
3	127	3
137	3	3
3	140	2
195	3	3
3	204	1
3	240	3
3	297	1
300	3	3
333	3	2
381	3	1
403	3	2
3	415	2
434	3	3
3	491	2
502	3	3
542	3	2
5	4	3
4	10	2
4	13	1
4	17	3
4	26	3
4	62	2
4	69	3
4	80	1
4	90	1
4	94	3
4	110	2
4	115	3
139	4	3
4	158	1
164	4	1
4	173	2
178	4	1
4	179	3
4	180	1
4	236	2
4	278	3
281	4	3
4	285	3
324	4	2
4	361	2
372	4	1
4	415	1
444	4	1
4	462	2
4	484	1
495	4	2
568	4	3
8	5	3
10	5	3
11	5	2
5	12	2
5	16	1
5	19	3
5	21	2
23	5	2
27	5	2
33	5	2
5	35	3
37	5	3
5	41	1
5	44	2
5	52	1
5	57	3
58	5	3
5	61	2
5	62	1
5	68	2
73	5	2
5	80	2
81	5	3
82	5	3
5	83	3
106	5	3
108	5	1
5	140	2
174	5	2
177	5	1
189	5	3
5	194	2
220	5	3
221	5	3
5	222	3
5	224	2
229	5	2
246	5	3
5	256	1
5	274	3
5	275	3
327	5	2
5	376	3
5	378	2
5	392	2
419	5	3
5	468	3
5	471	3
5	501	3
542	5	1
5	563	3
5	589	3
7	6	3
6	11	3
6	63	1
65	6	3
6	134	3
6	153	3
203	6	3
6	236	3
6	237	2
327	6	2
421	6	3
585	6	2
9	7	3
20	7	1
7	33	1
40	7	3
7	43	2
44	7	3
48	7	1
7	52	3
65	7	1
69	7	1
7	73	2
7	76	2
7	92	1
7	100	3
103	7	2
7	107	3
143	7	1
7	148	2
158	7	2
190	7	3
7	215	2
7	249	1
271	7	2
7	291	1
294	7	3
7	335	1
350	7	2
380	7	1
7	449	3
480	7	3
7	528	2
7	558	1
8	341	1
9	14	1
9	15	2
31	9	1
46	9	1
53	9	3
9	60	3
97	9	3
149	9	3
9	186	2
9	230	3
9	265	2
284	9	3
297	9	2
9	316	1
9	330	3
9	331	1
9	399	3
411	9	1
481	9	2
486	9	2
9	506	2
563	9	1
12	10	2
17	10	3
22	10	1
23	10	2
10	26	3
10	27	2
10	28	3
10	31	3
10	33	3
10	34	2
45	10	1
106	10	2
10	109	2
112	10	1
162	10	2
10	166	3
10	212	3
10	270	1
10	272	3
277	10	1
282	10	2
10	303	3
365	10	1
372	10	2
380	10	2
10	432	3
10	450	3
10	506	1
510	10	3
10	529	2
549	10	1
10	562	3
571	10	1
12	11	2
20	11	3
11	32	2
39	11	2
68	11	1
117	11	3
135	11	3
207	11	1
223	11	3
11	225	3
11	307	3
11	317	2
338	11	1
11	384	3
425	11	3
429	11	1
457	11	3
11	490	1
508	11	3
11	523	3
12	14	3
22	12	1
29	12	1
32	12	2
39	12	1
40	12	1
45	12	2
49	12	1
50	12	3
12	53	3
12	54	2
12	60	3
84	12	2
12	99	1
12	104	3
12	144	3
12	145	1
12	150	1
169	12	1
186	12	3
12	202	1
221	12	1
225	12	1
12	260	1
12	311	3
12	321	1
12	349	3
12	382	2
12	409	2
437	12	3
445	12	3
484	12	3
522	12	1
12	544	2
547	12	1
12	571	1
597	12	1
13	18	2
46	13	2
70	13	3
74	13	3
98	13	3
111	13	1
147	13	3
13	156	1
13	187	1
13	242	3
13	328	1
13	422	3
448	13	2
512	13	2
13	534	1
14	76	2
14	88	1
106	14	3
143	14	3
14	434	3
550	14	2
14	567	3
568	14	2
17	15	3
15	34	1
15	43	1
102	15	3
149	15	3
15	163	3
167	15	2
168	15	2
15	211	1
15	264	2
271	15	2
15	272	3
15	362	1
15	367	2
408	15	1
15	466	3
474	15	2
15	478	2
483	15	2
15	547	1
599	15	3
22	16	2
38	16	2
16	41	2
16	48	2
16	63	3
16	170	1
369	16	3
377	16	2
424	16	2
16	503	1
16	517	2
578	16	2
16	579	3
31	17	2
17	50	1
17	51	2
17	122	1
17	133	2
173	17	3
238	17	2
17	249	1
435	17	1
17	488	1
500	17	2
522	17	1
568	17	2
18	75	1
18	132	2
145	18	2
277	18	1
19	98	2
19	123	2
124	19	2
19	147	2
185	19	2
430	19	2
20	21	1
24	20	1
38	20	2
20	46	2
20	51	2
97	20	3
20	114	3
20	181	2
190	20	3
218	20	1
255	20	2
20	262	2
20	294	3
312	20	2
356	20	1
20	388	2
427	20	2
431	20	2
20	479	3
20	587	1
21	113	3
21	175	1
276	21	3
22	25	3
29	22	1
22	36	1
22	37	1
22	45	3
58	22	3
22	126	2
180	22	1
183	22	1
22	187	2
22	199	1
219	22	3
267	22	2
22	344	2
373	22	2
431	22	3
451	22	1
22	456	3
22	490	1
495	22	1
533	22	3
22	535	1
22	538	3
561	22	1
22	593	3
64	23	2
23	82	3
88	23	3
101	23	1
125	23	1
23	151	3
23	155	3
23	175	1
23	193	1
200	23	1
23	269	2
23	299	3
23	339	2
23	345	1
354	23	1
23	390	3
23	399	3
23	423	3
23	555	2
24	25	2
24	42	1
47	24	1
24	53	3
59	24	1
24	67	3
24	139	3
24	177	1
24	224	1
237	24	2
289	24	2
24	343	3
389	24	1
24	436	2
24	504	3
511	24	1
24	530	1
24	585	3
24	594	1
25	54	1
91	25	2
96	25	1
105	25	3
128	25	1
227	25	2
355	25	1
370	25	1
396	25	1
406	25	3
25	408	1
436	25	3
25	467	1
25	526	3
595	25	3
66	26	2
26	89	1
150	26	2
26	182	2
26	340	2
352	26	2
26	440	2
480	26	3
27	30	2
35	27	3
39	27	1
49	27	3
27	52	3
27	70	2
27	110	3
27	122	1
130	27	1
27	159	2
27	168	2
27	230	3
27	279	2
297	27	2
345	27	1
362	27	2
27	384	2
27	402	3
404	27	1
27	416	2
417	27	1
27	475	1
479	27	2
27	502	1
27	536	3
27	538	3
552	27	3
558	27	1
581	27	2
28	41	2
28	57	3
28	66	3
28	71	3
28	93	2
28	126	3
28	127	1
28	148	3
151	28	1
167	28	2
28	176	1
189	28	1
28	235	3
300	28	2
28	344	3
353	28	3
360	28	2
363	28	1
422	28	1
458	28	1
28	467	1
475	28	2
502	28	1
28	554	2
576	28	2
34	29	1
29	56	3
29	59	3
29	64	2
29	108	3
29	114	2
29	116	1
171	29	2
29	186	1
210	29	1
29	222	3
254	29	1
29	270	1
306	29	2
29	313	3
29	360	3
364	29	3
29	488	3
55	30	1
97	30	2
492	30	1
30	508	2
222	31	1
580	31	1
32	62	2
32	153	1
157	32	1
199	32	3
246	32	2
32	258	3
289	32	1
343	32	3
500	32	1
32	503	1
87	33	2
33	119	1
33	125	2
159	33	2
33	188	1
516	33	1
34	42	1
34	44	2
34	138	3
150	34	1
259	34	3
262	34	1
264	34	3
316	34	3
326	34	1
329	34	1
34	362	1
466	34	2
477	34	3
561	34	2
34	578	1
101	35	1
128	35	3
35	184	2
35	401	1
37	36	3
36	43	2
36	51	1
54	36	1
36	59	1
36	77	2
36	85	2
36	93	3
117	36	1
36	129	2
133	36	1
200	36	3
36	224	3
36	264	2
272	36	3
36	281	1
36	298	2
36	308	1
36	332	1
358	36	3
36	482	3
36	494	2
525	36	1
165	37	2
37	228	1
37	510	1
91	38	3
38	155	2
277	38	1
38	493	3
161	39	3
39	266	2
40	68	1
102	40	2
40	103	2
107	40	2
40	132	3
40	227	2
40	287	3
40	402	2
445	40	1
41	56	3
41	69	2
90	41	3
41	107	2
123	41	1
41	155	3
206	41	2
41	226	2
245	41	2
261	41	2
41	299	3
41	321	1
41	427	1
566	41	1
120	42	2
160	42	2
197	42	2
564	42	2
61	43	2
43	87	2
102	43	1
43	228	2
43	233	2
247	43	1
43	269	2
317	43	3
441	43	1
43	477	2
526	43	2
577	43	3
86	44	2
87	44	2
92	44	2
44	103	2
44	121	2
157	44	1
165	44	2
214	44	3
44	225	1
229	44	2
358	44	3
430	44	3
44	450	2
44	533	2
45	47	1
58	45	2
45	71	1
45	120	2
137	45	3
167	45	3
197	45	2
203	45	1
251	45	3
302	45	2
370	45	2
45	371	3
45	501	3
553	45	2
73	46	2
46	79	1
89	46	3
124	46	3
134	46	2
393	46	2
467	46	3
46	544	2
46	579	2
72	47	1
144	47	2
184	47	2
241	47	1
47	268	3
291	47	1
510	47	3
47	545	1
48	75	2
48	78	1
48	79	1
48	131	3
174	48	3
236	48	3
275	48	1
314	48	3
412	48	3
597	48	1
49	96	1
129	49	2
198	49	2
49	327	1
49	439	3
49	588	1
49	595	1
410	50	2
61	51	2
51	82	1
84	51	3
51	89	3
51	95	2
133	51	1
51	218	1
51	265	3
51	280	3
386	51	1
51	395	1
428	51	1
441	51	2
51	469	3
51	496	2
559	51	1
52	67	3
94	52	1
144	52	1
204	52	3
250	52	1
52	385	3
53	78	2
53	295	3
54	64	3
92	54	1
93	54	1
54	109	2
54	115	1
54	138	3
141	54	2
54	194	1
54	205	3
54	211	2
216	54	3
54	226	2
254	54	3
54	257	2
54	282	3
330	54	1
396	54	2
427	54	1
54	460	2
512	54	2
54	567	3
79	55	3
55	116	1
138	55	3
163	55	1
214	55	1
246	55	2
55	276	2
325	55	2
55	326	1
55	383	2
463	55	3
471	55	2
492	55	2
55	541	3
55	581	3
99	56	3
56	112	3
56	199	2
56	296	2
56	449	2
140	57	3
152	57	3
71	59	3
59	178	1
59	192	3
59	231	2
349	59	3
381	59	1
59	450	2
576	59	3
59	593	2
90	60	2
60	91	1
60	94	2
60	137	1
171	60	3
60	182	3
247	60	3
396	60	1
422	60	1
60	425	1
461	60	3
60	513	3
60	531	1
595	60	3
215	61	2
61	499	3
86	62	3
62	170	1
183	62	3
62	252	3
62	479	2
62	572	3
77	63	2
100	63	3
130	63	2
63	152	1
216	63	1
280	63	1
342	63	2
487	63	3
63	524	3
63	543	2
218	64	1
64	372	1
380	64	2
448	64	2
464	64	3
64	491	2
515	64	1
65	257	2
416	65	3
445	65	3
66	76	2
201	66	2
83	67	3
104	67	2
112	67	3
170	67	1
172	67	3
188	67	3
273	67	2
274	67	3
67	298	3
335	67	3
336	67	2
462	67	3
472	67	2
566	67	3
67	567	3
577	67	1
113	68	2
195	68	2
196	68	1
68	232	3
68	312	1
403	68	2
68	532	3
69	72	2
96	69	1
309	69	3
69	311	3
331	69	2
405	69	3
413	69	1
69	557	3
70	115	2
70	273	1
298	70	2
306	70	2
70	321	3
71	180	1
71	232	3
72	131	2
72	267	2
334	72	1
599	72	1
73	146	2
201	73	3
251	73	2
73	292	1
73	354	3
73	459	1
491	73	1
499	73	1
545	73	2
73	559	2
73	571	3
75	401	1
458	75	2
75	478	3
483	75	3
76	154	2
76	207	1
76	234	2
259	76	2
573	76	3
201	77	3
213	77	1
77	249	1
77	256	3
77	281	3
342	77	1
77	508	1
77	562	3
77	574	1
187	78	3
238	78	1
304	78	2
78	554	2
79	437	3
182	80	3
203	80	1
80	237	1
80	302	1
330	80	2
334	80	1
80	414	1
421	80	3
438	80	1
80	442	2
81	85	3
81	154	3
81	352	2
81	354	2
82	109	3
149	82	3
82	153	3
82	239	3
82	333	1
339	82	2
448	82	1
119	83	1
83	145	1
84	114	3
84	135	1
160	84	3
84	173	1
179	84	1
84	194	2
221	84	3
253	84	2
84	270	3
84	350	3
84	356	3
84	379	2
84	392	2
84	397	3
547	84	3
560	84	3
84	584	3
85	433	1
88	87	2
95	87	3
87	202	2
208	87	1
556	87	3
89	461	1
191	90	3
475	90	1
92	168	2
484	92	1
93	118	3
126	93	3
172	93	3
93	192	1
217	93	2
93	290	1
328	93	1
375	93	1
415	93	1
93	468	2
473	93	2
248	94	1
373	94	2
426	94	1
490	94	1
498	94	1
565	94	2
95	100	3
95	120	3
157	95	2
161	95	3
95	192	3
235	95	1
250	95	3
95	268	3
273	95	3
95	369	1
432	95	1
543	95	2
575	95	3
131	96	3
202	97	2
313	97	3
314	97	3
97	320	1
429	97	1
453	97	3
527	97	3
98	209	2
217	98	2
227	98	1
235	98	1
305	98	2
468	98	3
494	98	3
98	509	1
98	539	2
99	143	1
241	99	1
244	99	2
363	99	1
99	456	3
100	163	2
101	146	1
101	165	1
101	269	3
101	328	3
101	463	1
551	101	3
102	111	1
176	102	2
181	102	2
102	183	1
102	245	2
102	310	2
395	102	2
102	461	2
474	102	1
522	102	3
524	102	1
528	102	1
102	581	1
332	103	3
103	338	1
104	123	3
104	136	2
104	474	3
105	472	1
492	105	2
106	191	2
106	417	1
107	121	2
540	107	3
108	141	1
164	108	3
268	108	2
108	274	3
108	284	3
108	452	2
108	592	3
176	109	3
109	299	3
334	109	1
110	139	2
110	142	3
111	119	1
111	142	3
147	111	2
209	111	1
252	111	3
335	111	2
359	111	1
111	387	3
111	419	1
470	111	3
495	111	2
111	519	1
121	112	2
394	112	2
113	205	3
348	113	1
113	392	2
480	113	2
114	169	3
379	114	3
114	426	3
114	596	2
115	307	2
370	115	2
115	413	1
148	116	3
185	116	1
209	116	2
116	252	2
116	323	1
428	116	3
452	116	2
350	117	3
402	117	1
117	506	2
118	132	1
142	118	2
118	171	3
301	118	3
118	424	3
119	284	3
120	251	2
120	346	1
356	121	1
121	377	2
353	122	2
122	360	3
122	365	2
122	421	1
430	122	2
146	124	3
124	196	3
551	124	1
125	128	1
125	261	3
418	125	3
489	125	1
389	126	1
127	130	1
134	127	3
242	127	3
404	127	2
127	569	3
136	128	3
141	128	1
217	128	2
338	128	2
482	128	3
162	129	3
129	179	2
279	129	1
291	129	1
318	129	2
374	129	1
129	378	2
407	129	2
531	129	1
129	537	3
589	129	2
130	190	2
394	130	3
574	130	3
340	133	1
210	134	1
134	371	1
134	384	1
134	556	1
135	283	2
136	159	1
136	162	3
313	136	1
136	353	3
382	136	2
136	465	2
136	518	1
137	386	2
588	137	2
546	138	2
594	138	2
139	324	3
139	428	3
509	139	3
139	527	1
140	536	2
140	555	1
160	141	1
141	207	3
258	141	2
141	286	3
141	397	2
141	420	2
161	142	2
189	142	2
142	212	3
315	142	1
361	142	2
143	535	2
591	143	1
144	234	3
145	154	1
145	206	1
211	145	3
452	145	2
145	531	3
561	145	2
156	146	1
146	348	1
359	146	2
503	146	3
146	549	1
147	238	3
271	147	3
283	147	3
147	489	1
496	147	1
147	513	2
147	560	2
147	562	2
150	188	3
150	219	1
150	598	1
290	151	3
151	292	2
514	151	3
546	151	1
158	152	1
152	197	3
152	285	3
498	152	2
520	152	1
553	152	2
208	153	3
153	242	1
447	153	3
459	153	1
154	229	2
276	154	3
154	294	2
154	434	1
476	154	1
260	155	2
155	308	3
155	493	1
193	156	3
219	156	2
156	243	3
265	156	2
357	156	1
457	156	2
438	157	2
569	157	2
193	158	2
159	196	1
159	244	3
278	159	2
159	320	2
351	159	3
159	520	1
524	159	3
160	175	3
191	160	3
436	161	3
162	446	2
455	162	3
505	163	1
586	163	3
184	164	3
164	223	1
240	164	1
357	164	1
164	442	2
164	543	3
234	165	3
243	165	3
263	165	3
165	596	1
168	198	3
169	481	3
177	170	3
170	381	2
170	383	1
403	170	1
178	171	3
523	171	1
206	172	3
172	266	2
172	366	2
315	173	2
532	173	2
174	213	1
174	366	2
174	432	3
537	174	3
174	580	2
174	584	2
247	176	3
275	176	3
263	177	2
293	177	3
177	309	3
177	376	2
177	514	3
301	178	1
178	375	1
179	195	2
179	305	2
185	180	2
180	198	2
180	244	2
180	248	1
180	308	1
180	441	3
180	505	2
181	566	1
457	182	2
460	182	1
489	182	3
288	184	1
184	570	2
230	185	2
186	387	2
187	398	3
470	187	1
482	187	3
188	347	1
188	423	2
188	449	1
220	189	3
189	243	3
433	189	3
589	189	2
190	200	1
231	190	1
485	191	3
192	213	3
319	193	1
443	194	2
195	509	3
197	232	2
417	198	3
525	199	3
210	200	2
200	215	3
453	200	3
552	200	1
347	202	2
204	473	1
206	351	3
206	564	1
207	385	2
208	261	2
210	598	3
233	211	2
211	391	3
211	438	1
267	213	2
318	213	1
213	444	1
228	214	2
215	337	1
340	215	1
216	282	3
314	216	2
217	260	2
217	377	3
455	217	1
218	255	3
219	223	2
219	293	3
333	219	1
420	219	2
481	219	1
526	219	1
220	239	2
220	339	3
435	220	1
220	465	3
220	504	2
344	221	1
288	222	1
222	331	3
303	224	2
224	446	3
224	477	3
225	305	2
225	431	3
307	226	2
226	385	3
228	254	2
229	248	2
263	229	3
376	229	3
451	231	1
231	590	2
232	304	3
232	318	1
256	235	3
235	258	1
235	528	2
236	257	3
266	236	1
236	456	2
470	236	3
236	514	1
529	236	3
237	301	2
238	337	2
569	238	1
239	245	3
239	309	1
388	239	1
239	499	1
306	241	1
241	325	1
343	241	2
241	419	3
582	241	1
337	242	3
242	389	2
242	540	2
243	290	3
243	546	3
387	244	1
287	245	1
259	247	2
405	247	3
367	248	2
249	286	3
293	249	1
251	351	1
378	251	2
552	251	1
369	253	2
458	255	3
464	258	1
518	259	2
310	260	2
260	446	2
295	261	1
521	261	2
262	326	2
521	262	1
279	263	3
268	358	1
269	580	2
270	295	2
270	359	3
270	439	1
272	296	2
439	272	2
364	273	2
273	407	2
465	273	2
564	273	3
325	274	3
274	341	3
507	274	3
275	412	3
364	276	1
278	316	2
592	278	1
282	296	1
282	361	1
282	391	2
282	447	2
315	283	2
420	283	3
283	493	2
349	284	1
423	288	2
288	426	3
288	584	3
525	292	3
293	319	1
464	293	3
582	293	1
294	322	2
317	295	1
363	295	3
295	513	1
515	295	1
298	394	3
440	298	1
454	298	2
382	299	1
400	299	3
355	300	1
300	393	3
300	519	2
570	300	1
594	302	3
398	305	1
433	305	3
310	306	3
306	400	1
329	307	2
308	323	2
590	308	1
322	310	1
310	379	3
368	311	2
320	315	2
315	488	3
342	317	2
346	318	2
440	318	2
460	318	1
319	365	1
319	442	1
320	336	1
322	462	2
414	323	1
324	501	1
437	325	3
397	327	3
414	328	2
329	472	1
332	336	2
463	332	3
346	334	3
334	406	3
486	334	1
587	334	3
347	336	2
337	401	3
337	454	1
542	338	3
339	429	2
560	339	1
425	341	2
343	390	2
520	348	2
368	350	1
534	352	2
573	352	1
373	353	2
353	540	1
368	354	1
476	354	2
354	486	3
354	512	2
355	383	1
356	374	1
357	554	2
469	359	1
360	386	2
360	400	2
496	360	1
485	361	2
361	530	1
541	362	1
363	393	1
363	453	3
366	529	1
406	367	1
367	511	1
390	368	2
368	585	1
447	371	1
469	371	2
483	371	3
535	371	1
371	550	1
411	376	2
377	579	2
413	380	1
380	592	2
416	381	2
384	410	2
384	454	3
386	395	2
534	386	1
391	459	2
504	392	1
478	394	1
583	394	2
396	473	3
409	397	2
398	596	2
401	548	3
402	443	1
591	402	1
404	599	2
505	406	1
511	406	1
409	521	3
539	412	1
413	497	1
420	532	3
422	598	3
485	425	1
425	518	2
548	430	3
576	431	3
591	431	1
549	438	2
439	471	1
439	551	3
440	443	3
455	440	2
544	443	3
451	557	2
452	533	3
548	452	3
452	555	2
556	452	2
559	452	1
453	497	3
454	517	2
457	545	3
461	500	2
466	476	1
507	466	1
470	582	1
587	470	3
572	475	2
541	477	3
478	574	1
593	479	3
583	484	2
573	488	3
578	491	3
597	491	3
503	517	1
503	563	2
503	565	3
503	586	1
504	565	3
516	508	3
527	508	1
512	553	2
517	575	1
572	521	2
588	532	1
534	590	2
542	586	1
575	553	1
570	561	1
