0	1	1
2	0	2
3	0	1
4	0	1
0	5	1
0	7	1
8	0	3
9	0	3
10	0	1
0	12	2
0	18	1
19	0	3
23	0	2
0	25	2
0	26	3
0	27	1
28	0	1
0	29	1
0	30	3
0	32	3
43	0	2
44	0	3
0	50	1
54	0	3
64	0	2
0	79	2
84	0	3
0	87	3
0	88	2
91	0	1
95	0	1
0	106	2
114	0	2
117	0	2
119	0	2
0	126	3
0	137	2
0	148	1
153	0	3
154	0	1
0	167	3
173	0	2
188	0	1
196	0	1
205	0	2
210	0	1
212	0	1
0	219	2
0	225	3
0	235	1
0	248	2
0	268	3
0	269	1
270	0	2
0	279	1
281	0	2
0	287	1
291	0	3
0	300	3
0	301	2
0	337	1
353	0	2
0	357	2
374	0	3
378	0	1
0	398	1
424	0	2
431	0	2
0	448	1
470	0	1
0	535	2
544	0	2
563	0	1
580	0	3
593	0	1
2	1	3
3	1	3
4	1	2
1	5	3
6	1	2
7	1	2
1	8	3
1	9	3
1	10	1
11	1	3
13	1	1
17	1	2
1	19	3
24	1	3
31	1	1
34	1	1
42	1	1
55	1	3
1	58	2
73	1	3
74	1	2
113	1	1
122	1	3
1	138	1
143	1	1
149	1	2
150	1	3
1	157	3
1	160	3
1	185	1
193	1	1
204	1	1
1	216	2
1	220	3
259	1	3
262	1	1
278	1	2
279	1	3
296	1	3
1	307	2
1	340	2
343	1	2
347	1	2
1	362	3
1	363	1
1	370	3
1	400	2
1	421	1
444	1	3
1	445	1
1	446	3
1	455	3
470	1	3
477	1	3
1	515	3
1	517	3
519	1	3
1	529	3
536	1	1
1	542	1
552	1	3
1	553	2
1	557	1
1	563	3
581	1	3
1	584	2
1	588	1
1	598	1
2	3	2
2	4	1
5	2	1
2	12	3
14	2	3
16	2	3
19	2	3
2	22	2
24	2	2
2	36	3
56	2	2
60	2	3
69	2	3
2	71	1
73	2	2
2	75	2
2	81	3
91	2	2
97	2	2
108	2	2
2	118	2
123	2	2
124	2	1
2	149	3
158	2	2
163	2	3
2	179	3
2	188	1
190	2	2
2	192	3
2	202	1
216	2	2
2	217	2
227	2	1
247	2	3
2	261	2
275	2	1
303	2	2
2	305	1
307	2	2
323	2	2
326	2	3
328	2	3
2	337	2
2	339	1
2	370	3
373	2	2
390	2	1
2	394	1
396	2	3
416	2	1
2	428	2
462	2	2
2	463	2
473	2	3
2	500	3
3	6	3
3	7	2
3	15	2
33	3	3
3	40	1
46	3	3
3	52	3
58	3	1
3	61	2
3	64	2
66	3	2
70	3	2
3	72	3
79	3	1
3	116	3
118	3	3
124	3	3
135	3	2
3	141	1
153	3	1
168	3	1
170	3	1
309	3	2
3	313	2
314	3	3
328	3	3
380	3	1
407	3	1
3	451	2
460	3	3
3	474	2
526	3	1
3	560	2
3	571	2
3	575	2
4	11	3
4	18	3
20	4	1
4	33	3
47	4	2
49	4	3
4	51	1
4	53	2
4	54	1
4	112	2
4	120	1
4	127	2
153	4	3
180	4	3
200	4	3
4	322	1
325	4	1
4	329	2
343	4	2
353	4	2
387	4	1
4	446	3
4	486	3
586	4	1
6	5	1
9	5	2
11	5	1
13	5	1
5	14	1
5	15	3
30	5	3
39	5	3
5	40	2
43	5	2
44	5	2
61	5	1
70	5	3
71	5	3
5	92	2
5	96	1
5	105	1
5	110	2
133	5	2
144	5	1
5	159	1
176	5	2
5	206	2
5	215	3
240	5	3
263	5	2
5	286	3
288	5	2
304	5	2
5	308	1
5	311	2
332	5	3
336	5	2
5	355	2
5	396	2
5	433	1
5	442	3
445	5	1
449	5	1
5	450	3
5	472	3
571	5	2
5	585	1
10	6	1
16	6	1
18	6	2
21	6	2
6	26	1
37	6	2
6	39	1
6	57	2
70	6	3
6	78	3
86	6	2
6	93	3
6	100	2
106	6	3
109	6	1
114	6	1
120	6	3
122	6	3
6	141	2
6	157	1
164	6	3
6	260	1
6	272	1
286	6	3
293	6	3
298	6	2
6	303	3
6	319	3
6	361	2
376	6	2
6	381	2
6	415	3
417	6	1
6	423	3
6	447	3
464	6	1
6	471	2
481	6	1
6	556	2
557	6	2
7	8	1
14	7	2
7	17	1
21	7	1
7	41	3
48	7	1
7	50	1
96	7	3
7	99	2
109	7	1
231	7	1
273	7	2
7	379	3
418	7	1
7	494	3
520	7	2
8	13	1
35	8	1
8	47	2
52	8	1
8	53	3
8	55	3
56	8	2
8	59	3
8	86	3
93	8	1
8	96	1
125	8	3
126	8	1
128	8	1
8	137	2
138	8	1
8	151	3
159	8	1
165	8	1
173	8	1
8	179	3
8	200	3
8	224	1
8	235	2
246	8	2
253	8	3
8	254	1
8	266	1
289	8	2
8	323	3
327	8	3
335	8	2
352	8	2
383	8	2
392	8	2
8	428	3
8	504	3
8	541	1
8	554	1
8	599	1
9	12	1
16	10	1
10	17	2
30	10	2
10	31	2
10	32	1
39	10	2
10	46	1
10	49	2
10	51	1
72	10	1
76	10	1
10	77	1
10	88	1
10	100	3
10	120	3
133	10	3
10	136	1
10	174	2
10	189	2
10	198	1
10	210	2
10	229	2
256	10	3
273	10	2
291	10	1
10	292	1
308	10	3
317	10	3
10	319	1
329	10	1
10	358	3
362	10	2
386	10	2
405	10	3
430	10	3
465	10	1
10	492	3
506	10	3
10	517	2
570	10	3
11	15	2
11	20	1
21	11	3
36	11	3
11	40	2
11	51	1
11	63	2
68	11	1
84	11	3
85	11	2
11	95	2
100	11	3
11	181	2
203	11	3
235	11	2
255	11	3
11	303	1
11	320	2
326	11	2
11	344	3
387	11	2
11	403	2
11	408	2
11	433	2
488	11	1
11	567	3
12	28	1
12	63	2
12	68	1
12	91	3
101	12	1
12	160	1
205	12	2
218	12	2
249	12	2
306	12	2
12	362	3
12	415	2
419	12	1
471	12	3
27	13	2
13	55	3
98	13	3
114	13	2
163	13	1
223	13	1
13	324	1
327	13	2
13	580	2
14	23	2
31	14	1
38	14	1
14	45	1
61	14	1
67	14	3
82	14	2
94	14	2
104	14	3
14	110	3
112	14	2
14	122	2
150	14	2
172	14	3
192	14	1
197	14	2
204	14	3
14	237	1
14	264	2
302	14	1
325	14	3
426	14	3
453	14	1
464	14	1
501	14	3
516	14	2
14	575	1
598	14	1
15	24	3
15	33	3
15	111	1
134	15	3
164	15	3
197	15	2
15	216	2
331	15	3
364	15	1
15	429	1
430	15	3
15	452	3
15	479	3
16	20	2
16	42	3
16	102	3
16	186	3
258	16	3
16	368	3
16	457	2
16	592	2
22	17	3
23	17	3
26	17	3
28	17	2
17	29	3
17	45	2
74	17	3
17	89	3
17	145	2
155	17	2
17	166	3
17	182	2
17	213	3
222	17	3
237	17	2
17	257	3
17	282	3
311	17	3
318	17	1
17	324	2
17	399	1
17	508	2
537	17	1
542	17	1
17	546	1
17	549	3
587	17	1
18	56	2
209	18	3
249	18	3
18	262	3
18	320	3
378	18	1
493	18	2
50	19	3
79	19	3
19	82	3
19	87	1
196	19	2
410	19	3
19	502	2
22	20	3
27	20	2
20	32	2
38	20	2
67	20	3
20	69	2
134	20	1
172	20	3
20	219	2
20	239	2
20	255	1
318	20	2
330	20	1
20	338	1
366	20	2
413	20	3
20	439	3
20	488	2
21	124	1
21	229	1
21	263	3
25	22	3
22	29	2
22	37	2
22	49	1
22	59	3
82	22	3
83	22	2
22	89	1
22	90	1
92	22	1
22	94	1
22	107	2
125	22	3
22	147	3
22	151	1
156	22	2
22	270	2
282	22	1
22	285	2
22	299	1
305	22	1
22	306	3
474	22	1
494	22	3
526	22	2
22	569	3
23	36	2
23	75	3
25	24	2
34	24	3
59	24	1
65	24	2
24	80	1
95	24	3
24	103	2
24	112	3
251	24	2
356	24	1
397	24	1
24	423	1
24	576	3
25	48	3
25	73	3
119	25	1
129	25	2
25	147	3
197	25	3
313	25	1
25	498	1
26	130	1
37	27	3
27	41	1
27	129	1
223	27	3
27	451	1
48	28	1
62	28	3
28	349	1
28	483	1
28	494	1
28	512	3
29	212	3
224	29	1
259	29	3
526	29	2
34	30	2
35	30	2
44	30	3
30	54	2
30	60	3
30	62	3
83	30	1
30	135	3
30	139	1
30	171	1
206	30	2
254	30	2
280	30	3
30	325	3
30	456	1
30	583	2
31	35	2
38	31	3
31	41	3
57	31	1
31	64	3
72	31	3
85	31	2
131	31	2
31	132	3
31	146	1
31	154	2
182	31	1
31	203	3
31	218	3
31	221	1
265	31	2
307	31	1
31	342	3
389	31	2
31	431	2
483	31	2
486	31	2
31	491	1
31	520	2
532	31	2
533	31	1
31	559	2
97	32	1
32	107	2
118	32	3
32	127	2
32	130	2
32	147	1
170	32	2
32	246	3
316	32	2
336	32	3
32	346	2
32	421	2
438	32	3
32	462	3
47	33	3
65	33	3
66	33	2
33	87	3
33	189	2
33	271	1
281	33	1
299	33	3
359	33	1
374	33	3
33	383	3
33	410	2
418	33	1
478	33	1
33	528	2
33	537	3
152	34	1
34	183	1
187	34	1
242	34	1
34	354	1
34	382	1
452	34	2
485	34	3
522	34	2
562	34	1
42	35	2
101	35	3
35	174	2
177	35	3
35	350	2
412	35	2
35	417	1
36	43	1
36	97	3
109	36	1
135	36	3
164	36	1
36	178	1
36	184	3
190	36	2
36	234	1
36	264	1
363	36	3
385	36	3
36	388	1
37	141	2
149	37	1
37	495	3
538	37	2
38	58	2
38	80	1
142	38	1
150	38	3
38	151	3
38	183	2
217	38	2
241	38	3
280	38	3
372	38	2
376	38	3
38	395	2
38	449	2
544	38	3
581	38	3
39	69	3
121	39	3
159	40	2
40	166	2
195	40	2
40	220	2
236	40	2
266	40	2
356	40	1
40	444	3
40	455	3
40	469	3
485	40	3
545	40	2
41	567	1
41	590	2
41	595	1
45	42	2
42	46	3
110	42	2
211	42	2
42	322	3
42	357	3
42	363	1
42	369	3
389	42	2
402	42	1
465	42	3
42	507	2
533	42	2
554	42	1
43	63	3
66	43	1
127	43	3
157	43	3
223	43	2
259	43	1
285	43	3
393	43	3
43	411	3
417	43	2
43	437	3
43	513	2
44	106	1
131	44	1
44	213	2
45	57	3
45	308	1
397	45	1
440	45	1
52	46	2
46	68	1
46	93	3
98	46	2
115	46	3
138	46	3
161	46	2
46	282	1
46	341	2
344	46	2
46	390	1
539	46	1
46	574	1
53	47	2
60	47	1
47	105	1
142	47	3
47	272	3
48	77	3
108	49	3
191	49	3
49	245	2
49	345	1
359	49	2
409	49	2
437	49	2
475	49	1
49	528	3
541	49	2
50	78	1
50	158	2
50	270	1
331	50	3
50	379	1
398	50	2
50	401	3
581	50	1
71	51	2
145	51	3
214	51	2
51	257	2
292	51	2
382	51	1
51	518	3
51	523	2
51	564	2
88	52	1
52	108	2
52	136	1
52	154	2
52	178	2
244	52	1
52	250	2
52	279	3
52	290	1
52	302	2
356	52	2
52	376	3
52	404	3
52	482	1
530	52	3
599	52	3
53	482	2
53	512	2
530	53	1
74	54	3
80	54	1
54	168	3
54	404	2
485	54	1
564	54	1
572	54	1
62	55	2
67	55	3
55	76	1
77	55	1
86	55	1
55	134	2
55	265	1
56	75	1
56	83	2
89	56	3
56	126	2
207	56	2
300	56	2
304	56	2
56	539	1
57	145	1
57	538	1
58	85	3
58	140	1
58	143	3
169	58	2
58	179	1
58	229	2
58	240	3
58	424	1
58	492	3
58	561	1
58	573	3
59	111	1
59	171	2
78	60	3
60	92	1
103	60	3
115	60	2
60	195	1
284	60	1
394	60	2
60	543	1
61	275	1
61	527	2
62	214	3
62	239	2
62	248	3
256	62	1
62	317	1
339	62	1
62	418	2
461	62	2
468	62	1
62	513	2
62	528	1
589	62	1
597	62	3
598	62	2
63	65	2
228	63	1
336	63	1
388	63	1
64	76	2
64	128	2
64	139	1
64	152	3
196	64	2
315	64	3
321	64	3
64	330	2
64	450	3
64	493	1
520	64	3
64	568	1
590	64	1
65	246	1
81	67	2
67	102	2
111	67	2
191	67	2
202	67	1
354	67	2
67	436	2
525	67	2
84	68	2
68	148	1
68	165	3
250	68	3
68	541	2
69	195	1
69	531	2
200	70	3
210	70	1
70	237	2
365	70	2
70	386	2
90	71	2
71	137	1
71	209	1
71	367	2
71	391	1
133	72	1
72	146	3
72	194	2
214	72	1
72	256	3
267	72	3
72	287	3
342	72	1
74	81	2
74	90	3
104	74	3
74	117	1
121	74	2
125	74	1
74	131	3
156	74	3
180	74	1
292	74	1
74	339	2
74	342	2
351	74	3
352	74	1
402	74	2
594	74	1
94	75	1
132	75	3
75	226	2
407	75	3
510	75	3
103	76	3
123	76	1
77	158	3
77	262	1
77	348	2
77	369	2
77	406	1
505	77	2
543	77	3
113	78	1
78	247	2
277	78	3
284	78	3
78	499	3
510	78	2
78	535	1
79	119	3
170	79	2
452	80	1
81	98	2
81	287	3
547	81	2
82	208	3
82	352	1
83	169	1
83	225	3
257	83	2
83	295	1
442	83	3
521	83	1
84	144	2
208	84	1
84	215	2
429	84	1
462	84	3
85	333	1
86	99	3
143	86	1
86	236	3
86	380	3
87	101	3
87	162	2
87	211	3
87	232	2
87	258	3
87	335	2
370	87	1
87	558	1
579	87	1
88	187	2
88	228	2
88	301	3
327	88	1
88	400	2
412	88	1
443	88	1
88	458	1
539	88	2
89	105	2
89	140	1
148	89	3
314	89	2
331	89	1
463	89	2
89	576	3
348	91	1
91	497	1
92	104	2
92	199	1
92	260	1
344	92	3
511	92	3
591	92	1
116	93	2
117	93	1
152	93	3
219	93	1
295	93	2
416	93	2
93	484	2
94	102	2
166	94	3
168	94	2
94	231	1
94	323	1
94	333	2
94	372	2
94	396	3
439	94	3
94	483	3
94	534	1
551	94	3
115	95	3
146	95	1
95	340	1
95	431	3
95	548	1
132	96	3
176	96	1
96	242	1
96	269	1
313	96	1
96	569	2
97	99	1
194	97	3
222	97	1
97	230	3
97	366	2
371	97	3
372	97	3
447	97	1
503	97	2
550	97	1
97	572	3
585	97	1
98	590	1
212	99	1
277	99	2
99	422	2
99	478	3
123	100	3
190	100	1
100	274	3
349	100	1
365	100	1
101	180	1
101	232	3
241	101	2
332	101	2
101	401	2
436	101	3
454	101	1
592	101	1
102	107	1
205	102	1
228	102	3
102	231	1
102	369	2
102	433	3
102	489	1
529	102	3
103	169	3
194	103	3
103	215	3
103	245	1
326	103	2
329	103	3
103	470	3
104	162	3
184	104	3
104	208	1
371	104	2
386	104	3
105	253	3
105	399	3
136	106	1
106	298	1
106	477	3
573	106	2
595	106	2
107	113	3
173	107	3
107	183	3
220	107	2
107	332	1
498	107	2
108	253	3
277	108	3
110	162	2
110	226	1
110	252	1
110	341	3
110	357	3
110	473	3
523	110	2
155	111	2
111	209	3
128	112	3
112	175	3
204	112	3
264	112	1
113	165	1
177	113	1
113	227	1
276	113	3
113	449	2
570	113	2
288	114	3
306	114	2
114	414	3
115	116	3
161	115	3
172	115	2
115	340	2
115	375	3
493	115	1
552	115	3
116	185	1
245	116	1
255	116	1
294	116	3
116	309	3
116	377	2
117	121	3
129	117	2
248	117	1
250	117	2
297	117	1
378	118	3
118	527	2
119	178	3
119	221	3
119	351	2
360	119	1
119	412	1
119	484	2
368	120	3
120	373	2
571	120	1
375	121	3
121	455	2
188	122	3
225	122	2
122	239	3
122	426	3
123	193	2
123	206	3
123	227	1
124	187	2
125	254	2
125	293	2
414	125	3
587	125	3
130	126	1
161	126	3
163	126	2
186	126	1
126	201	1
126	283	1
126	358	3
126	476	1
126	496	3
126	565	1
128	201	3
128	351	3
128	381	1
500	128	3
128	556	1
247	129	2
289	129	2
295	129	3
129	419	2
144	130	3
130	271	1
355	130	2
384	130	3
583	130	2
142	131	3
131	496	2
509	131	2
132	401	2
422	132	2
133	268	1
289	133	1
548	133	3
133	566	3
140	134	3
134	185	2
201	134	3
135	234	1
238	135	2
334	135	3
139	136	3
136	230	3
136	276	1
441	136	3
174	137	1
137	181	2
251	137	2
137	291	3
137	346	3
536	137	1
138	310	3
139	217	2
392	139	3
175	140	1
238	140	3
140	424	3
140	435	2
498	140	1
141	156	2
232	141	2
267	141	2
141	288	1
141	309	2
141	524	1
141	554	1
540	142	3
143	358	1
143	549	3
144	285	1
144	350	3
144	381	1
420	144	2
434	144	2
540	144	2
145	359	2
145	387	2
146	244	2
177	147	3
147	226	2
147	297	2
375	147	1
147	479	1
524	147	2
345	148	1
360	148	1
160	149	1
199	149	2
236	149	3
149	243	3
414	149	1
149	510	1
150	311	3
151	155	3
151	193	1
383	151	1
525	151	3
202	152	1
152	367	1
154	515	2
154	551	2
415	155	3
167	156	3
156	238	3
157	171	2
157	175	2
261	157	1
157	271	3
157	275	1
341	157	1
157	388	1
157	389	3
157	411	3
552	157	2
408	158	3
158	440	3
176	159	2
316	159	1
159	409	2
159	435	1
473	159	1
472	160	1
198	161	1
161	224	2
240	163	1
294	163	2
164	167	3
164	184	2
265	166	2
166	395	1
427	166	2
186	168	2
198	168	1
168	241	1
168	274	2
168	315	2
169	191	2
169	278	1
594	170	2
171	203	1
171	343	2
368	171	2
181	172	2
172	182	2
310	172	2
174	243	1
174	322	1
174	591	1
397	175	3
480	175	2
175	518	3
176	514	1
233	177	3
347	177	3
353	177	2
177	410	3
177	434	3
177	504	1
178	192	2
178	260	3
178	266	2
178	321	1
178	422	3
178	438	2
499	178	2
179	189	3
179	242	2
533	179	3
207	180	3
180	315	1
180	563	1
596	180	3
181	211	2
181	457	2
181	489	1
181	565	1
213	182	1
218	182	1
182	269	2
182	419	2
222	183	3
361	183	2
184	345	3
577	184	3
185	298	3
187	263	2
187	480	3
188	439	3
207	189	3
189	440	2
487	189	3
189	531	2
190	252	3
337	190	1
190	413	2
190	467	2
191	290	1
191	321	1
286	192	1
355	192	1
199	197	2
305	197	3
221	199	3
244	199	2
276	199	3
377	199	3
200	317	2
200	330	2
591	200	3
312	201	1
400	203	3
233	204	1
421	204	3
204	509	2
514	204	2
548	204	3
579	204	3
318	205	1
207	230	2
252	207	2
207	267	2
207	294	3
536	207	1
207	561	3
208	338	2
208	430	1
284	209	3
427	209	3
280	211	2
212	312	1
212	519	3
558	212	2
213	258	3
504	213	2
360	214	1
393	214	3
447	214	2
215	392	2
555	216	2
217	550	3
234	218	3
218	243	3
488	218	1
218	558	2
219	283	1
435	219	3
466	219	2
219	487	1
219	503	3
432	220	1
589	220	3
221	562	3
290	222	3
223	251	1
224	586	3
296	225	3
225	529	1
349	228	2
228	385	1
228	405	3
228	513	3
566	228	1
229	380	2
523	229	1
233	230	3
230	466	3
231	281	2
231	301	2
231	593	2
273	232	3
283	232	3
300	232	1
232	319	1
395	232	1
232	595	3
249	233	1
511	234	2
524	234	1
234	582	2
297	236	1
350	236	1
324	237	2
261	238	2
540	238	3
238	566	3
239	403	1
499	239	2
551	239	2
459	240	2
240	577	3
240	579	2
242	268	1
302	243	2
244	464	2
484	246	3
246	502	1
246	553	1
247	293	3
314	247	1
398	247	1
405	247	3
249	391	3
249	432	3
334	252	2
252	394	1
253	333	2
253	406	1
458	253	2
461	253	1
490	253	3
272	254	1
379	254	2
446	254	1
254	502	2
546	254	2
475	255	2
255	560	3
257	278	3
460	257	1
258	384	2
259	420	2
259	472	2
260	274	3
260	304	1
260	427	2
429	260	1
260	459	3
468	260	1
260	597	1
501	261	3
564	261	3
262	454	1
262	584	2
263	320	2
263	425	2
264	423	2
264	521	1
469	265	2
451	266	1
267	578	2
587	268	2
453	269	2
269	490	3
275	443	1
505	277	1
512	277	2
346	278	1
278	364	2
278	444	2
467	278	1
279	403	1
280	441	2
338	282	3
282	516	1
461	284	1
286	299	2
407	287	1
289	296	3
289	468	1
505	289	1
597	289	1
478	290	3
366	291	1
293	508	2
294	454	3
463	297	1
501	297	2
297	545	3
298	546	2
312	299	3
411	299	1
300	316	3
575	300	3
374	301	3
426	301	3
448	301	1
457	301	3
582	301	1
301	583	2
480	302	2
302	497	3
503	302	3
361	303	1
310	305	1
308	506	2
390	309	3
309	441	2
311	547	3
312	364	2
315	334	3
315	382	3
511	316	2
317	508	1
347	318	2
335	321	3
321	492	1
321	580	3
406	322	1
556	322	1
324	328	1
371	324	1
324	442	2
354	325	3
448	325	3
325	495	2
326	399	3
326	466	1
327	521	2
330	467	2
393	331	2
402	331	2
594	332	3
334	377	3
425	335	3
337	482	2
337	578	2
518	339	1
341	460	3
425	343	3
506	343	2
348	344	3
537	344	2
553	344	3
345	450	3
345	522	2
345	572	1
385	347	1
408	347	1
348	373	3
453	348	1
349	367	3
420	351	3
351	437	3
596	351	3
568	354	2
355	384	1
356	365	2
356	456	2
481	356	2
495	356	1
356	507	3
547	356	2
555	356	2
479	357	2
358	404	2
557	358	2
366	568	2
367	534	2
367	567	3
599	368	3
534	369	1
476	371	1
375	565	3
376	559	2
378	391	2
500	382	2
443	385	3
385	465	2
387	475	1
487	387	2
550	388	3
389	413	3
436	390	1
490	393	1
515	396	3
396	544	2
396	574	2
491	397	3
416	399	3
400	456	3
400	486	2
401	409	1
404	516	1
404	589	3
428	405	1
405	514	1
434	410	1
410	458	1
411	496	3
412	522	3
432	413	1
415	570	1
418	542	1
538	421	3
421	582	2
422	481	2
427	469	2
545	427	3
476	429	1
445	430	3
435	509	1
438	436	1
459	436	1
559	436	2
471	439	3
443	477	1
443	549	1
444	578	3
446	491	1
532	448	2
593	450	1
530	451	1
535	458	3
562	462	2
561	463	3
472	474	3
517	472	2
473	497	2
588	479	3
525	480	1
489	484	3
560	486	1
574	488	1
576	488	1
489	543	3
577	491	3
519	494	2
555	494	1
584	499	3
502	592	1
502	596	1
506	507	3
511	527	1
531	516	2
516	573	3
520	532	2
569	520	2
585	569	2
570	586	2
588	583	1
