0	1	1
0	2	3
0	3	1
4	0	3
6	0	1
0	7	1
8	0	2
0	10	2
11	0	2
12	0	3
13	0	1
0	15	1
17	0	2
19	0	3
24	0	3
26	0	3
0	43	2
72	0	3
0	75	3
0	77	1
0	90	2
0	95	2
118	0	3
0	119	2
123	0	1
0	126	3
156	0	1
0	164	1
169	0	1
177	0	1
207	0	2
238	0	3
265	0	1
0	272	2
0	390	2
414	0	2
415	0	3
0	428	1
0	443	1
449	0	1
0	466	2
0	527	2
0	540	1
0	587	2
2	1	2
1	3	3
1	4	2
1	5	1
1	6	1
7	1	1
1	9	2
1	11	1
1	12	2
15	1	1
23	1	2
1	26	1
31	1	2
1	34	3
1	44	3
51	1	1
1	54	2
1	55	2
1	56	3
57	1	2
60	1	2
65	1	1
72	1	1
1	103	2
1	108	3
1	110	3
1	113	1
1	116	2
136	1	1
160	1	1
1	168	3
179	1	1
189	1	2
1	190	3
1	201	2
1	222	1
249	1	2
1	258	3
1	260	3
262	1	2
1	278	3
304	1	1
1	307	2
343	1	1
1	344	3
355	1	2
379	1	1
395	1	3
1	439	3
1	457	2
461	1	1
1	473	3
479	1	3
1	503	1
1	508	3
511	1	3
552	1	3
562	1	1
1	574	2
1	593	2
2	3	1
4	2	1
2	6	3
7	2	3
9	2	1
2	10	1
14	2	3
16	2	2
19	2	3
2	21	3
22	2	1
2	25	2
29	2	2
68	2	2
2	71	2
2	96	2
102	2	2
112	2	1
2	115	3
2	118	1
126	2	1
134	2	2
188	2	2
2	201	1
2	309	3
311	2	3
2	313	1
2	321	2
373	2	2
442	2	2
486	2	2
2	492	1
509	2	1
524	2	3
542	2	2
551	2	3
560	2	2
565	2	3
568	2	1
5	3	3
3	8	3
3	9	2
11	3	2
3	13	2
19	3	2
3	27	1
58	3	2
3	59	2
61	3	3
78	3	1
79	3	1
3	89	2
3	90	1
3	92	2
93	3	3
3	95	3
98	3	3
124	3	1
129	3	1
138	3	3
140	3	1
155	3	3
168	3	3
175	3	3
177	3	2
189	3	3
193	3	1
362	3	1
3	370	2
388	3	2
395	3	3
3	421	1
3	441	2
461	3	3
3	475	1
506	3	2
533	3	2
3	550	2
4	5	3
18	4	2
4	31	1
47	4	2
88	4	2
4	185	3
239	4	1
4	329	1
352	4	2
4	403	2
4	405	2
4	479	2
8	5	2
10	5	3
21	5	2
5	22	3
24	5	2
5	26	3
27	5	3
5	28	1
5	30	2
5	33	2
5	35	2
5	40	1
54	5	2
5	58	3
75	5	3
83	5	3
84	5	1
5	91	1
108	5	2
112	5	2
113	5	2
5	120	3
5	145	3
154	5	1
173	5	2
177	5	1
217	5	1
245	5	1
5	264	3
5	278	1
5	279	3
5	286	3
300	5	1
5	318	2
319	5	3
345	5	3
5	349	3
358	5	2
5	360	2
5	370	2
379	5	3
407	5	3
456	5	3
480	5	2
5	505	1
5	506	1
5	516	2
523	5	3
530	5	2
535	5	1
570	5	3
13	6	3
20	6	3
28	6	1
37	6	3
92	6	1
94	6	1
98	6	2
104	6	3
110	6	1
120	6	3
6	193	3
211	6	3
6	233	1
6	241	1
242	6	1
6	249	1
6	275	3
334	6	1
6	345	3
429	6	1
6	477	3
6	516	3
23	7	1
46	7	1
7	64	1
7	122	3
130	7	1
147	7	1
7	150	2
161	7	1
7	240	2
265	7	3
317	7	2
338	7	2
353	7	1
7	375	3
7	381	3
391	7	3
393	7	2
405	7	1
424	7	3
444	7	3
472	7	1
487	7	2
7	538	3
8	12	3
14	8	1
8	16	2
20	8	2
21	8	2
32	8	1
34	8	2
42	8	2
44	8	3
45	8	2
50	8	3
8	57	2
82	8	2
88	8	3
101	8	1
132	8	3
8	164	2
8	183	1
209	8	2
218	8	1
239	8	3
247	8	1
261	8	1
282	8	2
283	8	1
8	309	1
8	312	2
347	8	1
524	8	3
8	566	1
9	28	3
33	9	3
9	38	1
9	59	2
65	9	2
75	9	2
76	9	1
9	123	1
136	9	2
9	142	1
146	9	3
148	9	3
154	9	3
9	160	3
242	9	1
9	275	2
9	305	2
9	308	3
437	9	2
9	481	3
580	9	2
9	590	3
22	10	3
61	10	1
62	10	2
10	124	3
10	134	2
10	197	2
10	230	3
10	306	2
10	499	3
500	10	3
10	531	2
533	10	1
10	544	2
10	586	3
25	11	2
11	29	3
11	38	1
11	41	3
11	67	2
11	70	1
79	11	1
80	11	3
106	11	3
11	111	2
121	11	2
11	125	2
129	11	2
11	141	2
11	146	1
11	235	3
11	452	2
565	11	3
12	14	3
17	12	3
12	24	2
27	12	1
12	54	1
63	12	2
12	74	2
114	12	3
12	270	1
293	12	2
12	305	1
12	324	3
344	12	3
359	12	1
12	526	3
542	12	3
564	12	3
18	13	3
13	31	2
13	67	3
13	69	3
110	13	1
166	13	1
13	289	1
321	13	3
364	13	3
402	13	1
426	13	1
13	451	1
464	13	1
13	537	2
15	14	2
16	14	2
20	14	2
91	14	2
127	14	1
152	14	3
162	14	3
202	14	3
14	436	1
448	14	2
500	14	2
512	14	1
14	574	1
14	582	1
15	17	1
15	30	1
44	15	3
15	109	3
120	15	1
15	158	2
159	15	1
15	187	1
198	15	1
227	15	3
242	15	2
15	250	3
15	294	3
15	335	3
15	352	3
15	371	3
441	15	1
15	443	2
447	15	2
481	15	1
524	15	1
531	15	1
549	15	2
567	15	2
50	16	1
82	16	1
90	16	1
16	243	3
16	377	3
16	393	1
16	396	2
439	16	2
459	16	2
501	16	1
18	17	1
17	25	1
35	17	3
17	37	3
17	53	1
17	62	1
17	74	3
87	17	1
17	103	3
17	138	2
151	17	3
17	164	3
17	186	2
266	17	1
295	17	3
17	305	2
17	330	1
333	17	1
351	17	2
17	355	1
17	366	1
433	17	3
552	17	2
18	43	2
18	81	1
18	217	2
18	357	1
18	360	1
18	467	1
18	576	2
19	32	2
19	33	2
19	60	1
19	81	1
91	19	2
19	121	1
19	131	1
143	19	1
19	172	1
19	178	1
19	201	2
224	19	2
236	19	3
19	241	2
254	19	3
256	19	2
313	19	3
362	19	3
378	19	3
381	19	2
19	399	2
412	19	3
457	19	2
19	541	1
19	585	2
597	19	3
20	41	2
66	20	3
73	20	2
165	20	1
20	181	1
20	182	3
262	20	2
20	268	2
20	287	1
454	20	3
488	20	2
514	20	2
20	547	3
36	21	2
21	61	1
21	115	3
21	196	2
21	208	2
21	212	3
21	512	3
563	21	2
23	22	3
46	22	1
22	50	3
55	22	1
22	86	3
111	22	1
22	149	2
159	22	2
22	210	1
244	22	3
22	263	3
22	273	2
279	22	1
327	22	2
374	22	2
398	22	2
407	22	2
23	30	1
23	32	1
23	55	2
23	126	2
557	23	2
23	594	3
29	24	2
36	24	3
24	52	2
24	85	3
93	24	2
205	24	3
24	213	1
24	218	1
24	233	2
24	293	3
337	24	1
24	359	1
24	382	2
24	393	2
578	24	1
35	25	3
25	36	2
39	25	2
25	46	2
47	25	3
25	48	1
25	52	2
66	25	3
25	76	3
25	107	2
25	121	3
25	158	3
159	25	3
166	25	3
200	25	2
280	25	1
25	283	2
25	287	3
25	303	2
311	25	1
318	25	1
319	25	1
25	330	2
336	25	3
25	377	2
25	384	1
25	410	2
466	25	3
25	472	3
25	474	1
25	497	3
39	26	2
26	41	3
42	26	1
26	88	1
101	26	3
26	116	2
133	26	1
156	26	2
26	183	1
258	26	1
288	26	3
26	320	3
26	336	3
26	383	3
445	26	1
521	26	3
571	26	3
26	576	2
26	577	1
48	27	1
65	27	2
27	122	1
27	220	3
27	318	1
425	27	2
27	438	1
536	27	2
49	28	3
73	28	2
116	28	2
157	28	2
28	160	1
28	213	1
271	28	3
28	390	3
463	28	3
77	29	3
29	84	1
29	176	1
29	291	2
389	29	3
29	477	2
29	482	1
585	29	2
34	30	3
43	30	2
30	52	3
85	30	3
30	139	3
179	30	1
30	197	2
30	203	3
261	30	2
323	30	3
30	336	2
386	30	3
420	30	3
30	483	3
30	497	3
530	30	3
31	235	2
31	285	2
326	31	1
32	38	2
49	32	3
63	32	3
32	78	2
32	128	2
146	32	3
32	211	2
270	32	3
358	32	2
32	365	2
32	450	1
32	451	3
33	40	1
69	33	1
33	148	3
184	33	3
33	197	3
276	33	1
33	333	3
468	33	2
33	543	3
568	33	1
34	63	3
144	34	2
34	167	1
34	218	2
34	289	3
34	325	3
332	34	2
537	34	2
34	583	3
42	35	3
83	35	2
35	89	2
100	35	3
35	150	1
35	172	3
176	35	1
195	35	1
35	196	3
35	224	1
357	35	1
36	37	1
36	57	3
62	36	2
82	36	3
36	109	1
36	117	3
123	36	2
36	157	2
36	236	3
244	36	3
36	264	2
302	36	3
36	326	1
36	431	2
37	39	2
40	37	1
45	37	2
53	37	1
37	60	3
64	37	3
74	37	2
37	86	1
37	101	3
127	37	2
37	128	1
37	131	2
37	153	3
37	170	3
192	37	1
37	216	2
249	37	3
37	284	1
317	37	2
37	359	2
37	360	3
37	436	2
37	447	3
37	453	3
37	464	3
37	472	2
577	37	2
38	115	3
132	38	3
175	38	2
247	38	3
350	38	3
38	434	2
39	45	3
39	47	2
264	39	1
51	40	3
53	40	1
70	40	3
40	81	2
135	40	3
40	142	1
40	162	1
195	40	3
209	40	2
317	40	1
40	372	1
373	40	2
40	381	3
480	40	3
67	41	1
41	94	3
223	41	3
41	296	1
340	41	1
376	41	2
426	41	3
41	439	1
41	465	2
51	42	3
42	124	3
42	183	3
203	42	2
240	42	1
325	42	3
42	353	3
416	42	1
512	42	1
595	42	2
56	43	2
161	43	2
295	43	1
44	155	3
44	173	2
289	44	3
351	44	2
387	44	1
409	44	2
44	434	3
463	44	2
44	525	3
45	48	1
64	45	1
45	66	2
45	68	2
45	71	2
45	78	1
85	45	1
103	45	2
105	45	1
45	148	1
163	45	3
194	45	1
45	206	2
45	225	2
238	45	2
45	294	2
45	379	3
402	45	3
45	411	3
45	478	3
589	45	3
46	56	1
46	83	3
46	102	1
130	46	2
46	269	3
330	46	3
46	413	1
46	473	2
528	46	3
47	49	2
79	47	2
47	119	1
192	47	1
47	229	3
47	253	2
307	47	2
47	474	1
493	47	2
48	187	1
48	273	3
418	48	3
454	48	1
58	49	2
49	212	2
50	133	1
232	50	1
261	50	2
374	50	3
50	387	2
50	389	1
552	50	3
592	50	3
51	69	3
72	51	1
87	51	1
104	51	1
51	135	3
51	137	1
51	175	1
51	204	2
51	215	2
238	51	1
272	51	3
51	299	3
51	401	2
411	51	2
458	51	2
51	509	2
52	106	3
178	52	2
52	257	2
341	52	2
371	52	3
52	467	3
362	53	1
53	422	1
510	53	3
54	245	3
475	54	1
55	502	2
219	56	3
56	383	1
59	57	2
57	70	1
57	106	3
57	139	2
191	57	2
57	430	2
57	496	2
57	520	1
97	59	3
59	376	2
59	435	3
465	59	3
60	86	3
60	99	2
130	60	1
60	222	3
252	60	2
275	60	1
60	396	1
412	60	1
423	60	3
60	479	2
60	505	2
60	546	1
551	60	2
61	80	1
111	61	3
61	131	3
61	170	1
61	266	1
406	61	3
440	61	2
61	567	2
62	71	2
96	62	3
114	62	3
62	158	2
62	166	3
62	171	2
236	62	1
62	324	2
403	62	3
428	62	3
476	62	2
62	498	2
527	62	2
566	62	3
63	76	2
64	68	1
64	136	3
369	64	3
65	97	1
137	65	1
304	65	1
377	65	2
425	65	2
519	65	1
66	194	3
66	375	3
66	546	2
80	67	3
67	205	3
67	219	3
67	347	1
67	584	1
68	109	1
143	68	2
151	68	2
68	190	1
199	68	3
68	384	1
68	418	3
469	68	3
68	573	1
68	577	1
196	69	3
69	244	2
69	327	2
333	69	2
357	69	1
438	69	1
69	446	1
503	69	1
513	69	1
69	554	3
69	592	3
69	593	2
70	385	2
462	70	1
70	537	3
70	550	2
165	71	2
71	189	3
71	281	1
563	71	2
72	73	3
72	96	3
72	99	1
105	72	1
149	72	3
205	72	2
288	72	3
72	343	3
72	361	1
364	72	1
72	394	2
505	72	1
72	556	1
72	569	2
73	125	3
163	73	1
73	222	1
73	290	3
73	402	1
410	73	1
589	73	3
77	75	3
92	75	2
104	75	2
75	107	1
75	198	2
75	199	1
310	75	1
323	75	2
75	376	1
75	400	2
418	75	2
98	76	2
76	99	2
76	100	2
76	155	2
76	168	2
76	170	1
76	186	3
76	331	3
354	76	3
76	417	3
478	76	1
546	76	1
78	117	2
119	78	1
78	144	3
78	145	1
78	169	3
78	192	3
78	223	1
234	78	3
78	246	3
78	290	3
361	78	3
392	78	2
428	78	2
78	470	2
79	89	3
79	108	2
178	79	1
413	79	3
79	482	1
79	548	3
558	79	1
93	80	2
230	80	2
80	283	1
348	80	1
80	386	3
80	451	1
80	517	1
84	81	3
113	81	3
127	81	3
81	517	2
81	581	1
82	112	3
82	226	3
82	366	1
82	412	3
82	456	1
499	82	1
82	565	3
135	83	1
83	188	2
254	83	2
372	83	1
83	566	1
204	84	2
306	84	1
84	329	1
380	84	2
85	95	1
118	85	3
206	85	1
85	282	3
85	431	2
87	86	2
97	86	3
125	86	3
86	186	1
200	86	2
253	86	3
310	86	2
86	431	3
444	86	3
453	86	2
484	86	1
86	594	2
427	87	3
87	521	3
88	191	1
88	228	1
314	88	1
440	88	3
89	187	3
327	89	1
90	94	2
102	90	1
90	105	1
90	114	1
150	90	2
152	90	2
90	211	2
90	356	1
442	90	3
90	514	2
185	91	2
92	145	1
151	92	1
182	92	3
92	208	2
92	214	3
92	349	3
350	92	1
395	92	1
199	93	2
93	340	1
448	93	3
93	557	2
100	94	1
117	94	3
195	94	2
94	241	1
94	286	3
335	94	2
94	338	2
382	94	3
94	446	1
488	94	2
94	543	3
129	95	1
95	137	1
478	95	1
95	575	2
153	96	3
368	96	1
96	570	2
97	132	2
174	97	3
97	298	2
97	462	3
98	179	1
98	250	3
98	396	2
98	496	1
128	99	2
99	248	3
99	416	3
99	522	3
99	556	1
100	214	3
100	220	2
100	292	3
297	100	3
334	100	1
363	100	2
100	385	2
100	423	1
100	433	2
594	100	2
107	101	3
101	172	1
101	198	1
214	101	1
237	101	2
101	281	3
101	323	3
101	361	1
237	102	3
444	102	3
102	588	2
284	103	2
252	104	3
104	274	3
292	104	3
354	104	2
363	104	3
104	449	2
567	104	2
105	153	3
257	105	3
267	105	1
105	312	3
589	105	2
122	106	3
140	106	1
106	174	1
277	106	1
106	511	2
106	544	3
107	304	3
108	234	3
235	108	2
108	296	2
109	133	1
109	202	1
109	259	3
109	288	1
109	300	1
329	109	1
109	374	1
497	109	1
184	110	3
110	216	2
340	110	1
397	110	1
437	110	3
470	110	1
111	246	3
297	111	3
298	111	3
408	111	2
554	111	2
299	112	3
419	113	2
287	114	3
430	114	3
437	114	1
486	114	3
114	553	3
138	115	3
115	256	1
115	295	1
342	115	2
116	139	2
116	169	2
173	116	3
116	255	2
282	116	3
116	286	1
302	116	2
350	116	3
143	117	3
162	117	1
194	117	1
117	438	1
517	117	2
490	118	1
118	511	3
560	118	3
119	134	1
119	147	3
207	119	3
119	230	2
314	119	3
332	119	1
119	352	1
391	119	2
420	119	3
452	119	2
212	120	1
274	120	3
296	120	3
120	320	3
380	120	3
120	394	2
121	142	2
171	121	2
121	223	1
121	284	3
346	121	1
380	121	3
447	121	2
328	122	3
122	450	1
122	545	3
122	582	2
144	123	2
123	220	3
124	163	1
124	202	1
124	217	3
124	255	3
300	124	1
124	351	3
125	232	2
302	125	1
125	310	3
125	320	2
504	125	2
487	126	2
127	140	3
127	154	2
127	520	3
185	128	3
207	128	2
128	208	1
171	129	2
542	129	2
156	130	2
161	130	3
131	252	3
400	131	1
131	411	2
131	575	3
133	342	2
468	133	2
134	141	2
134	147	3
410	134	2
486	134	1
489	134	3
134	584	1
562	135	2
167	136	1
136	231	1
136	369	3
137	141	3
221	137	3
137	251	2
260	137	3
137	294	2
356	137	2
137	369	3
137	375	2
137	499	2
141	345	3
424	141	2
141	525	2
231	142	1
181	143	3
143	526	3
143	582	1
316	144	2
145	165	2
145	243	2
152	146	2
176	146	2
209	146	1
270	146	3
146	346	2
392	146	3
146	397	3
146	409	3
421	146	1
146	495	2
146	561	1
147	149	1
147	231	1
147	266	1
147	384	3
423	147	2
147	485	2
514	147	1
522	147	1
405	148	2
180	149	1
255	149	1
216	150	3
237	150	3
239	150	3
280	150	2
150	367	2
150	386	3
562	150	1
174	151	3
229	151	2
151	256	2
460	151	2
151	493	3
151	548	3
560	151	2
151	596	1
157	152	1
152	348	1
464	152	3
153	182	2
154	247	1
154	263	3
280	154	2
322	154	1
155	184	3
155	355	2
390	155	3
167	156	3
156	257	3
273	156	2
311	156	2
519	156	3
579	156	3
188	157	3
248	157	3
276	157	2
397	157	1
406	157	1
181	158	3
159	193	3
368	159	3
162	191	2
162	532	1
163	180	2
276	163	2
163	290	3
163	314	1
348	163	1
163	570	1
164	489	2
221	165	3
489	165	3
165	504	2
458	166	1
166	544	1
167	180	1
169	250	2
169	398	2
404	170	1
449	170	2
190	171	1
171	432	1
173	301	2
559	173	3
173	593	3
174	233	1
246	174	2
174	502	2
210	176	1
331	176	2
200	177	3
177	301	2
493	177	1
177	553	1
571	177	2
583	177	3
177	597	2
253	178	3
178	430	2
538	178	3
179	215	2
179	221	3
337	179	3
448	179	2
599	179	2
180	346	1
417	180	1
204	181	1
229	183	1
183	388	1
183	445	1
579	183	1
363	184	3
366	184	2
598	184	2
185	227	1
279	185	3
299	185	1
185	469	3
185	476	2
187	495	1
269	188	3
534	189	2
219	190	2
328	190	3
407	190	2
190	519	1
225	191	2
191	228	3
265	191	1
272	191	1
191	335	1
462	191	1
191	535	1
192	225	1
192	319	1
192	420	3
243	193	3
193	285	2
194	210	1
194	267	2
194	291	3
303	194	3
427	194	2
224	195	3
195	301	1
195	414	2
196	203	3
240	196	3
196	433	3
457	196	3
197	251	3
293	197	1
197	308	2
197	370	2
198	470	1
491	198	1
337	200	2
201	389	1
213	202	3
202	339	1
202	474	2
206	203	2
203	569	2
204	341	3
541	204	1
206	227	3
206	269	3
206	331	2
206	482	2
207	277	3
344	207	3
232	208	3
259	209	3
209	518	3
210	545	3
211	382	3
515	211	3
215	212	2
212	534	3
226	213	3
213	312	3
226	214	3
214	291	3
427	214	1
347	217	3
349	217	1
219	513	1
221	234	1
262	221	2
309	221	2
221	322	2
221	400	3
406	221	2
221	541	2
222	228	2
274	222	3
222	297	3
599	222	2
245	223	2
572	224	2
263	225	1
226	547	1
227	343	1
228	267	3
459	228	3
228	481	3
229	403	1
229	461	3
230	268	1
315	230	2
339	230	2
230	341	3
358	230	3
230	409	2
230	440	3
543	230	3
230	555	2
583	230	2
590	230	2
231	356	2
231	394	1
398	232	3
233	306	3
233	591	1
234	316	1
573	234	2
235	313	1
321	235	1
235	456	3
235	575	2
587	236	1
248	237	1
238	322	1
238	404	3
238	477	1
525	238	2
268	239	2
239	326	3
239	555	2
259	241	3
242	508	1
548	242	3
243	503	3
399	245	1
277	247	3
247	303	2
307	249	3
590	249	2
251	250	2
258	250	1
271	250	3
254	251	2
251	278	1
298	251	2
315	251	2
446	251	1
453	251	1
251	502	1
378	253	2
255	371	2
256	455	3
256	513	3
315	258	2
260	259	3
259	281	1
259	285	3
259	404	3
259	419	2
585	259	3
260	367	2
260	501	1
260	518	3
328	261	3
263	578	3
490	267	3
540	267	2
267	563	1
268	271	1
467	269	3
372	270	3
270	488	1
270	551	3
581	270	3
271	530	1
480	273	3
596	273	1
292	276	3
276	534	2
460	277	2
278	364	1
278	378	2
278	452	2
316	280	2
388	282	2
421	284	1
463	284	2
284	498	2
284	500	3
435	285	1
485	285	1
285	545	1
289	521	1
289	522	3
289	572	2
596	289	1
290	572	3
291	494	1
292	469	2
292	535	2
325	293	3
408	293	2
424	293	1
518	294	3
295	490	1
508	296	2
298	387	1
592	301	3
302	414	3
303	441	3
471	303	2
304	342	2
304	483	2
305	308	2
332	308	1
308	442	3
309	415	1
419	309	3
491	309	1
507	309	3
573	309	2
310	507	1
536	311	3
339	312	1
365	315	3
315	523	2
591	315	1
498	316	2
317	501	2
318	558	2
319	365	3
319	417	3
466	319	1
586	319	1
436	320	3
549	321	2
321	587	3
324	322	1
367	322	2
322	399	1
523	322	1
531	323	2
323	539	2
569	323	2
368	328	3
328	471	3
328	492	3
329	561	2
330	334	1
331	338	1
331	391	2
494	331	3
353	332	2
332	354	2
425	332	2
429	332	2
455	332	1
588	332	2
335	455	1
335	591	3
338	494	1
413	339	3
341	483	2
492	342	1
342	515	3
373	343	1
408	343	1
343	547	1
392	344	2
580	346	3
528	349	1
529	351	1
352	507	3
354	432	3
468	354	1
354	495	2
354	586	2
355	484	3
487	355	2
401	356	1
357	422	2
532	358	1
557	358	3
359	528	3
364	504	1
385	365	2
529	365	3
581	365	1
366	383	1
559	369	1
471	370	1
432	372	3
415	377	1
506	377	2
377	599	2
382	429	2
382	465	1
382	598	1
539	383	3
383	584	3
383	598	1
540	387	3
389	416	3
394	401	2
394	445	2
394	509	3
553	394	1
394	564	2
396	422	3
396	491	1
473	399	2
399	532	1
443	404	3
450	404	1
405	435	2
406	561	2
576	406	1
407	426	1
407	588	1
454	410	1
411	510	2
412	459	1
420	460	3
434	423	2
424	574	3
516	427	2
428	510	1
428	555	3
429	533	3
433	539	3
439	476	2
439	595	3
440	556	1
440	564	1
444	458	1
456	475	2
554	458	1
485	468	3
526	473	3
559	478	3
478	578	2
481	484	1
483	496	3
486	515	3
486	597	3
497	549	2
536	502	3
550	508	2
508	558	1
538	515	2
517	529	3
518	520	1
595	524	3
525	527	1
568	537	1
580	543	1
571	545	2
568	579	2
