1	0	3
2	0	2
0	3	1
5	0	2
6	0	3
8	0	2
0	12	3
26	0	2
28	0	1
0	39	1
41	0	3
0	44	3
48	0	2
53	0	2
0	55	1
90	0	3
108	0	1
114	0	3
0	118	2
123	0	1
0	136	3
0	140	1
163	0	1
0	188	2
231	0	3
0	305	2
318	0	3
355	0	3
0	374	1
378	0	2
0	388	3
0	391	1
0	439	3
0	505	3
537	0	2
0	580	2
0	584	1
1	2	3
3	1	3
1	4	3
5	1	1
1	6	2
1	8	3
9	1	3
11	1	3
13	1	1
1	15	1
1	18	2
19	1	3
23	1	1
1	24	1
28	1	2
1	31	1
33	1	2
1	34	2
44	1	3
45	1	3
1	48	2
50	1	2
1	51	2
55	1	3
58	1	3
60	1	3
61	1	3
1	74	2
75	1	3
80	1	3
1	86	3
1	95	3
102	1	1
1	105	2
1	107	3
1	115	2
119	1	2
158	1	1
163	1	1
1	164	3
1	169	3
171	1	1
1	182	1
1	201	2
1	212	1
1	216	2
233	1	1
238	1	1
1	243	1
245	1	2
262	1	3
275	1	1
284	1	1
1	286	3
1	297	1
1	309	2
1	312	2
1	314	3
1	319	2
339	1	3
342	1	2
348	1	2
357	1	1
371	1	1
391	1	2
423	1	2
1	424	3
1	447	3
1	448	3
452	1	2
1	455	1
1	458	3
459	1	2
1	462	2
463	1	1
527	1	1
1	538	3
1	546	3
1	552	3
1	557	2
559	1	3
567	1	1
3	2	3
4	2	1
7	2	2
2	27	2
28	2	3
31	2	1
2	35	1
2	45	2
2	50	3
59	2	2
2	70	3
2	74	1
2	119	2
142	2	1
2	157	2
2	172	3
2	215	3
224	2	1
236	2	2
277	2	3
2	308	2
2	322	1
385	2	3
399	2	1
2	473	1
2	504	2
2	530	2
2	565	3
3	4	1
3	9	3
3	11	3
3	15	2
17	3	1
3	18	2
3	22	3
3	41	3
3	43	1
54	3	3
3	80	3
83	3	3
99	3	1
135	3	3
143	3	1
149	3	1
160	3	2
3	189	1
192	3	1
198	3	3
203	3	2
3	214	1
3	219	3
3	247	3
3	250	3
287	3	3
3	310	2
3	327	2
338	3	2
3	341	3
343	3	1
3	347	2
3	350	3
3	351	3
3	410	1
454	3	1
3	456	3
508	3	3
515	3	3
561	3	3
5	4	3
7	4	1
10	4	2
4	11	3
4	14	3
4	16	1
4	20	2
4	24	1
26	4	2
41	4	2
42	4	1
44	4	3
52	4	2
68	4	1
4	88	2
4	90	2
110	4	1
153	4	1
4	159	3
4	194	1
4	200	3
4	203	1
4	221	3
232	4	3
4	243	3
254	4	1
4	278	3
4	286	1
4	288	3
4	340	1
4	341	3
4	343	1
4	358	3
366	4	3
389	4	1
457	4	2
4	539	2
560	4	1
593	4	2
4	594	1
6	5	2
7	5	2
5	9	2
13	5	2
15	5	2
17	5	2
18	5	2
5	31	3
5	36	2
5	37	3
46	5	2
5	49	1
5	56	2
63	5	2
5	75	2
5	77	2
5	87	3
5	99	3
5	104	1
110	5	1
5	126	3
136	5	1
144	5	1
150	5	3
5	166	3
167	5	3
205	5	2
229	5	2
255	5	1
268	5	2
282	5	1
5	293	3
5	297	3
309	5	1
318	5	3
321	5	2
322	5	2
332	5	2
5	444	3
5	454	3
521	5	2
530	5	3
537	5	2
5	548	3
10	6	2
6	12	3
14	6	2
16	6	3
19	6	1
22	6	1
84	6	1
6	89	1
154	6	1
394	6	2
6	465	3
6	478	2
559	6	1
8	7	2
12	7	1
7	16	2
7	20	1
21	7	3
7	30	2
7	32	2
33	7	3
39	7	2
7	52	2
59	7	3
7	62	3
7	63	3
7	67	2
7	81	1
101	7	1
7	103	1
7	127	2
148	7	1
152	7	2
7	154	2
7	163	1
7	173	2
7	179	3
207	7	2
7	211	2
240	7	3
7	245	2
251	7	2
7	280	2
7	333	3
7	339	2
7	355	1
461	7	1
7	475	2
516	7	3
535	7	1
539	7	2
7	549	2
577	7	2
7	592	1
8	23	3
26	8	2
8	27	2
8	51	1
52	8	3
66	8	3
74	8	3
8	82	3
8	90	3
107	8	3
117	8	3
128	8	3
173	8	2
201	8	2
284	8	3
363	8	1
396	8	3
416	8	2
456	8	1
8	476	2
526	8	3
559	8	3
9	10	2
9	13	1
20	9	2
24	9	3
27	9	2
9	35	2
43	9	3
51	9	3
9	59	2
60	9	3
9	68	1
9	95	2
106	9	3
9	111	2
159	9	3
9	178	3
9	191	2
208	9	2
9	234	2
328	9	1
348	9	1
427	9	1
9	472	3
485	9	2
489	9	1
9	508	2
9	514	1
526	9	1
9	544	1
9	566	3
9	572	1
9	578	1
9	581	2
10	76	1
10	99	1
10	240	1
10	278	3
294	10	2
428	10	3
10	451	2
11	14	1
11	17	2
22	11	2
71	11	1
102	11	1
11	122	1
184	11	1
237	11	3
380	11	2
11	484	1
11	556	3
12	42	1
12	58	2
68	12	2
130	12	1
174	12	3
12	185	3
12	199	1
309	12	3
12	327	2
12	416	1
12	493	3
13	29	1
13	30	2
13	37	1
13	38	1
13	39	1
53	13	3
13	69	2
79	13	1
125	13	1
13	132	3
213	13	2
13	315	2
317	13	3
13	369	2
392	13	3
417	13	1
13	465	2
13	569	2
14	47	1
14	58	3
155	14	3
183	14	1
197	14	2
14	270	3
14	342	2
14	412	2
15	29	2
50	15	2
57	15	1
15	89	1
115	15	3
142	15	1
151	15	3
273	15	2
336	15	3
401	15	2
15	457	3
478	15	3
510	15	3
15	511	3
570	15	1
25	16	1
16	35	3
72	16	2
16	84	3
16	92	2
117	16	3
16	120	3
125	16	2
16	152	2
16	154	3
16	223	1
16	244	2
266	16	3
16	375	1
16	487	1
499	16	1
16	535	3
17	19	2
17	32	3
17	54	2
17	67	3
17	78	1
17	98	1
17	147	2
17	173	3
17	209	3
218	17	3
17	268	2
271	17	3
17	285	2
307	17	2
17	329	2
17	390	3
17	497	2
506	17	1
17	510	1
17	543	1
17	588	3
17	592	2
18	21	1
18	23	3
85	18	1
100	18	3
18	181	1
18	239	3
18	265	2
274	18	3
367	18	2
18	418	1
423	18	1
437	18	3
481	18	1
18	522	3
29	19	1
19	57	3
69	19	3
76	19	1
80	19	1
147	19	2
19	150	3
19	179	1
19	242	2
19	316	1
19	331	3
349	19	1
19	413	3
482	19	3
507	19	3
19	547	2
20	21	2
20	38	1
40	20	1
20	134	3
20	138	3
20	139	2
20	159	1
165	20	3
20	169	2
259	20	1
267	20	2
307	20	1
20	367	2
20	387	1
450	20	1
20	542	2
20	566	1
21	25	1
30	21	2
21	33	2
21	56	1
21	60	1
62	21	1
21	65	2
21	67	2
94	21	1
21	100	2
21	105	3
117	21	1
21	118	2
131	21	1
148	21	2
21	167	1
21	168	1
21	198	2
200	21	2
208	21	1
21	234	2
21	246	3
247	21	2
260	21	2
21	280	1
314	21	1
21	339	3
21	353	3
21	377	3
21	387	2
21	405	3
411	21	1
485	21	3
21	488	3
21	501	3
543	21	1
22	45	2
93	22	2
127	22	1
22	133	2
144	22	1
145	22	2
22	202	1
311	22	1
325	22	2
367	22	2
446	22	3
23	118	1
183	23	1
23	185	1
23	323	2
23	357	2
23	361	1
419	23	1
25	24	2
24	34	2
24	46	1
24	49	1
24	55	3
24	70	3
77	24	3
24	78	3
83	24	1
24	85	1
125	24	3
24	129	1
24	132	3
24	139	1
161	24	3
24	182	2
184	24	1
256	24	3
273	24	2
294	24	2
333	24	3
371	24	2
403	24	1
451	24	2
497	24	2
24	580	1
586	24	1
25	49	3
109	25	2
25	195	1
25	222	3
278	25	3
25	359	1
25	374	1
25	421	2
36	26	1
26	38	3
43	26	2
26	47	1
26	466	2
486	26	1
491	26	3
27	135	3
27	213	3
299	27	1
27	335	1
356	27	2
27	445	2
32	28	1
28	103	3
28	193	1
244	28	3
290	28	3
331	28	2
342	28	3
28	398	1
527	28	2
28	567	3
34	29	1
36	29	3
29	40	2
29	53	2
29	65	2
29	98	2
165	29	2
169	29	3
29	172	1
29	211	3
217	29	1
219	29	1
29	256	1
29	294	3
301	29	1
29	382	3
29	400	2
29	490	3
30	136	1
199	30	3
232	30	3
269	30	1
404	30	3
456	30	2
30	540	3
31	167	2
31	182	3
31	397	3
412	31	2
468	32	3
33	56	3
95	33	2
111	33	2
33	132	2
33	158	2
33	165	3
175	33	1
33	195	2
226	33	2
239	33	3
33	254	1
302	33	2
575	33	3
577	33	2
42	34	3
73	34	1
34	79	2
34	91	2
34	97	1
34	109	2
121	34	1
34	122	2
34	123	2
156	34	2
34	281	2
34	289	1
34	316	2
325	34	1
34	335	2
414	34	3
422	34	3
34	449	2
34	461	3
34	525	1
35	40	2
149	35	1
392	35	3
37	36	1
131	36	3
36	284	3
36	554	2
37	46	3
142	37	3
37	162	1
37	211	3
37	230	3
37	274	2
37	467	3
477	37	1
532	37	1
38	47	2
48	38	3
66	38	2
72	38	1
92	38	2
38	93	3
96	38	2
38	97	1
114	38	3
121	38	2
130	38	2
137	38	2
149	38	2
38	162	2
38	262	3
38	376	3
38	443	3
462	38	3
38	562	1
83	39	3
112	39	1
39	176	1
338	39	2
469	39	3
39	487	3
544	40	2
41	346	2
41	357	2
492	41	2
71	42	3
42	73	2
42	93	1
104	42	2
192	42	2
42	241	3
42	370	3
562	42	1
155	43	2
101	44	3
124	44	2
44	212	2
44	223	2
235	44	2
81	45	1
45	146	1
151	45	2
152	45	2
45	174	1
196	45	3
45	199	3
209	45	1
232	45	3
45	257	2
45	329	1
555	45	1
558	45	2
65	46	3
46	107	1
138	46	2
46	455	3
46	460	2
47	54	2
57	47	2
47	75	3
77	47	1
79	47	1
87	47	3
47	102	1
47	106	2
108	47	2
47	112	1
113	47	1
128	47	3
47	239	3
47	277	3
320	47	3
328	47	1
489	47	3
511	47	1
47	537	1
48	87	2
48	171	3
48	220	2
48	222	2
224	48	2
263	48	2
48	291	1
48	427	1
64	49	3
49	84	2
49	100	2
126	49	1
162	49	1
49	298	2
49	569	2
570	49	2
96	50	3
181	50	1
210	50	3
226	50	2
50	282	1
50	372	2
505	50	3
50	560	2
50	570	3
51	121	1
176	51	2
350	51	3
503	51	1
52	92	2
216	52	1
53	61	2
53	192	3
206	53	3
216	53	3
230	53	1
283	53	2
471	53	1
513	53	2
54	64	3
54	70	3
54	120	3
54	335	3
379	54	2
54	553	1
557	54	1
55	155	3
55	205	1
55	257	1
55	298	1
55	519	2
548	55	2
66	56	3
56	116	2
261	56	1
56	326	3
340	56	1
56	402	2
56	542	1
114	57	1
296	57	1
57	438	2
64	58	2
58	85	1
58	91	3
58	127	2
58	180	2
58	195	3
58	233	1
58	235	3
58	314	2
324	58	2
497	58	1
58	588	3
58	596	1
59	197	3
433	59	3
61	60	1
62	60	3
63	60	3
60	82	2
86	60	1
157	60	1
174	60	3
60	290	3
60	360	1
375	60	3
393	60	2
60	400	1
60	438	2
551	60	3
60	574	2
599	60	3
88	61	2
61	111	2
148	61	1
61	170	3
295	61	3
378	61	3
396	61	3
405	61	1
61	425	1
427	61	2
61	432	2
470	61	3
61	553	3
61	583	1
62	71	1
62	76	1
103	62	1
105	62	2
62	109	2
133	62	2
62	134	1
62	138	3
143	62	3
166	62	1
230	62	1
241	62	2
62	264	1
268	62	1
269	62	2
62	274	2
406	62	3
425	62	3
433	62	1
480	62	3
494	62	1
508	62	3
62	522	1
63	73	1
86	63	1
113	63	3
164	63	2
238	63	1
63	311	1
63	392	3
69	64	1
64	116	3
141	64	2
64	144	2
187	64	1
64	323	3
521	64	1
65	203	2
207	65	3
65	275	1
330	65	3
65	466	3
65	594	2
66	78	1
66	81	2
101	66	3
66	137	3
233	66	3
252	66	2
66	258	3
397	66	2
66	415	3
523	66	1
112	67	3
300	67	2
67	323	2
67	346	2
68	88	3
97	68	2
68	146	1
68	226	1
68	252	3
253	68	1
68	409	3
420	68	1
438	68	1
68	568	2
69	128	1
181	69	3
69	245	3
271	69	3
69	281	2
317	69	3
371	69	2
70	212	1
263	70	2
290	70	3
310	70	1
321	70	3
509	70	3
595	70	1
72	71	3
89	71	1
71	94	2
140	71	1
228	71	3
71	336	2
507	71	3
71	564	3
569	71	3
71	580	3
161	72	3
246	72	3
282	72	3
72	512	2
73	98	2
73	177	1
73	188	1
222	73	3
381	73	2
419	73	3
434	73	3
439	73	1
73	468	1
73	479	1
139	74	1
468	74	3
75	96	1
140	75	3
178	75	1
75	198	3
205	75	2
237	75	1
75	240	2
253	75	1
75	341	1
75	453	1
470	75	1
75	514	3
76	82	3
76	180	3
189	77	2
77	306	3
395	77	2
194	78	2
217	78	2
306	78	1
359	78	1
78	483	2
252	79	2
331	79	2
80	124	3
131	80	3
168	80	3
80	344	2
80	414	1
590	80	1
81	129	1
177	81	1
185	81	2
81	234	1
261	81	2
81	386	3
432	81	2
81	436	2
448	81	3
494	81	1
526	81	3
225	82	2
82	295	1
82	319	3
84	137	1
283	84	2
84	358	3
84	595	2
85	183	2
85	184	3
85	189	2
85	264	3
372	85	2
85	446	2
85	525	3
86	91	3
130	86	2
190	86	2
347	86	3
487	86	2
156	87	3
87	224	3
87	270	1
326	87	3
87	337	1
407	87	3
88	129	2
88	194	2
88	228	1
244	88	2
88	288	3
333	88	2
88	347	2
88	409	3
88	484	3
88	516	1
88	529	1
88	535	3
110	89	1
238	89	2
266	89	2
89	428	3
89	469	1
94	90	1
158	90	3
229	90	2
90	272	1
90	275	1
90	297	3
90	404	1
90	472	2
90	495	1
517	90	1
538	90	3
108	91	1
91	214	2
255	91	3
122	92	3
92	218	3
92	418	1
92	506	1
93	104	3
93	123	1
93	160	1
93	362	2
95	440	3
545	95	2
96	307	1
532	96	1
191	97	3
231	97	3
273	97	3
285	97	2
383	97	3
116	98	1
153	98	1
98	373	1
98	410	1
420	98	1
442	98	3
598	98	3
99	186	3
279	99	1
377	99	3
99	509	2
100	145	1
100	146	2
100	147	3
100	153	3
215	100	2
100	241	1
249	100	2
100	304	3
100	334	1
100	358	2
362	100	1
100	391	2
100	502	2
589	100	2
101	141	3
160	101	3
101	305	2
101	516	3
101	589	1
384	102	1
458	102	3
550	102	3
103	368	2
104	106	3
327	104	1
104	378	1
124	106	1
106	170	1
106	202	1
106	355	3
364	106	3
106	390	1
106	466	1
550	106	2
107	133	3
107	164	1
368	107	1
113	108	3
108	161	1
108	295	1
110	247	2
435	110	2
110	473	3
581	110	1
141	111	3
111	287	3
423	112	1
479	112	2
582	112	3
115	113	1
350	113	2
119	114	3
114	126	2
114	180	2
114	187	2
114	188	3
114	283	1
114	352	2
114	504	1
114	568	1
114	597	3
120	115	1
229	115	1
115	243	3
265	115	1
301	115	1
115	320	2
115	415	1
554	115	1
115	595	2
116	134	3
227	116	2
116	393	2
117	145	1
117	206	3
117	249	2
304	117	1
118	362	2
545	118	3
119	298	1
324	119	2
373	119	2
547	120	1
178	121	3
121	215	2
218	121	1
441	121	2
449	121	3
511	121	3
122	270	2
397	122	2
587	122	3
123	156	1
123	276	1
332	123	1
389	123	2
395	123	2
123	411	2
143	125	1
186	125	1
197	125	3
125	208	3
228	125	3
260	125	2
125	315	2
326	125	3
125	379	2
435	125	1
125	520	3
125	571	1
135	126	2
126	255	1
126	259	3
285	126	2
127	498	1
548	127	1
128	196	3
225	128	3
128	237	2
490	128	3
128	531	2
128	533	3
130	175	1
130	193	3
258	130	2
426	130	3
130	476	1
513	130	3
531	130	3
177	131	1
132	349	3
479	132	1
132	503	2
132	562	3
200	133	2
286	133	2
223	134	2
395	134	3
524	134	1
170	135	1
171	135	2
135	262	1
271	135	2
135	281	2
289	135	2
135	292	1
385	135	3
135	418	2
504	135	1
135	510	1
517	135	2
524	135	2
135	590	2
136	150	3
168	136	3
136	321	1
533	136	1
136	563	3
136	565	1
191	137	3
204	137	1
246	139	1
139	545	2
207	140	3
151	141	1
141	172	1
141	206	3
141	287	1
141	313	1
141	336	1
141	363	3
141	398	2
421	141	3
424	141	1
141	431	2
190	142	1
142	470	3
142	472	1
142	520	3
300	143	1
557	143	2
144	330	2
596	144	3
145	157	3
179	145	3
145	202	3
584	145	2
220	146	1
385	146	2
146	394	2
541	146	1
147	236	3
147	576	3
500	149	1
544	149	2
554	149	1
166	150	3
150	175	3
150	235	3
288	150	2
302	150	2
150	325	3
365	150	1
461	150	2
303	151	3
345	151	3
292	152	2
316	152	3
415	152	3
373	153	2
528	154	2
155	193	1
387	155	3
488	155	1
155	498	3
248	156	2
259	156	2
250	157	3
157	474	3
599	157	3
272	158	3
534	158	1
221	159	2
159	329	2
159	404	2
160	251	2
161	518	2
201	162	3
162	242	1
324	162	3
162	512	1
163	176	2
164	196	1
214	164	2
300	165	2
383	165	3
204	166	3
166	269	3
166	482	3
210	167	1
167	250	2
328	167	2
443	167	1
445	167	2
167	498	3
514	167	2
168	251	2
386	168	2
169	304	3
169	364	1
413	169	1
169	448	2
530	169	3
187	171	2
172	344	2
354	172	3
402	172	2
172	564	2
256	173	3
173	583	3
174	515	1
561	174	1
176	299	3
579	177	2
178	254	1
293	178	1
589	178	2
179	291	1
180	296	3
181	457	1
182	556	2
267	183	1
183	296	1
183	408	1
186	184	3
272	184	2
485	184	3
571	184	3
185	292	3
185	376	2
520	185	3
185	598	2
227	186	2
320	187	3
440	188	3
188	478	2
189	190	2
219	189	1
280	189	1
319	189	1
425	189	2
501	189	1
190	432	1
444	190	2
536	190	1
253	191	1
191	265	3
191	429	3
301	192	1
193	322	3
312	194	2
313	194	2
194	528	1
536	194	1
547	194	2
196	204	1
197	213	3
199	248	2
261	199	3
199	311	2
343	199	1
199	353	3
199	354	3
361	199	2
199	366	1
199	463	1
464	199	1
209	200	1
200	260	2
200	279	3
365	200	1
403	200	3
200	453	3
493	200	3
200	532	3
551	200	3
217	202	3
242	203	2
337	203	2
369	203	3
303	204	3
344	204	1
206	210	3
206	303	3
206	500	3
576	206	3
383	207	1
207	574	1
416	208	3
492	208	1
209	248	3
279	209	3
209	475	2
388	211	3
310	212	3
546	212	1
212	550	3
213	225	1
213	442	2
473	213	2
475	213	2
214	474	2
215	351	1
215	356	3
365	215	2
430	215	2
215	482	2
598	215	2
216	220	2
216	590	2
217	413	3
221	219	3
318	220	1
410	220	1
220	417	2
220	424	3
231	221	1
222	264	3
369	222	2
222	380	1
222	565	3
236	224	1
258	224	1
224	277	1
227	225	2
226	411	2
227	593	3
531	228	3
563	228	2
229	360	3
299	231	1
382	234	1
306	235	3
406	235	1
235	474	2
236	452	2
237	330	2
407	237	3
437	237	1
237	463	3
237	503	3
238	257	2
266	238	1
276	238	2
394	239	3
276	240	2
240	436	3
445	240	3
240	556	1
241	267	2
340	241	1
241	491	1
561	242	2
390	243	2
245	249	1
409	245	3
436	245	3
389	247	3
247	431	2
471	249	1
249	496	3
549	249	1
534	250	2
250	575	2
585	250	1
251	375	1
444	251	2
251	491	3
263	252	1
308	253	3
253	372	2
253	519	3
345	254	3
254	370	1
408	254	2
512	254	3
254	578	3
257	359	3
257	541	1
408	258	1
575	258	2
259	356	1
346	260	2
260	352	1
260	458	1
261	384	1
403	261	1
586	261	2
337	262	1
263	354	1
496	264	1
265	312	1
265	361	3
374	265	2
266	334	2
266	348	3
302	267	1
334	267	2
267	368	3
536	267	1
269	441	1
270	291	2
270	401	1
274	439	3
274	519	1
275	293	3
539	276	1
277	315	2
524	277	2
571	277	2
278	381	1
308	279	3
313	279	3
332	279	1
281	352	1
281	402	3
522	281	3
363	284	2
414	286	3
431	287	2
288	289	1
289	450	2
290	486	1
542	290	1
290	584	1
293	345	3
364	294	3
388	294	1
294	587	2
591	294	2
587	296	1
440	299	1
597	299	3
301	366	3
305	302	1
538	302	3
351	303	3
377	303	3
303	525	3
303	573	2
376	306	1
499	306	3
307	434	1
583	307	2
308	558	2
310	317	2
443	310	2
464	310	1
465	310	3
396	312	3
313	546	1
314	399	2
315	349	1
360	316	2
317	573	3
318	426	3
433	323	2
323	469	1
481	323	3
353	324	1
481	324	1
327	573	1
338	328	2
328	496	2
328	507	3
330	459	2
330	477	3
332	447	1
401	333	1
335	400	1
585	337	3
434	340	3
399	343	3
495	343	2
343	585	3
343	586	1
344	381	1
429	344	3
552	346	3
382	347	3
406	348	3
555	350	2
350	564	3
437	353	3
353	467	2
582	353	3
370	354	2
483	354	3
355	447	2
356	499	2
454	357	2
358	592	1
359	380	3
435	359	2
555	359	3
430	360	3
417	362	2
362	515	3
363	442	2
579	364	1
366	386	1
366	393	1
366	419	1
366	480	2
366	540	1
572	366	3
460	370	3
370	566	1
370	588	3
372	379	2
384	372	2
372	422	3
377	412	2
581	380	1
405	382	2
382	483	3
489	382	1
386	455	2
462	386	3
398	387	1
428	387	3
388	426	1
391	453	1
492	393	3
582	393	2
591	393	1
597	393	1
488	394	2
395	422	1
452	395	1
429	396	2
396	449	1
396	451	2
523	399	2
567	399	2
401	420	1
401	430	2
402	407	2
402	460	3
578	402	1
405	517	3
410	464	2
480	411	2
414	441	1
414	502	2
513	414	2
421	416	3
459	418	2
486	419	2
419	506	2
422	490	3
551	422	1
467	423	2
423	594	3
450	427	3
477	433	1
529	435	1
437	534	1
484	439	1
518	439	2
439	579	2
443	446	1
558	443	3
445	563	3
533	449	1
450	476	1
502	453	2
553	457	1
495	460	1
460	501	3
574	461	1
493	462	2
462	596	3
465	543	3
467	505	2
470	471	1
560	470	1
568	471	3
500	472	2
552	473	1
474	529	1
478	518	2
494	479	2
488	528	2
599	488	3
523	489	3
490	509	2
496	577	2
499	572	2
503	521	2
505	527	3
541	508	3
527	549	1
540	534	3
591	535	3
593	541	3
576	565	2
