1	0	2
0	2	2
0	3	1
4	0	1
5	0	3
6	0	2
8	0	1
0	9	1
12	0	3
15	0	1
0	22	1
0	31	3
0	32	1
0	38	3
39	0	3
0	52	2
0	62	3
65	0	3
89	0	3
0	92	3
156	0	1
0	163	3
179	0	1
0	190	1
223	0	1
0	235	3
0	260	3
269	0	2
275	0	1
0	304	3
312	0	3
374	0	3
383	0	2
387	0	2
422	0	3
0	439	2
0	493	2
531	0	3
550	0	3
571	0	1
580	0	3
2	1	2
3	1	3
4	1	3
1	6	3
9	1	3
19	1	2
1	20	2
23	1	3
1	28	3
30	1	2
31	1	3
1	34	1
36	1	1
1	40	1
45	1	3
51	1	3
1	52	3
1	62	3
1	72	3
1	73	2
1	82	2
95	1	2
99	1	2
126	1	3
1	134	2
1	138	1
141	1	1
1	145	3
160	1	1
1	164	3
172	1	2
1	182	3
1	221	3
1	222	3
263	1	1
267	1	3
273	1	1
286	1	3
293	1	1
301	1	1
1	337	3
380	1	3
388	1	1
1	399	1
414	1	2
422	1	2
443	1	3
491	1	2
1	500	2
507	1	1
1	508	2
526	1	3
595	1	3
1	598	2
2	3	2
4	2	1
5	2	3
7	2	3
8	2	2
2	11	2
15	2	1
18	2	1
22	2	2
2	32	1
40	2	3
2	41	3
2	55	2
56	2	2
74	2	2
83	2	2
93	2	2
2	118	3
2	119	1
131	2	3
147	2	1
161	2	1
2	191	1
2	196	1
2	212	1
226	2	2
2	283	3
303	2	2
2	312	1
318	2	1
351	2	3
2	368	2
2	390	2
2	475	2
548	2	3
2	594	3
3	6	1
9	3	3
10	3	3
3	13	2
3	17	1
20	3	1
3	26	3
3	34	2
38	3	3
48	3	2
3	57	3
3	59	1
3	61	3
63	3	1
3	75	2
80	3	2
3	84	2
90	3	2
107	3	3
3	115	3
126	3	3
133	3	3
145	3	1
3	158	3
175	3	2
3	190	2
3	199	1
3	215	1
216	3	2
229	3	2
244	3	2
254	3	2
260	3	3
265	3	2
272	3	1
3	317	2
347	3	1
348	3	1
369	3	2
3	458	3
3	460	3
3	486	1
584	3	2
3	586	3
3	591	3
5	4	3
7	4	2
10	4	3
4	12	2
13	4	3
17	4	2
4	19	1
4	21	2
108	4	2
4	114	1
117	4	2
4	143	2
4	165	3
201	4	3
4	240	1
261	4	2
265	4	1
300	4	3
4	389	1
397	4	2
410	4	2
4	454	1
464	4	2
467	4	3
4	517	3
533	4	3
575	4	2
5	8	2
13	5	1
5	15	2
5	24	3
5	29	2
5	31	1
5	71	1
5	85	3
86	5	1
5	96	3
102	5	3
5	106	3
107	5	3
120	5	2
5	146	3
5	188	3
5	197	1
5	202	3
203	5	1
214	5	2
243	5	3
275	5	3
5	278	3
311	5	2
5	316	1
5	328	3
5	347	2
382	5	1
390	5	2
5	427	2
453	5	2
5	461	3
5	467	2
492	5	2
502	5	3
548	5	3
573	5	2
585	5	2
7	6	1
6	10	3
12	6	3
6	17	1
6	20	3
6	27	1
6	33	3
69	6	2
6	85	3
6	97	3
6	105	2
6	111	3
118	6	3
6	146	3
6	157	1
178	6	1
194	6	1
231	6	1
6	242	2
275	6	3
6	293	1
319	6	3
341	6	1
6	355	1
379	6	3
6	496	1
7	11	1
14	7	2
16	7	3
21	7	3
24	7	2
30	7	3
41	7	3
7	49	2
7	68	1
76	7	2
86	7	2
7	92	1
7	93	3
7	125	1
128	7	3
7	134	3
7	148	2
7	156	2
7	169	2
197	7	1
7	248	2
250	7	2
7	257	1
7	267	3
333	7	3
7	340	1
7	401	1
418	7	2
433	7	3
449	7	3
465	7	3
7	541	1
566	7	2
576	7	1
8	27	1
8	36	1
74	8	2
124	8	1
179	8	1
8	309	1
350	8	2
363	8	3
8	468	2
498	8	2
592	8	2
18	9	1
9	24	2
46	9	3
51	9	3
56	9	1
9	98	3
109	9	1
113	9	2
124	9	1
132	9	3
9	211	3
9	213	1
263	9	3
266	9	3
9	323	1
402	9	3
9	446	2
464	9	1
475	9	2
9	488	2
10	11	1
10	28	2
48	10	3
10	54	1
58	10	3
10	66	2
75	10	1
10	82	2
100	10	3
137	10	3
140	10	3
10	207	3
217	10	1
10	230	1
10	279	3
282	10	2
10	288	1
10	302	1
337	10	3
10	354	3
10	391	3
473	10	2
10	501	3
517	10	2
10	520	1
551	10	3
568	10	3
16	11	3
22	11	2
11	26	1
11	37	1
11	45	2
11	57	3
11	73	3
87	11	1
88	11	1
11	97	3
11	110	3
112	11	1
142	11	2
150	11	1
11	181	1
11	185	3
186	11	1
286	11	1
11	289	3
11	384	3
392	11	2
444	11	3
11	450	1
497	11	1
11	509	2
11	589	3
12	14	2
16	12	2
25	12	3
12	27	2
12	37	1
53	12	1
59	12	2
61	12	1
12	66	3
76	12	1
12	78	2
104	12	2
12	110	1
116	12	1
12	127	3
131	12	2
12	143	1
146	12	1
12	187	1
194	12	1
342	12	2
12	348	1
378	12	1
12	385	2
12	436	1
455	12	1
12	482	3
12	544	2
13	14	1
13	19	3
13	34	3
207	13	3
13	336	3
554	13	3
14	30	3
14	33	3
38	14	3
43	14	3
77	14	2
14	90	3
14	98	1
14	103	3
119	14	1
150	14	1
166	14	2
14	172	2
178	14	2
189	14	2
14	291	3
424	14	3
435	14	2
14	484	1
14	507	1
520	14	1
525	14	2
14	590	1
15	26	3
15	49	1
15	50	2
15	135	3
144	15	1
154	15	2
15	280	1
15	304	3
358	15	3
15	430	3
15	463	1
15	506	2
564	15	3
596	15	3
598	15	3
18	16	2
32	16	3
16	46	3
47	16	3
93	16	1
16	95	1
16	102	1
108	16	3
122	16	3
139	16	2
160	16	1
16	163	2
16	181	3
192	16	3
16	198	2
16	201	2
203	16	1
16	214	3
218	16	2
16	235	3
237	16	1
261	16	2
291	16	3
16	359	3
16	404	1
16	406	3
16	408	1
486	16	1
16	555	1
16	557	1
16	577	2
16	596	1
17	23	2
25	17	1
28	17	2
17	35	1
17	72	1
109	17	1
17	116	1
17	173	1
17	206	2
247	17	2
254	17	2
310	17	3
319	17	2
347	17	3
377	17	1
17	400	3
445	17	2
447	17	1
17	534	3
18	39	3
18	48	3
50	18	1
18	89	1
18	152	3
162	18	2
18	239	3
254	18	3
264	18	1
18	285	2
18	292	2
18	533	1
39	19	3
19	49	2
69	19	1
120	19	2
262	19	3
315	19	3
19	340	1
19	498	1
546	19	2
19	590	3
21	20	3
20	29	2
35	20	1
37	20	1
20	40	1
43	20	1
20	53	3
20	54	3
67	20	2
121	20	2
127	20	3
232	20	1
284	20	1
20	389	2
20	411	3
20	484	2
523	20	1
21	23	1
21	42	2
56	21	1
21	58	2
21	60	1
21	74	1
21	158	3
171	21	1
21	177	2
184	21	1
203	21	2
209	21	2
326	21	2
368	21	3
379	21	3
21	388	3
21	453	2
21	477	2
482	21	1
21	527	2
36	22	1
94	22	1
22	112	1
22	113	3
136	22	1
151	22	3
22	166	1
22	189	1
196	22	2
204	22	2
22	210	3
22	231	1
241	22	3
22	242	3
22	350	3
382	22	1
22	391	2
425	22	2
474	22	2
481	22	1
514	22	3
539	22	3
23	42	1
23	43	3
46	23	1
23	64	1
23	65	3
75	23	1
23	86	3
105	23	1
234	23	3
238	23	2
277	23	3
294	23	3
23	295	1
23	361	3
535	23	1
24	25	3
24	29	1
24	55	3
24	78	2
90	24	1
24	94	2
24	102	1
104	24	1
109	24	2
114	24	1
132	24	2
24	138	1
149	24	3
24	170	2
184	24	3
24	190	2
24	213	3
281	24	1
24	334	1
353	24	1
387	24	3
24	392	1
24	411	3
419	24	3
447	24	3
465	24	3
499	24	1
24	560	1
24	575	1
579	24	2
77	25	2
25	180	1
235	25	3
25	258	1
284	25	2
323	25	1
25	369	2
25	385	3
404	25	2
25	548	1
26	45	1
26	81	1
26	117	1
26	211	3
319	26	1
26	403	2
585	26	2
27	33	2
27	57	3
27	87	3
186	27	1
206	27	3
27	230	1
27	305	1
27	370	1
27	529	2
47	28	1
50	28	1
28	77	2
82	28	1
28	88	1
28	91	1
154	28	3
28	170	1
269	28	3
28	379	2
417	28	1
545	28	3
28	570	2
29	35	1
29	51	3
29	53	1
67	29	3
29	71	3
29	76	3
29	79	3
29	89	1
137	29	1
164	29	1
167	29	3
29	174	2
177	29	2
29	187	2
252	29	1
29	253	2
372	29	1
406	29	2
431	29	3
29	455	2
29	532	3
29	599	2
42	30	1
30	87	3
157	30	3
30	310	3
30	353	2
557	30	2
31	47	2
111	31	3
31	202	3
32	44	1
32	59	1
32	61	1
63	32	1
32	147	3
178	32	1
32	187	2
32	477	3
559	32	1
72	33	1
153	33	2
33	298	2
33	301	1
339	33	2
33	410	1
440	33	2
33	472	3
34	68	3
292	34	3
34	298	3
355	34	3
380	34	3
34	505	1
52	35	2
35	66	2
35	80	3
35	84	3
35	122	1
35	126	2
35	145	2
35	161	3
225	35	2
332	35	2
438	35	2
442	35	1
518	35	1
35	550	3
35	576	1
580	35	3
36	44	3
91	36	3
218	36	2
317	36	1
36	330	3
489	36	1
36	579	1
36	597	3
37	280	2
37	374	3
37	428	2
37	575	2
38	205	3
38	251	1
63	39	3
129	39	3
233	39	2
39	289	3
480	39	2
39	513	2
40	41	3
40	131	1
344	40	3
40	365	1
135	41	1
41	451	1
41	525	3
54	42	1
81	42	2
121	42	1
42	211	1
42	274	3
282	42	2
42	306	3
42	308	3
324	42	1
42	511	3
42	581	1
42	583	3
43	44	1
43	65	3
73	43	1
84	43	2
43	91	3
43	118	3
192	43	3
43	237	2
344	43	1
43	448	2
477	43	3
43	522	3
561	43	3
44	114	1
44	117	2
44	165	1
199	44	1
44	207	3
506	44	2
45	69	3
159	45	1
217	45	3
361	45	3
45	524	3
136	46	3
241	46	2
299	46	1
46	306	2
46	357	3
46	375	3
60	47	1
47	64	2
70	47	2
47	98	2
99	47	2
47	107	1
125	47	1
47	153	1
47	200	2
245	47	2
47	259	2
273	47	2
47	278	3
281	47	1
287	47	3
47	318	2
357	47	1
47	362	1
396	47	3
47	411	2
47	417	2
47	452	2
475	47	1
505	47	3
555	47	1
570	47	3
48	183	2
48	276	2
70	49	1
130	49	3
49	141	2
49	182	1
223	50	1
50	247	3
51	55	2
79	51	2
51	99	3
51	108	2
51	151	2
51	205	3
245	51	3
412	51	2
51	418	2
51	436	1
51	469	1
83	52	3
52	116	1
52	121	3
52	162	2
263	52	2
287	52	3
326	52	3
560	52	1
53	389	2
53	494	1
54	60	3
54	70	2
54	81	3
166	54	2
300	54	1
330	54	2
54	370	1
188	55	1
55	192	3
55	244	3
55	559	2
56	198	1
220	56	3
240	56	2
343	56	1
56	486	3
56	513	3
56	586	1
58	57	3
62	57	2
64	57	3
95	57	1
104	57	2
57	113	3
139	57	3
163	57	3
57	170	1
57	175	1
57	239	3
240	57	1
57	252	3
274	57	3
325	57	1
57	445	2
57	530	2
552	57	3
553	57	2
97	58	3
167	58	3
208	58	2
58	216	1
304	58	3
58	395	3
588	58	2
58	589	3
201	59	3
220	59	1
269	59	2
59	270	3
296	59	2
352	59	2
372	59	3
59	426	3
59	476	1
59	490	2
59	529	2
547	59	3
551	59	3
159	60	2
210	60	3
60	367	1
60	503	1
61	139	1
152	61	1
61	485	1
62	220	3
365	62	1
381	62	2
62	450	1
67	63	2
297	63	1
334	63	2
63	342	1
63	349	3
63	446	2
63	569	2
64	78	3
64	101	1
129	64	2
64	142	2
64	148	3
64	149	3
181	64	1
64	267	3
64	277	1
64	367	1
459	64	1
64	580	2
65	224	2
65	499	2
68	66	2
103	66	3
66	106	3
127	66	2
66	133	1
66	151	3
66	171	3
176	66	2
66	294	1
305	66	1
349	66	2
434	66	1
436	66	3
441	66	1
473	66	2
588	66	3
67	71	3
103	67	2
119	67	3
140	67	3
67	363	3
468	67	3
68	264	3
298	68	2
68	308	3
69	79	3
115	69	3
196	69	2
69	229	3
385	69	2
502	69	1
69	598	1
70	316	1
71	96	2
71	147	1
212	71	3
373	71	1
71	570	2
578	71	3
72	122	1
225	72	2
257	72	3
279	72	2
290	72	1
72	321	2
339	73	2
388	73	2
291	74	1
80	75	1
346	75	3
75	386	3
75	400	1
514	75	1
76	169	2
221	76	1
76	343	3
501	76	3
76	520	2
77	88	3
77	191	2
249	77	3
288	77	3
77	351	2
435	77	3
77	557	2
578	77	1
584	77	3
101	78	3
78	106	3
78	136	1
156	78	3
244	78	2
78	256	2
272	78	1
416	78	1
78	429	1
432	78	3
532	78	1
78	572	3
111	79	3
79	123	1
144	79	3
168	79	2
79	205	3
258	79	2
79	273	2
378	79	3
431	79	3
79	480	2
530	79	1
596	79	3
83	80	1
80	85	1
92	80	3
80	152	3
177	80	2
219	80	2
407	80	2
424	80	3
578	80	2
582	80	2
81	120	2
155	81	1
81	208	1
288	81	2
81	434	1
472	81	3
81	595	2
223	82	3
82	251	2
308	82	3
594	82	2
83	155	3
242	83	3
83	285	3
84	266	3
364	84	2
94	85	1
100	85	3
236	86	2
86	261	2
86	447	3
86	534	1
588	86	2
123	87	2
140	87	2
161	87	2
185	87	2
87	239	2
87	302	1
87	417	1
87	546	3
96	88	2
88	101	1
88	130	1
226	88	2
355	88	1
88	397	1
456	88	2
89	182	2
89	206	3
89	357	2
90	143	3
90	195	2
90	208	2
228	90	2
233	90	3
90	394	3
497	90	2
90	522	1
91	593	3
110	92	2
92	193	3
228	92	3
492	92	3
133	93	1
264	93	2
105	94	3
95	135	1
442	95	3
112	96	2
128	96	3
96	193	3
213	96	1
96	230	2
96	256	1
540	96	2
134	97	3
148	97	3
97	155	3
401	97	1
97	404	2
420	97	1
421	97	2
98	214	1
98	231	3
255	98	2
422	98	2
100	99	1
99	234	3
521	99	2
99	597	3
100	197	1
101	115	1
144	101	3
101	167	2
227	101	3
246	101	2
101	582	1
587	101	2
138	102	3
102	175	1
371	102	1
102	444	3
123	103	3
103	303	1
549	103	1
105	457	1
106	162	1
106	174	2
106	212	2
247	106	2
271	106	3
106	321	3
345	106	1
106	425	1
471	106	1
106	546	2
565	106	3
107	157	3
193	107	1
107	243	3
246	107	1
107	249	2
107	322	3
338	107	3
125	108	2
132	108	1
189	108	3
194	108	1
108	228	3
108	457	1
109	124	1
129	109	2
109	210	2
245	109	2
278	109	3
109	504	2
109	539	2
110	363	1
111	180	3
111	185	1
111	250	2
111	283	2
111	344	2
516	111	2
112	164	3
268	112	2
112	317	3
113	128	3
113	142	2
113	227	1
114	130	1
168	114	3
114	171	3
221	114	2
114	421	1
473	114	2
114	476	3
116	322	1
116	431	3
591	116	1
117	324	2
497	117	2
512	117	2
119	158	2
120	165	2
120	200	2
290	120	2
371	120	2
120	407	2
120	544	2
120	592	3
121	297	2
121	511	2
122	168	3
183	122	2
122	224	1
122	236	1
505	122	1
199	123	3
427	123	1
455	123	1
549	123	3
124	361	3
457	124	1
124	509	3
125	141	3
176	125	2
125	179	2
125	191	3
125	266	2
125	305	1
125	405	1
125	426	3
429	125	2
439	125	1
445	125	1
125	552	3
346	126	2
126	402	1
413	126	3
126	478	2
204	127	2
127	229	3
375	127	1
256	128	2
149	129	1
198	129	1
241	129	3
282	129	1
332	129	1
510	129	1
129	527	2
533	129	1
129	537	2
129	567	1
568	129	3
130	270	1
130	318	2
130	360	3
506	130	1
150	131	3
137	132	3
132	180	1
132	253	1
283	132	3
132	558	3
592	132	2
133	442	3
133	479	2
134	169	2
134	314	1
135	236	3
135	272	1
295	135	3
374	135	3
135	427	1
510	135	1
547	135	3
565	135	2
136	173	3
136	337	1
136	419	3
137	335	2
352	137	2
172	138	1
138	373	2
563	138	1
139	176	2
139	372	2
139	571	3
154	141	3
225	141	1
141	262	3
141	270	2
141	309	1
352	141	1
401	141	2
403	141	2
409	141	1
141	586	3
218	143	3
143	376	1
159	144	3
144	511	2
153	145	3
145	286	1
145	293	2
341	145	2
145	409	1
145	451	1
470	145	3
145	474	3
478	145	3
202	146	1
146	233	3
146	255	3
146	271	1
146	333	1
387	146	2
146	474	2
556	146	1
252	147	2
315	147	1
567	147	3
148	160	2
335	148	2
397	148	1
148	481	2
217	149	2
495	149	2
149	498	3
149	542	1
537	151	3
460	153	3
561	153	1
348	154	2
156	195	3
215	156	3
156	515	2
237	157	2
487	157	3
507	157	3
174	158	2
260	159	3
559	159	3
160	324	3
161	302	3
535	163	2
285	164	3
370	165	1
165	471	1
490	165	3
375	166	3
453	166	2
328	167	1
167	469	3
168	338	2
168	381	3
504	168	3
169	307	3
169	322	3
170	195	1
170	250	3
356	170	2
170	413	3
183	171	1
171	259	2
313	171	3
171	369	1
173	172	1
172	222	2
172	448	2
173	232	3
173	313	1
173	428	1
173	463	1
173	526	1
175	342	2
177	222	3
184	178	1
178	209	1
327	178	2
178	368	2
178	515	3
178	531	1
566	178	1
180	323	2
180	435	2
542	180	3
513	182	3
186	183	3
183	188	1
183	249	3
396	183	3
406	183	1
516	183	1
183	541	2
543	183	1
296	184	2
303	184	1
184	366	3
464	184	1
483	184	3
186	204	1
187	216	1
299	187	1
187	341	1
187	376	2
188	219	2
310	188	1
189	367	3
189	543	2
248	190	3
215	191	3
299	191	1
248	193	1
194	200	2
194	234	1
194	258	3
194	313	2
359	194	3
365	194	3
472	194	3
194	535	3
194	599	3
466	195	3
196	238	1
257	196	2
320	196	1
196	405	3
552	196	2
553	196	3
550	197	1
198	377	3
198	440	2
576	198	2
199	276	1
200	209	3
255	200	1
295	200	1
307	200	2
200	311	2
200	330	2
200	345	3
350	200	2
200	403	3
200	421	1
423	200	3
446	200	3
488	200	2
200	572	3
201	312	2
329	201	2
400	201	1
462	201	1
201	467	2
201	496	3
561	201	2
202	226	2
202	334	1
536	202	1
203	238	2
203	503	3
205	356	1
527	205	2
206	471	3
207	219	2
207	508	2
208	420	1
320	209	1
210	265	2
210	358	3
547	210	3
210	567	2
212	339	2
354	213	2
213	452	2
213	524	2
214	232	2
214	328	3
489	214	1
214	493	1
216	362	1
217	246	2
396	217	1
217	465	2
218	251	1
218	296	1
346	218	2
218	426	1
218	434	1
458	218	1
227	219	2
271	219	1
551	219	2
220	345	2
284	221	3
222	224	3
268	222	1
320	222	3
222	556	3
223	380	3
508	223	3
223	521	1
287	224	1
262	225	1
470	225	2
279	226	2
226	294	1
336	226	1
226	351	3
268	227	2
419	227	1
443	227	1
321	229	3
325	229	1
229	449	2
229	590	2
432	230	3
292	231	3
360	231	2
253	232	1
315	232	3
439	232	3
232	597	2
233	366	1
452	233	3
281	234	2
311	235	2
237	277	3
238	429	1
238	496	2
238	543	2
289	239	3
239	512	1
243	242	1
244	307	3
245	309	1
327	245	2
245	371	3
245	373	1
408	245	3
343	247	2
247	354	2
481	247	2
248	574	3
331	249	1
250	574	2
251	418	2
251	487	2
503	251	2
251	553	3
252	456	3
252	581	2
382	254	2
407	254	3
255	259	1
336	255	3
255	566	3
256	274	1
256	450	2
500	258	1
259	495	2
259	562	3
260	353	3
544	260	1
276	261	1
261	362	2
261	398	2
327	262	2
461	263	2
325	264	3
265	280	3
265	414	2
266	571	3
267	306	2
384	268	1
268	526	1
268	569	1
331	269	3
340	269	2
269	409	1
412	269	2
270	290	3
270	391	1
393	270	3
314	271	3
271	332	2
338	271	3
376	271	3
271	395	1
271	448	1
271	479	2
271	504	2
537	271	3
272	364	3
485	272	2
440	273	1
274	335	3
356	275	1
405	275	2
276	331	1
276	333	2
277	449	1
278	364	1
300	281	1
476	281	1
282	314	2
283	509	3
393	286	2
286	461	3
287	297	1
349	287	2
587	287	3
288	423	3
492	288	3
290	377	1
430	290	3
290	574	3
399	291	1
291	484	1
291	500	2
515	291	3
292	564	3
558	293	3
381	294	2
390	294	2
294	485	1
295	459	2
556	295	1
579	296	3
297	394	2
298	329	2
299	301	1
299	494	3
300	359	3
316	302	2
399	302	3
425	302	3
302	438	1
302	466	2
302	490	2
525	302	2
302	541	3
518	304	3
415	305	1
312	360	2
313	394	1
424	313	1
314	423	2
386	315	1
326	317	1
329	317	2
358	317	3
318	514	1
321	428	3
321	441	1
532	321	1
542	323	2
324	413	1
437	325	1
327	383	3
328	528	3
329	384	1
329	441	1
329	536	2
589	329	3
594	329	1
534	330	3
331	482	2
331	573	1
412	332	3
332	433	1
463	332	1
491	332	3
332	545	2
333	555	3
333	563	1
335	416	3
338	432	1
415	339	2
420	340	2
340	469	3
493	342	1
538	343	1
433	344	3
346	459	2
478	346	2
569	347	1
349	386	1
393	349	2
349	408	2
350	479	2
415	351	2
529	351	3
354	366	3
357	378	3
357	410	3
357	480	1
536	357	2
539	357	3
383	359	2
359	522	2
360	398	1
362	558	3
395	366	3
545	366	3
402	368	3
371	466	1
371	521	2
416	373	2
373	591	2
530	375	2
491	377	1
378	437	2
398	380	3
540	381	3
572	381	3
384	549	3
385	523	1
389	392	1
390	451	1
519	390	3
524	390	2
462	391	1
531	391	1
454	394	2
414	395	3
396	468	2
396	483	3
396	518	2
540	396	2
397	528	3
397	573	3
398	437	1
404	499	3
512	405	3
407	584	1
408	501	1
408	595	2
587	410	3
412	462	2
430	413	3
413	438	2
415	568	2
416	510	1
417	563	3
456	418	1
419	538	1
423	562	1
424	454	1
583	427	1
460	434	1
435	443	3
435	495	1
519	436	2
436	599	3
517	437	1
494	441	3
441	562	3
442	444	2
450	470	2
450	582	1
458	451	3
457	487	2
483	458	1
462	502	3
463	583	2
593	469	2
471	538	2
488	475	3
523	480	1
482	519	2
483	516	1
486	489	2
495	554	1
560	500	3
577	500	3
554	505	2
564	519	2
528	526	1
577	528	2
581	530	3
565	544	3
593	547	3
567	585	1
