1	0	2
0	2	2
0	3	3
0	5	1
0	7	1
0	10	3
0	13	3
0	23	3
0	24	2
0	45	3
56	0	3
57	0	1
67	0	1
0	80	2
0	83	1
0	94	3
0	133	2
145	0	3
0	149	1
0	152	3
0	156	3
0	159	2
239	0	3
245	0	1
270	0	2
0	271	3
308	0	2
315	0	1
344	0	1
384	0	3
389	0	3
0	421	3
425	0	2
441	0	3
0	443	1
0	448	1
0	480	1
0	490	2
541	0	1
2	1	2
3	1	1
1	4	1
1	6	3
7	1	1
1	8	3
1	9	2
10	1	3
11	1	1
12	1	2
14	1	2
1	15	1
1	18	2
1	20	1
1	24	1
28	1	3
31	1	2
1	32	2
44	1	3
46	1	1
1	63	3
81	1	1
1	85	1
1	96	2
103	1	1
1	106	3
1	111	2
112	1	3
1	123	2
125	1	1
1	129	2
1	138	2
1	144	1
154	1	1
171	1	3
1	177	3
209	1	1
1	220	1
229	1	3
1	247	2
1	272	1
1	300	1
1	306	1
311	1	2
1	371	2
1	386	2
1	387	1
395	1	2
1	403	1
407	1	1
428	1	2
442	1	1
1	541	1
544	1	1
1	572	1
2	3	2
4	2	1
5	2	1
2	9	2
2	18	3
2	21	1
2	22	1
30	2	3
2	33	3
2	38	2
59	2	1
66	2	2
2	68	1
2	78	1
166	2	3
2	181	3
194	2	2
2	208	2
295	2	1
299	2	3
303	2	1
314	2	3
441	2	2
2	445	3
2	496	1
513	2	3
2	575	2
2	586	1
2	589	2
4	3	3
3	5	1
6	3	2
7	3	3
8	3	3
14	3	3
3	16	3
3	23	3
24	3	3
26	3	3
29	3	1
3	35	3
37	3	3
3	39	1
44	3	3
48	3	1
3	51	1
63	3	3
3	66	2
3	68	1
3	75	3
80	3	1
3	86	1
3	92	1
95	3	2
104	3	1
105	3	2
3	106	3
3	121	3
3	129	1
3	135	2
140	3	2
158	3	1
3	162	3
3	166	2
3	170	2
3	190	3
3	207	2
212	3	1
3	222	3
225	3	2
3	243	1
3	250	3
254	3	3
261	3	1
270	3	3
290	3	3
3	302	3
331	3	2
341	3	2
3	350	1
376	3	3
3	417	2
446	3	1
3	484	2
3	492	2
3	495	1
3	508	3
17	4	1
4	19	2
4	28	1
4	31	2
4	40	3
4	65	2
4	70	3
4	74	1
82	4	1
98	4	2
114	4	1
4	147	1
4	152	1
168	4	2
4	169	2
4	171	1
175	4	1
241	4	3
4	249	3
4	304	1
327	4	3
4	354	3
4	359	1
4	398	1
420	4	1
477	4	1
4	517	1
4	531	3
4	556	3
6	5	2
9	5	3
5	10	1
5	11	1
12	5	2
5	14	1
5	17	1
5	19	2
5	20	3
5	25	2
30	5	2
41	5	1
48	5	3
73	5	2
5	78	2
100	5	1
108	5	1
113	5	3
124	5	1
131	5	1
136	5	1
148	5	3
153	5	2
163	5	2
174	5	2
192	5	2
202	5	2
5	232	3
5	273	3
5	290	3
5	298	2
5	315	1
5	355	3
358	5	3
5	401	2
5	413	1
5	416	3
421	5	2
5	454	3
5	467	3
5	471	1
5	474	1
487	5	2
5	502	3
5	510	2
5	528	3
5	538	2
5	560	2
5	563	2
5	565	3
6	8	1
6	15	3
6	18	1
6	49	1
6	76	1
130	6	1
6	179	2
196	6	2
224	6	1
242	6	1
6	249	3
256	6	2
6	276	2
6	280	2
285	6	2
326	6	3
333	6	3
6	505	2
506	6	1
6	558	2
566	6	3
7	11	2
7	19	3
30	7	2
7	54	1
7	60	1
64	7	1
100	7	1
130	7	2
7	145	2
150	7	3
7	176	3
180	7	2
7	185	2
7	191	2
7	203	3
269	7	1
7	276	2
7	341	2
7	370	3
7	384	1
7	430	2
7	434	3
480	7	1
518	7	2
7	563	1
7	587	3
12	8	3
33	8	3
8	41	2
8	57	3
8	59	3
8	62	2
108	8	1
8	149	3
8	162	2
170	8	2
8	174	3
8	217	1
219	8	3
8	555	1
9	13	2
25	9	1
36	9	2
9	38	2
42	9	1
9	43	1
50	9	3
64	9	3
9	72	3
76	9	3
9	82	3
98	9	2
9	113	3
137	9	1
138	9	1
9	190	3
199	9	1
9	221	2
9	240	1
303	9	3
322	9	1
338	9	2
9	350	3
394	9	1
413	9	3
9	454	1
9	498	2
9	507	1
9	527	2
9	539	3
588	9	3
10	16	1
26	10	1
35	10	1
10	39	2
10	47	3
53	10	1
10	68	1
10	82	3
84	10	1
10	97	2
10	107	1
10	109	3
115	10	3
148	10	1
172	10	2
173	10	1
211	10	3
239	10	2
10	259	2
292	10	2
299	10	2
10	323	3
10	373	2
10	405	1
10	429	1
10	458	3
482	10	3
10	509	3
10	552	1
584	10	2
10	593	1
15	11	1
11	41	3
51	11	3
69	11	3
99	11	2
293	11	3
11	349	3
11	354	3
368	11	3
372	11	2
11	382	3
11	479	3
496	11	3
565	11	2
12	13	1
22	12	3
12	26	3
12	57	3
74	12	2
103	12	1
155	12	2
234	12	3
258	12	3
301	12	3
380	12	1
445	12	1
32	13	2
13	87	1
17	14	3
20	14	3
14	22	3
27	14	3
34	14	2
14	44	1
14	49	3
85	14	3
88	14	2
93	14	1
94	14	1
14	99	1
121	14	2
127	14	2
133	14	3
163	14	3
14	176	1
188	14	2
14	254	3
275	14	3
14	297	1
14	360	2
14	379	2
14	431	1
14	474	3
489	14	1
560	14	1
576	14	2
16	15	2
27	15	1
42	15	3
60	15	3
135	15	1
15	186	3
15	231	2
400	15	1
15	407	2
15	466	3
21	16	3
16	58	3
60	16	2
16	61	1
73	16	1
16	83	3
89	16	3
16	104	2
16	144	1
16	167	2
16	205	2
16	284	3
16	358	1
375	16	1
16	429	3
501	16	1
506	16	2
16	520	1
28	17	1
17	85	2
107	17	1
17	219	3
17	233	1
17	247	2
295	17	1
297	17	3
306	17	1
17	366	1
367	17	3
382	17	1
399	17	3
18	154	2
18	318	2
18	335	1
361	18	3
19	21	1
23	19	1
19	32	3
19	42	2
45	19	2
47	19	1
19	61	2
83	19	3
91	19	2
19	105	2
19	119	1
19	150	1
156	19	2
198	19	2
19	216	1
227	19	3
281	19	1
352	19	1
355	19	1
19	518	2
19	557	1
19	559	1
19	582	1
56	20	2
105	20	2
167	20	1
242	20	3
20	244	2
20	255	2
20	360	3
495	20	3
20	597	2
38	21	3
21	50	3
21	56	1
59	21	3
21	61	3
70	21	2
86	21	3
21	89	1
141	21	2
154	21	3
155	21	3
21	181	3
21	193	1
223	21	3
252	21	1
337	21	1
425	21	1
21	435	3
21	436	3
21	577	2
29	22	3
87	22	1
101	22	3
22	168	3
22	252	3
327	22	1
365	22	2
377	22	2
22	444	3
22	468	2
476	22	1
22	483	3
22	489	2
25	23	1
23	27	1
36	23	1
23	52	2
71	23	3
77	23	1
79	23	2
23	81	2
90	23	3
23	91	2
23	102	3
127	23	3
139	23	2
173	23	2
248	23	2
23	279	3
23	304	1
23	313	3
23	321	1
23	326	3
346	23	1
23	374	3
23	380	2
23	458	3
574	23	3
576	23	3
597	23	3
31	24	1
24	35	2
24	36	2
24	39	2
24	81	3
24	107	3
115	24	1
24	134	1
24	160	1
24	171	1
173	24	3
195	24	2
277	24	3
286	24	3
24	334	1
346	24	3
350	24	1
24	406	3
412	24	1
24	427	2
24	475	1
24	594	3
25	226	2
25	282	3
25	339	1
465	25	3
29	26	3
63	26	3
251	26	2
26	355	2
100	27	1
27	184	1
27	273	3
300	27	1
27	330	3
28	37	2
50	28	2
28	93	2
123	28	2
125	28	2
28	129	1
28	142	3
158	28	1
192	28	3
200	28	2
28	267	2
28	299	1
326	28	1
332	28	1
336	28	2
28	466	1
573	28	2
598	28	3
29	40	2
29	70	2
29	101	2
29	117	3
191	29	1
209	29	3
232	29	1
262	29	1
311	29	2
322	29	3
29	346	3
29	398	1
404	29	1
408	29	3
473	29	1
29	494	3
29	498	1
29	536	3
576	29	2
29	581	2
30	34	1
30	55	2
30	91	2
30	95	2
110	30	3
30	111	1
123	30	2
30	131	2
30	149	3
312	30	1
371	30	1
30	415	1
435	30	1
469	30	3
30	535	1
30	537	1
30	545	2
556	30	2
572	30	1
47	31	3
77	31	3
122	31	3
31	160	1
230	31	2
257	31	3
31	450	3
32	33	2
54	32	1
32	69	2
72	32	2
115	32	1
32	188	2
230	32	1
32	343	3
34	33	3
33	52	3
58	33	2
79	33	2
33	103	2
144	33	2
163	33	1
33	230	2
236	33	2
247	33	2
282	33	3
303	33	2
33	307	2
33	314	3
332	33	2
335	33	3
381	33	3
33	424	3
33	451	1
505	33	3
33	514	2
33	566	3
71	34	3
34	84	2
86	34	3
34	274	2
398	34	3
34	471	1
510	34	2
40	35	2
43	35	1
76	35	1
92	35	2
35	136	3
147	35	3
182	35	1
241	35	2
35	253	3
289	35	3
35	301	1
35	329	3
35	394	1
35	430	2
35	449	1
488	35	3
515	35	2
37	36	3
36	43	1
62	36	1
66	36	3
36	78	3
84	36	1
36	88	3
122	36	2
36	133	3
36	170	1
191	36	1
197	36	1
205	36	3
237	36	1
244	36	1
275	36	3
36	319	1
36	324	1
36	392	2
36	411	2
451	36	2
36	516	3
37	49	2
37	51	3
37	116	1
117	37	2
37	187	1
37	333	2
37	334	3
502	37	1
37	511	2
540	37	1
45	38	3
38	55	3
38	62	3
143	38	2
175	38	2
38	233	2
256	38	1
38	263	1
38	310	1
335	38	2
482	38	1
38	559	3
38	568	2
189	39	2
203	39	3
39	204	2
262	39	1
39	268	2
271	39	3
39	293	1
39	327	2
39	330	3
39	404	2
39	414	3
514	39	2
39	553	3
53	40	1
64	40	1
65	40	1
110	40	3
40	116	3
169	40	3
40	228	1
40	259	2
41	97	3
146	41	1
161	41	3
41	203	3
41	524	1
42	46	1
42	53	1
69	42	3
42	90	3
120	42	3
128	42	3
42	193	2
196	42	2
276	42	1
309	42	1
42	314	2
42	324	3
42	412	2
497	42	2
42	500	1
42	552	3
599	42	2
43	113	2
118	43	2
178	43	1
189	43	3
43	218	3
225	43	3
43	259	2
43	357	3
43	481	3
553	43	1
46	44	3
52	44	3
44	80	2
44	116	2
44	125	2
44	182	1
183	44	1
200	44	3
206	44	3
241	44	1
274	44	1
313	44	3
44	372	3
391	44	2
422	44	3
44	472	3
509	44	3
44	596	1
45	90	3
45	138	1
165	45	2
422	45	2
504	45	1
48	46	1
46	166	3
227	46	1
237	46	2
46	440	1
46	532	2
552	46	2
47	72	2
79	47	1
47	89	1
47	119	2
47	178	2
47	210	2
47	356	3
570	47	1
48	245	3
48	343	3
440	48	2
48	455	1
555	48	3
49	141	3
341	49	1
428	49	3
49	530	1
49	548	1
235	50	1
307	50	2
50	380	3
50	512	3
50	520	1
186	51	1
202	51	3
51	213	2
51	293	3
444	51	2
478	51	1
570	51	2
54	52	1
52	55	2
52	180	3
228	52	3
52	295	2
402	52	1
53	65	3
137	53	1
422	53	3
67	54	2
54	109	3
210	54	3
54	267	2
54	307	2
417	54	1
471	54	1
58	55	2
56	147	3
151	56	2
56	159	2
175	56	1
56	181	3
312	56	3
56	414	2
459	56	2
56	534	2
56	585	1
134	57	3
57	347	1
58	71	1
58	196	3
58	201	2
228	58	3
265	58	1
305	58	3
140	59	2
59	317	1
325	59	1
59	581	3
60	75	1
77	60	1
155	60	1
60	179	1
60	325	2
375	60	2
60	499	1
60	547	3
122	61	1
61	235	2
61	248	1
62	302	2
139	63	2
64	88	3
178	64	3
205	64	2
64	439	3
470	64	3
67	65	3
65	73	1
102	65	3
65	112	3
65	211	1
65	255	2
344	65	1
347	65	3
411	65	1
427	65	2
65	526	2
65	595	3
114	66	3
120	67	1
67	146	2
67	211	1
67	232	2
250	67	2
68	96	2
124	68	2
68	340	3
425	68	1
68	547	3
579	68	1
126	69	1
69	143	2
187	69	1
209	69	2
69	250	2
69	372	3
423	69	3
426	69	2
478	69	2
511	69	2
70	128	1
70	140	2
216	70	2
70	359	3
385	70	3
485	70	2
108	71	2
183	71	3
71	264	1
71	308	1
316	71	3
71	318	3
71	419	2
71	461	1
500	71	2
215	72	3
74	73	3
75	73	2
132	73	1
134	73	1
213	73	2
214	73	3
220	73	2
73	342	3
73	519	3
73	589	1
593	73	3
92	74	1
157	74	1
74	217	2
309	74	1
318	74	1
74	460	3
74	545	2
111	75	1
75	184	1
75	208	1
75	236	1
267	75	1
302	75	3
75	336	3
75	365	2
75	392	3
75	493	1
590	75	3
121	76	3
76	168	3
76	207	1
235	76	1
76	268	3
76	362	3
76	482	2
77	165	1
264	77	1
525	77	2
118	79	3
79	130	1
79	148	2
79	195	2
79	199	2
79	204	3
234	79	2
484	79	1
79	586	2
80	212	1
301	80	2
563	80	2
81	87	1
98	81	2
81	127	1
81	238	3
81	405	2
81	410	3
81	439	2
81	536	1
81	555	3
93	82	3
82	102	3
185	82	1
82	249	1
83	220	3
83	309	3
83	418	1
558	83	3
84	151	2
218	84	2
84	419	2
84	426	1
84	433	3
99	85	2
85	118	1
238	85	3
85	286	1
95	86	2
310	86	3
86	587	2
86	595	2
87	132	2
183	87	2
277	87	1
87	452	3
88	136	1
88	174	2
88	383	2
94	89	2
89	270	2
89	305	1
330	89	1
566	89	3
97	90	2
143	90	1
90	145	3
151	90	1
90	199	2
90	262	3
90	345	3
368	90	3
454	90	3
583	90	3
109	91	1
176	91	2
91	226	2
592	91	2
93	96	3
93	101	2
93	106	2
93	153	3
213	93	2
245	93	3
93	255	2
93	260	1
93	279	3
93	285	2
290	93	1
338	93	3
93	448	2
93	470	3
93	534	3
93	592	3
110	94	1
94	132	3
152	94	2
167	94	2
316	94	1
437	94	1
94	446	2
94	551	2
591	94	1
95	289	2
376	95	3
95	406	3
95	551	1
112	96	2
96	164	2
96	229	3
96	240	1
393	96	3
462	96	3
549	96	3
556	96	2
114	97	3
97	202	2
253	97	3
97	288	3
97	402	3
97	415	1
438	97	3
97	483	2
97	523	2
97	529	3
533	97	1
98	126	2
135	98	1
172	98	3
98	336	2
390	98	1
98	536	1
99	120	1
156	99	1
99	160	1
188	99	2
193	99	3
99	246	1
339	99	1
421	99	1
561	99	3
100	194	1
100	395	1
100	404	2
459	100	1
100	513	3
575	100	2
104	101	2
101	117	2
139	101	3
101	194	3
243	101	2
101	280	2
101	362	3
101	485	2
521	101	1
234	102	1
102	467	3
369	103	3
595	103	3
159	104	1
105	119	2
105	128	1
161	105	2
105	212	2
105	292	3
105	310	1
105	363	2
400	105	3
105	417	3
491	105	3
105	528	1
537	105	1
179	106	3
204	107	1
107	453	1
468	107	1
583	107	1
161	108	3
200	108	3
108	243	2
108	287	3
108	313	2
108	409	3
108	568	3
109	284	2
396	109	3
110	296	2
110	321	2
226	111	3
284	111	1
342	111	2
428	111	1
111	547	3
554	111	2
126	112	1
112	157	1
112	190	2
112	298	2
329	112	2
112	567	1
113	182	1
113	237	3
113	474	3
113	480	2
113	501	2
520	113	2
497	114	2
165	115	3
177	115	1
201	115	3
115	223	3
420	115	1
115	517	2
116	210	3
116	456	1
116	515	2
117	185	3
117	215	3
117	221	3
117	401	3
117	583	1
124	118	1
118	157	2
118	447	1
449	118	2
118	537	3
158	119	2
177	119	1
186	119	1
198	119	2
246	119	3
286	119	3
308	119	2
311	119	3
342	119	1
119	554	3
121	131	1
164	121	2
121	195	3
121	221	3
499	121	2
150	122	1
122	153	3
192	122	2
122	251	1
546	122	3
122	591	1
123	141	2
222	123	1
277	123	2
337	123	3
437	123	3
446	123	1
124	257	1
351	124	3
125	137	1
125	142	2
125	374	2
401	125	2
125	538	2
548	125	2
142	126	2
126	184	1
126	223	1
126	320	3
439	126	1
126	465	2
127	189	3
127	377	1
367	128	2
393	128	1
443	128	3
492	128	1
128	493	1
580	128	3
129	260	3
129	269	1
129	529	3
539	129	1
130	363	2
431	130	2
453	130	1
525	130	2
214	131	2
131	599	1
172	132	2
353	132	3
132	504	2
351	133	2
423	133	2
442	133	3
550	133	1
134	162	2
197	134	3
146	136	2
136	410	1
469	136	3
266	137	3
137	351	3
137	388	1
540	137	1
138	219	1
499	138	2
549	138	3
567	139	1
140	383	3
273	141	2
248	142	1
281	142	1
164	143	1
216	143	2
231	143	1
143	256	2
143	282	2
352	143	1
479	143	2
253	144	2
144	430	1
429	145	3
145	460	3
294	147	2
399	147	2
147	408	3
467	147	2
356	148	3
463	148	1
149	477	1
151	387	2
533	152	3
540	152	1
153	464	1
266	154	3
154	291	2
426	154	2
464	154	3
376	155	1
155	522	3
156	348	2
571	156	1
240	157	3
157	353	3
157	501	2
158	414	1
159	169	1
206	159	1
390	159	3
161	320	3
161	367	2
161	441	1
161	476	2
163	503	3
163	517	2
531	164	1
167	198	2
397	167	3
594	167	3
168	487	2
444	169	1
271	170	1
170	281	2
214	172	1
172	285	3
370	172	3
450	172	3
588	172	1
180	173	1
173	504	3
173	515	3
174	323	1
473	174	2
449	175	3
175	508	2
176	208	2
319	176	1
176	340	2
373	176	3
238	177	2
177	348	3
384	177	3
424	177	2
177	550	3
371	178	3
279	179	1
357	179	2
187	180	3
586	181	1
457	182	1
261	184	1
184	304	2
184	331	1
224	185	3
332	185	2
186	242	3
186	315	2
186	488	3
222	187	2
379	187	3
187	521	2
569	187	2
187	579	1
296	188	3
348	188	2
190	272	1
378	190	1
379	190	3
190	455	2
190	468	3
191	260	2
192	486	1
193	206	3
215	193	3
193	227	2
193	231	3
193	397	3
405	193	3
411	193	1
193	436	1
193	457	1
193	472	3
503	193	1
507	193	2
193	511	3
193	523	3
193	527	1
194	197	2
218	194	2
194	278	2
287	194	2
559	194	3
254	195	2
195	406	1
432	195	3
392	196	2
386	197	3
263	198	2
268	198	1
199	283	3
200	201	3
349	200	2
366	200	1
207	201	1
244	201	1
201	459	1
201	502	2
585	201	3
594	201	1
274	203	3
375	204	2
433	204	2
464	204	1
205	236	3
205	261	1
225	207	2
278	207	1
207	498	3
208	455	3
211	339	3
213	224	2
213	265	2
213	373	2
213	562	3
445	214	3
217	216	2
216	317	3
331	216	1
216	333	3
216	364	1
512	216	3
579	216	2
415	218	2
219	239	3
219	257	2
219	263	2
219	283	3
219	359	2
347	220	1
220	420	1
434	220	3
466	220	2
220	523	1
221	258	3
221	296	3
222	460	2
321	223	2
393	223	1
361	224	2
224	369	2
418	224	1
224	490	3
305	225	3
225	369	1
229	226	3
226	385	3
424	226	1
227	246	3
410	227	2
227	495	1
534	227	1
233	228	1
278	228	3
228	312	1
228	316	3
349	228	3
399	228	1
413	228	2
483	228	1
228	527	3
228	539	3
564	229	3
230	320	2
232	374	3
390	232	3
453	233	1
234	324	2
234	396	3
235	391	1
235	514	1
235	546	2
266	239	3
438	239	2
264	240	2
240	476	3
240	494	2
551	240	3
258	242	3
242	287	1
427	242	2
473	242	2
487	242	3
512	242	1
431	243	2
479	244	3
247	288	2
248	265	3
388	248	2
397	248	2
593	248	1
249	364	3
433	249	3
251	250	1
250	252	3
577	250	2
251	525	2
580	251	3
252	364	3
516	252	2
253	294	2
253	297	1
254	291	2
571	254	2
298	257	2
257	591	1
258	269	3
291	258	1
258	535	3
259	383	2
261	272	2
261	289	3
337	262	1
262	368	2
456	262	3
262	469	3
280	263	2
263	356	1
265	283	3
574	266	1
334	267	3
510	267	2
267	584	2
269	432	1
275	270	2
497	270	1
271	317	2
329	271	1
386	271	3
403	271	1
423	271	3
488	271	2
273	545	3
274	292	3
328	274	2
443	274	1
274	542	2
274	564	1
590	276	3
322	277	1
457	277	2
582	277	3
278	294	2
278	300	1
323	278	3
370	278	2
278	395	2
278	432	3
456	278	3
477	278	3
325	279	3
279	352	2
288	280	3
494	281	3
340	283	1
283	345	1
285	542	2
286	363	2
362	287	2
382	287	2
289	462	3
519	289	2
293	306	1
293	451	2
296	328	3
365	296	3
296	533	2
296	553	3
509	298	3
354	299	2
299	378	2
486	299	2
562	299	2
462	301	3
302	328	1
389	305	2
307	550	1
345	308	1
308	366	1
309	577	2
311	319	3
311	500	3
312	344	3
438	312	3
575	312	1
400	313	1
353	319	1
361	319	1
447	319	1
320	475	1
320	561	1
391	321	2
322	396	1
448	322	2
324	343	2
403	324	2
484	324	3
568	324	1
329	524	1
338	330	3
330	493	2
381	331	1
331	389	2
409	331	2
544	331	2
592	331	3
596	333	1
335	394	3
337	526	3
598	338	1
341	378	3
418	341	3
341	452	3
409	343	3
344	516	3
360	345	2
490	345	3
347	436	2
347	485	2
538	347	3
347	596	2
348	541	2
348	572	2
416	349	1
357	351	2
358	351	2
351	416	3
352	408	2
492	356	2
402	357	1
357	590	1
358	385	1
388	360	2
360	507	1
360	526	1
518	361	1
362	407	1
364	387	3
470	364	1
519	367	3
528	368	1
368	588	3
369	440	3
370	377	3
370	503	3
376	435	3
463	377	1
378	381	2
382	535	3
558	385	2
387	437	2
505	387	3
461	388	2
434	389	2
463	389	2
419	393	1
475	394	3
398	581	2
585	399	3
412	404	2
452	404	2
404	532	3
407	589	3
450	409	3
554	410	3
573	411	1
412	543	2
489	413	2
413	529	3
587	414	2
414	597	3
544	415	1
416	508	3
417	447	1
481	417	3
532	418	2
419	491	3
530	419	2
571	419	1
420	531	2
481	423	3
425	506	3
425	580	2
461	432	2
433	442	1
465	434	3
436	491	3
458	438	3
445	472	2
543	445	2
448	478	3
450	513	1
451	521	1
543	451	3
530	454	2
522	456	2
459	560	3
469	557	3
564	469	2
486	473	1
475	524	3
477	567	2
557	481	1
489	496	1
570	494	1
501	573	2
507	574	2
522	508	1
510	569	3
569	515	1
578	517	1
542	519	3
520	565	2
523	548	3
549	524	1
598	526	1
562	534	2
538	578	2
546	542	1
599	547	3
584	549	3
554	561	3
555	582	3
578	564	2
