1	0	2
2	0	1
0	3	2
4	0	1
0	5	1
0	7	3
0	9	2
10	0	1
14	0	3
0	17	2
0	19	1
0	25	1
29	0	3
35	0	2
38	0	1
54	0	2
57	0	3
0	73	2
0	86	2
0	107	1
0	112	3
0	115	1
0	122	2
0	133	1
0	134	1
158	0	3
171	0	2
0	172	2
0	195	2
222	0	1
0	226	1
0	247	1
0	262	1
270	0	2
0	363	3
376	0	1
0	380	2
391	0	1
393	0	1
0	486	1
0	519	3
520	0	2
540	0	3
1	2	3
1	3	1
4	1	3
1	5	1
1	6	1
7	1	2
1	8	1
10	1	3
12	1	2
14	1	3
1	17	2
1	20	1
1	21	3
24	1	3
1	26	2
27	1	1
1	30	1
35	1	1
36	1	2
1	38	3
39	1	1
1	40	1
42	1	2
1	51	2
52	1	3
1	56	1
59	1	2
62	1	3
1	65	2
66	1	1
68	1	1
69	1	3
70	1	1
72	1	1
1	75	3
1	76	1
1	80	2
89	1	3
1	91	1
1	93	1
95	1	3
96	1	1
101	1	1
106	1	3
109	1	3
117	1	2
118	1	2
131	1	3
1	132	1
1	134	3
139	1	1
1	148	2
1	150	3
151	1	3
175	1	2
1	177	1
1	181	1
1	198	3
1	211	1
212	1	1
1	227	3
231	1	2
1	240	3
248	1	2
251	1	3
1	257	1
268	1	1
1	274	1
275	1	3
1	287	1
1	289	1
293	1	3
1	297	1
305	1	3
1	312	2
1	325	1
1	332	1
1	350	2
1	371	1
374	1	1
380	1	2
1	391	2
1	398	1
415	1	1
420	1	3
443	1	3
1	453	2
1	456	2
1	462	3
467	1	1
1	470	3
1	483	3
486	1	3
512	1	1
524	1	1
1	548	1
1	575	3
577	1	3
1	578	1
589	1	3
1	593	2
3	2	1
4	2	1
2	6	3
12	2	3
13	2	1
14	2	3
18	2	1
21	2	3
28	2	1
31	2	1
2	36	3
2	47	1
49	2	1
54	2	2
56	2	1
87	2	3
2	92	3
2	94	2
95	2	2
103	2	2
124	2	1
135	2	3
186	2	1
2	188	1
209	2	1
2	210	2
2	223	3
2	233	1
255	2	3
296	2	3
2	303	2
310	2	2
2	314	2
2	317	1
334	2	2
2	339	2
2	347	2
368	2	1
385	2	2
2	386	1
396	2	2
2	411	2
424	2	3
439	2	1
497	2	2
545	2	1
2	559	3
579	2	1
5	3	2
3	6	3
7	3	2
8	3	2
3	10	2
3	12	2
16	3	2
19	3	2
24	3	1
43	3	2
3	46	1
3	53	2
3	58	1
3	61	3
3	64	2
70	3	2
3	85	1
3	90	2
100	3	3
121	3	3
3	153	2
166	3	3
172	3	3
173	3	2
188	3	2
3	219	1
224	3	1
3	236	2
3	257	2
279	3	3
294	3	2
358	3	2
3	366	3
399	3	2
414	3	3
420	3	1
3	421	3
3	432	2
3	434	2
511	3	3
593	3	1
9	4	3
33	4	2
4	40	1
41	4	1
46	4	2
50	4	2
4	55	1
56	4	1
4	63	2
78	4	3
4	96	3
109	4	2
127	4	1
135	4	2
4	143	2
4	195	1
4	217	3
4	229	1
290	4	3
4	294	3
4	309	1
357	4	3
4	374	3
377	4	1
4	514	1
4	535	2
4	542	2
11	5	2
5	17	2
27	5	3
5	94	3
127	5	1
5	136	2
5	231	1
330	5	1
499	5	2
5	518	1
544	5	2
8	6	3
18	6	1
27	6	3
29	6	3
6	58	2
59	6	3
6	67	3
69	6	1
6	103	2
6	104	2
6	121	1
136	6	3
230	6	2
344	6	3
6	347	2
6	463	3
465	6	1
519	6	1
6	525	1
6	530	1
9	7	1
7	15	1
16	7	1
7	22	2
7	34	2
7	43	3
74	7	2
7	77	1
81	7	3
105	7	3
117	7	3
123	7	3
149	7	1
235	7	2
7	280	2
7	298	1
7	305	1
318	7	3
332	7	1
338	7	1
367	7	3
7	382	3
7	415	2
459	7	2
11	8	1
13	8	2
8	15	1
19	8	1
20	8	2
8	25	2
8	30	3
38	8	1
8	43	2
8	44	1
8	50	2
8	74	2
8	99	1
8	107	3
8	114	2
8	159	1
8	174	3
8	204	1
216	8	2
253	8	2
8	255	3
8	260	2
8	266	3
270	8	3
8	343	1
352	8	1
8	401	1
8	405	2
8	411	2
8	460	1
8	560	1
577	8	1
585	8	2
11	9	3
31	9	2
37	9	3
42	9	1
9	48	2
62	9	3
9	64	1
83	9	3
9	102	1
9	131	3
146	9	2
154	9	3
155	9	1
161	9	1
185	9	3
194	9	2
9	203	1
9	223	2
243	9	1
9	245	3
272	9	3
9	288	2
9	289	2
318	9	3
9	324	1
9	341	1
9	384	2
9	410	2
9	414	1
9	483	2
9	542	2
10	15	3
10	34	1
10	39	2
63	10	1
82	10	2
10	103	3
10	108	1
141	10	3
183	10	3
239	10	2
251	10	2
264	10	1
396	10	2
10	413	3
10	442	1
10	488	2
10	573	2
10	587	3
101	11	3
11	111	1
207	11	2
11	246	3
392	11	3
400	11	1
11	502	3
553	11	1
13	12	3
12	18	1
61	12	3
12	71	3
295	12	1
307	12	1
12	541	1
23	13	3
13	37	3
13	45	2
13	47	2
13	66	1
73	13	1
13	83	2
105	13	3
13	113	2
13	119	3
13	125	3
173	13	3
13	199	2
306	13	2
307	13	2
13	315	1
13	351	2
359	13	3
13	369	1
458	13	1
13	564	3
13	567	2
574	13	3
13	596	1
16	14	3
14	60	3
97	14	3
108	14	3
150	14	1
14	166	2
187	14	2
190	14	2
209	14	3
14	217	2
221	14	2
14	275	1
14	301	2
14	498	1
14	526	2
22	15	3
41	15	2
45	15	1
67	15	2
68	15	2
75	15	1
15	88	1
15	113	1
15	123	3
126	15	3
15	137	3
15	139	3
15	200	1
246	15	1
250	15	1
264	15	3
15	315	3
316	15	1
15	319	3
15	329	2
365	15	3
15	367	1
397	15	2
15	400	1
15	433	1
533	15	1
583	15	1
16	20	1
16	25	2
16	26	3
16	29	3
16	32	3
16	33	1
16	51	1
69	16	1
85	16	3
16	90	3
16	174	3
16	198	2
201	16	1
206	16	3
16	209	2
219	16	1
255	16	1
16	266	2
16	291	3
292	16	1
298	16	3
303	16	1
313	16	3
337	16	3
364	16	3
383	16	3
16	387	2
392	16	1
16	409	1
440	16	3
16	487	1
16	520	1
16	554	2
16	572	3
578	16	2
48	17	1
49	17	1
256	17	1
341	17	3
17	435	3
18	22	2
18	26	2
73	18	3
116	18	3
148	18	2
18	183	2
18	322	3
452	18	1
18	455	1
458	18	2
21	19	1
23	19	1
490	19	2
19	523	3
20	46	1
20	110	2
20	129	1
141	20	3
20	401	2
20	468	1
21	23	3
21	32	3
21	34	2
65	21	1
100	21	3
102	21	2
132	21	1
154	21	3
159	21	2
178	21	2
21	221	1
231	21	3
242	21	2
21	256	3
21	290	3
294	21	3
358	21	2
21	401	2
21	445	3
447	21	3
505	21	1
21	522	2
21	576	3
28	22	2
22	37	1
22	53	1
57	22	1
22	71	3
22	77	1
22	94	3
22	107	1
22	111	3
150	22	1
152	22	3
183	22	3
204	22	2
366	22	3
389	22	1
22	436	2
447	22	2
22	480	2
505	22	2
22	549	2
22	567	2
24	23	2
63	23	3
129	23	3
23	261	2
23	288	3
510	23	1
23	598	3
31	24	2
32	24	1
24	54	3
82	24	3
24	177	2
292	24	3
24	408	1
40	25	3
55	25	3
25	108	1
25	160	2
25	163	1
271	25	1
25	287	2
472	25	3
483	25	2
26	28	1
30	26	2
26	33	3
26	36	3
26	42	1
26	52	2
58	26	2
84	26	2
26	97	2
122	26	3
26	147	2
151	26	3
26	158	3
198	26	3
26	215	2
221	26	1
26	228	2
249	26	3
268	26	2
299	26	2
370	26	1
26	438	1
26	446	1
504	26	3
26	568	3
41	27	2
99	27	2
27	102	1
118	27	3
122	27	1
27	273	3
70	28	3
90	28	2
130	28	1
28	156	3
186	28	2
28	189	3
219	28	3
28	379	1
28	499	3
537	28	3
44	29	1
29	88	3
147	29	1
29	282	1
405	29	1
598	29	1
30	52	1
66	30	2
74	30	3
30	148	1
30	258	3
35	31	1
31	60	3
87	31	2
31	89	1
31	112	2
31	128	3
220	31	3
225	31	3
31	248	3
267	31	2
273	31	3
307	31	1
31	372	3
31	379	1
444	31	1
32	91	3
356	32	1
32	375	2
32	479	1
32	532	3
86	33	3
87	33	1
137	33	2
33	177	3
303	33	2
576	33	2
34	60	1
139	34	3
216	34	3
45	35	1
167	35	2
35	586	3
36	48	2
36	49	1
55	36	2
36	78	2
120	36	1
131	36	2
36	146	3
153	36	1
36	161	3
36	184	3
36	202	2
36	211	2
267	36	2
380	36	1
413	36	1
430	36	3
39	37	1
37	50	2
37	59	2
37	61	2
37	110	2
37	156	1
37	171	2
37	179	3
37	256	1
283	37	3
311	37	3
37	342	2
357	37	2
37	405	3
454	37	3
37	469	1
477	37	3
37	487	3
554	37	1
37	571	2
597	37	3
112	38	3
211	38	1
234	38	2
346	38	1
38	426	2
490	38	3
44	39	1
47	39	3
51	39	1
62	39	1
39	78	2
39	81	2
83	39	1
96	39	2
133	39	1
39	140	2
142	39	2
145	39	1
364	39	1
39	388	3
39	429	3
430	39	2
39	439	2
508	39	1
39	543	2
68	40	3
40	101	2
40	115	2
40	210	1
40	218	3
40	279	3
40	344	2
379	40	2
40	383	2
40	403	3
40	511	1
193	41	1
437	42	3
252	43	1
43	282	1
43	316	2
44	72	1
201	44	3
395	44	2
44	417	1
167	45	3
45	213	3
45	220	1
382	45	2
45	389	2
488	45	1
45	513	3
46	110	3
46	151	3
168	46	3
235	46	3
46	268	2
312	46	1
46	356	3
422	46	1
46	513	3
72	47	2
47	124	1
47	170	1
179	47	1
214	47	3
47	269	3
47	287	3
519	47	2
92	48	1
214	48	2
48	266	3
48	340	1
350	48	3
48	408	1
496	48	2
512	48	1
75	49	3
49	80	2
82	49	1
49	163	1
269	49	2
318	49	1
49	427	3
245	50	2
50	300	2
50	342	3
51	53	3
109	51	3
205	51	2
51	272	3
273	51	2
51	404	3
423	51	1
572	51	1
51	583	1
67	52	3
52	106	3
52	153	3
178	52	3
339	52	1
52	450	3
166	53	1
190	53	3
425	53	1
64	54	1
79	54	3
106	54	2
207	54	3
253	54	2
54	543	1
55	57	2
55	119	2
130	55	1
56	91	2
169	56	1
58	220	2
59	93	3
59	119	1
136	59	2
144	59	1
59	164	2
196	59	1
202	59	2
226	59	2
242	59	1
260	59	1
278	59	1
59	297	3
59	311	2
59	330	1
59	388	1
60	76	3
60	81	3
89	60	2
60	111	3
187	60	2
224	60	1
60	233	1
238	60	3
258	60	1
60	265	3
60	292	3
316	60	2
331	60	3
60	362	1
60	371	1
407	60	3
478	60	3
562	60	2
61	65	2
93	61	2
61	302	3
530	61	3
61	591	1
92	62	2
62	132	1
62	144	3
62	152	3
188	62	1
62	191	3
194	62	1
62	208	3
232	62	3
62	247	3
407	62	3
62	412	2
418	62	3
594	62	3
63	265	3
355	63	3
63	451	1
456	63	1
64	126	2
128	64	1
157	64	3
64	558	3
65	79	1
65	138	2
65	180	1
308	65	3
561	65	3
79	66	3
66	80	1
66	129	2
264	66	2
286	66	1
66	296	3
66	345	1
424	66	1
66	450	3
66	493	3
66	581	2
67	71	1
77	67	3
155	67	1
215	67	3
289	67	3
67	304	2
67	390	1
431	67	1
67	444	1
457	67	3
485	67	3
556	67	2
585	67	1
68	76	3
116	68	3
68	218	3
68	582	2
127	69	2
155	69	1
160	69	3
249	69	3
355	69	2
398	69	1
426	69	3
435	69	3
70	261	3
557	70	2
592	70	1
189	71	3
86	72	2
104	72	3
72	276	2
451	72	2
511	72	2
72	556	1
73	88	2
128	73	3
154	73	2
157	73	1
73	163	3
165	73	1
73	180	1
226	73	1
459	73	3
73	534	3
73	545	3
95	74	2
98	74	2
134	74	1
140	74	3
74	254	1
304	74	3
75	84	2
75	130	1
77	331	2
78	84	1
78	85	1
118	78	1
78	195	2
78	204	1
78	241	3
78	278	1
329	78	2
346	78	1
374	78	1
425	78	1
580	78	2
124	79	1
79	185	2
200	79	2
206	79	3
79	232	1
79	310	3
79	325	3
327	79	2
361	79	2
79	371	1
393	79	3
421	79	1
525	79	1
80	98	1
80	213	3
244	80	2
80	271	1
323	80	3
80	377	3
80	399	1
422	80	3
533	80	3
80	563	1
577	80	2
80	594	3
97	81	1
120	81	1
253	81	3
82	135	3
181	82	3
254	82	1
82	326	1
83	104	2
83	145	3
173	83	2
175	83	1
194	83	1
83	306	2
346	83	3
448	83	1
84	276	1
468	84	2
84	584	2
596	84	3
179	85	1
85	354	3
86	120	3
143	86	2
86	162	2
197	86	1
86	230	1
105	87	3
123	87	1
384	87	3
87	502	1
88	121	1
125	88	3
88	192	1
88	271	2
285	88	1
88	378	2
88	499	3
89	114	1
89	182	1
372	89	3
115	90	3
90	137	2
90	449	2
468	90	2
515	90	3
516	90	3
598	90	3
91	98	1
91	113	1
91	159	2
91	212	1
225	91	1
252	91	2
91	278	1
364	91	1
91	375	1
480	91	2
522	91	3
570	91	2
475	92	1
93	428	1
93	474	3
93	527	1
94	152	1
94	199	2
191	95	3
394	95	1
96	239	3
418	96	2
546	96	1
581	96	2
97	99	1
97	125	3
265	97	1
97	274	1
97	275	3
97	304	1
98	100	3
98	284	3
98	404	2
417	98	2
98	494	3
597	98	2
99	175	1
99	185	1
207	99	1
259	99	1
290	99	3
305	99	2
99	361	2
438	99	2
454	99	3
100	321	3
100	323	3
199	101	2
455	101	3
101	459	2
101	594	2
102	140	1
102	281	3
102	419	2
102	504	3
102	544	1
102	566	3
270	103	2
354	103	1
423	103	3
517	103	2
103	536	3
114	104	2
144	104	1
243	104	1
104	285	2
310	104	3
413	104	2
104	485	3
105	232	2
133	106	3
138	106	3
225	106	3
106	381	3
106	434	1
106	449	2
106	518	1
560	106	3
165	108	2
196	108	3
108	400	3
546	108	2
109	283	1
110	156	3
110	237	3
281	110	3
110	441	3
497	110	3
314	111	2
328	111	1
368	111	1
419	111	3
111	535	1
117	112	2
145	112	3
298	112	3
339	112	3
383	112	1
112	394	1
112	454	3
113	116	2
249	113	1
113	336	3
113	347	1
114	149	1
114	165	3
114	182	2
114	205	1
250	114	1
114	319	1
469	114	2
114	479	1
506	114	3
114	515	3
288	115	3
446	115	1
143	116	3
168	116	3
116	184	2
116	186	1
243	116	1
116	354	3
470	116	2
496	116	2
473	117	1
118	254	1
118	320	2
546	118	1
119	202	1
119	206	2
562	119	2
120	323	1
120	591	3
162	121	2
181	121	2
121	365	3
121	569	3
588	121	2
126	122	2
141	122	1
164	122	3
168	122	3
176	122	3
122	184	2
122	293	2
238	123	3
565	123	3
124	312	3
125	257	2
125	262	3
125	386	2
552	125	1
586	126	3
128	299	1
128	438	1
464	128	2
128	491	3
128	562	1
129	222	1
129	335	2
129	388	1
130	146	3
130	212	3
130	238	3
130	336	1
130	394	3
498	130	3
138	131	2
131	351	3
376	131	1
412	131	1
131	440	2
132	142	3
191	132	2
286	132	1
132	508	3
554	132	2
132	584	2
133	142	1
158	133	1
133	197	1
133	320	1
133	414	1
133	457	3
508	133	3
133	516	3
133	561	1
147	134	3
176	134	3
234	134	3
246	134	3
134	248	3
412	134	1
134	551	1
135	162	2
164	135	3
167	135	2
263	135	3
506	135	1
342	136	2
136	484	3
136	527	2
136	538	1
258	137	3
137	263	3
137	409	3
137	538	2
157	138	2
208	139	2
217	139	1
338	139	1
470	139	2
139	494	2
544	139	2
139	555	2
140	229	1
140	236	2
395	140	2
140	420	3
558	140	1
378	141	2
141	464	1
501	141	2
141	514	1
141	521	3
540	141	1
141	597	1
176	142	1
142	285	1
149	143	1
143	263	3
143	429	3
144	193	3
240	144	2
501	144	2
146	328	3
161	147	3
276	147	3
147	455	1
479	147	1
148	197	1
148	200	2
148	326	2
363	148	1
407	148	1
480	148	3
559	148	2
149	187	1
328	149	2
337	149	2
149	443	3
149	462	2
149	557	1
150	169	1
150	178	1
277	150	2
150	467	3
481	150	1
151	280	1
453	151	2
151	484	2
534	151	1
152	169	3
170	152	1
279	152	3
301	152	3
152	382	2
154	295	3
154	482	2
488	155	2
156	170	3
156	172	3
192	156	3
156	213	3
156	358	3
416	156	1
566	156	1
160	158	1
158	189	3
274	158	1
322	158	1
592	158	1
250	159	3
160	171	2
160	182	2
461	160	3
161	281	2
161	482	3
161	515	3
180	162	3
162	193	1
162	214	3
234	162	3
162	333	1
432	163	2
223	164	3
331	164	1
164	456	1
549	165	1
166	216	1
167	227	3
476	167	1
478	167	1
167	530	3
427	168	3
169	192	1
241	169	3
365	169	3
169	534	1
169	537	3
174	170	1
203	170	2
170	448	1
555	170	3
171	242	2
428	171	3
208	172	1
174	373	3
210	175	1
175	227	1
272	175	3
296	175	1
175	484	1
175	495	3
237	177	1
291	177	1
385	177	2
465	177	3
517	178	1
179	313	1
180	196	3
180	228	2
180	259	1
180	330	2
363	180	1
381	180	3
572	180	3
181	329	1
181	472	1
336	183	1
381	183	3
183	396	3
406	183	1
550	183	3
568	183	1
183	595	2
184	224	2
190	185	3
185	205	3
218	185	2
185	280	3
185	282	3
313	185	3
185	478	2
185	485	2
502	185	2
186	410	1
186	538	2
548	186	3
566	186	2
573	186	1
188	229	2
188	349	2
201	190	1
190	348	3
190	457	3
190	465	2
302	191	3
191	345	1
375	191	2
191	442	3
267	192	1
317	192	1
335	192	1
192	528	2
193	237	1
235	194	2
260	194	3
194	261	2
319	194	3
343	194	1
425	194	2
452	194	3
203	196	3
196	240	2
362	196	1
197	286	1
197	547	2
244	198	1
198	335	1
351	198	1
463	198	2
199	239	2
311	199	1
326	199	2
355	199	2
199	373	3
460	199	1
474	199	2
199	529	2
199	580	2
588	199	3
202	510	1
259	203	3
291	203	3
334	203	1
204	369	2
324	205	3
205	404	3
205	500	2
531	205	2
535	205	2
205	553	3
215	206	3
308	206	3
206	561	1
299	207	2
228	208	2
461	208	1
208	504	3
209	236	2
209	251	1
473	209	3
589	209	3
247	210	1
210	522	2
589	210	1
211	489	3
212	344	3
213	549	3
214	368	1
215	244	3
215	245	2
302	215	1
524	215	3
233	216	3
216	309	2
230	217	3
217	284	3
217	309	1
449	217	3
218	297	3
219	320	3
352	219	2
219	490	3
220	222	3
241	220	1
384	220	3
458	221	1
222	341	3
431	222	2
500	222	2
300	223	3
223	308	1
463	223	2
334	224	2
224	430	1
435	224	1
227	277	1
227	315	2
277	228	1
228	300	1
228	402	1
337	229	1
231	322	3
231	327	1
231	477	2
493	233	2
510	233	1
233	539	2
233	581	2
533	234	1
541	234	3
234	555	1
235	372	1
235	489	3
236	252	2
236	446	2
262	237	3
406	237	1
491	238	1
239	518	3
241	340	2
377	241	1
241	460	3
489	241	2
241	492	2
242	403	1
437	242	2
284	243	1
243	301	3
445	243	3
243	467	3
560	243	1
244	283	2
395	244	2
539	244	3
245	481	2
246	434	1
338	247	1
353	247	2
247	512	3
247	528	2
247	578	1
248	444	3
269	249	1
324	249	2
293	250	2
250	370	1
250	433	2
251	416	1
251	426	3
251	451	2
251	494	1
583	251	2
252	523	3
415	253	3
476	253	1
509	253	1
360	254	3
362	254	3
306	255	2
255	353	1
256	427	3
595	257	2
259	431	2
259	476	3
503	259	3
321	260	3
260	332	2
399	261	2
469	261	2
531	261	3
261	586	2
262	333	1
360	262	1
263	475	1
345	266	3
266	424	3
317	267	3
492	267	3
574	267	1
352	268	2
268	575	3
340	272	3
272	356	3
462	272	1
272	545	2
273	390	3
275	436	1
275	570	3
419	277	3
277	507	1
563	277	2
295	278	2
278	314	3
278	450	1
482	278	3
278	503	3
348	279	1
421	280	1
557	281	3
284	520	2
448	286	2
289	428	3
497	289	3
290	353	2
433	292	2
292	498	3
292	569	1
513	293	3
297	366	2
297	551	2
349	298	3
403	298	2
579	298	2
299	325	3
299	389	1
391	299	2
397	299	1
507	299	3
529	299	2
299	536	3
299	539	1
582	299	1
301	348	2
408	301	2
301	410	3
302	321	1
303	506	1
304	466	2
306	423	1
306	443	1
361	307	2
307	486	1
509	307	3
550	307	2
308	471	3
343	312	2
312	357	1
452	312	3
584	312	3
312	599	2
327	313	2
313	599	3
387	315	2
481	316	3
318	350	3
318	537	1
541	318	3
319	466	2
319	471	2
475	319	2
320	349	1
321	386	1
325	416	3
576	325	3
326	417	3
422	326	3
326	523	3
326	524	1
397	327	1
327	445	1
402	328	1
409	328	3
329	466	3
329	472	2
332	333	1
332	514	3
569	332	3
333	367	3
505	333	2
528	333	2
536	333	1
376	334	3
335	436	3
337	387	1
339	369	3
340	542	1
418	342	1
343	516	1
344	496	1
359	346	3
402	347	1
348	573	3
440	349	3
359	351	1
487	354	2
493	354	1
565	354	2
355	360	2
565	357	2
571	357	3
441	358	1
441	359	2
361	385	3
362	378	3
521	362	2
363	411	2
364	392	3
364	532	3
552	365	2
370	366	3
368	373	3
393	368	2
492	368	3
592	369	1
371	525	3
473	377	1
377	543	2
379	398	1
379	559	1
385	587	3
386	461	2
501	386	1
563	386	2
447	387	2
389	390	2
585	391	1
395	587	3
591	395	1
396	406	1
396	495	1
398	570	1
399	432	2
437	399	2
400	574	1
404	507	1
405	550	3
474	406	3
410	509	1
416	439	1
422	429	2
527	422	1
495	424	2
424	547	2
427	548	3
429	442	3
434	529	2
439	521	1
491	444	2
453	447	3
532	450	1
568	453	1
588	456	2
575	457	3
459	464	3
503	459	2
459	571	2
582	459	2
460	595	1
553	464	3
469	471	2
477	469	3
552	469	1
472	500	3
474	590	2
475	593	3
483	526	1
483	551	2
564	489	2
517	490	1
531	491	1
493	526	3
497	540	2
508	547	3
590	508	3
515	579	2
518	564	1
558	537	1
539	580	3
541	599	1
567	546	1
550	556	3
552	596	3
590	569	2
