0	1	3
0	2	3
3	0	2
0	6	1
8	0	3
0	9	1
0	10	2
20	0	1
23	0	1
31	0	1
0	33	2
0	36	3
39	0	2
0	54	2
73	0	2
0	78	3
0	94	2
0	95	2
0	115	1
123	0	1
171	0	3
0	172	3
0	187	3
205	0	2
0	210	3
0	223	2
0	237	1
256	0	1
0	260	1
0	270	1
283	0	3
0	285	2
0	312	3
0	317	3
0	339	1
369	0	1
0	395	2
0	401	3
0	408	1
0	416	2
0	419	3
435	0	1
466	0	1
471	0	2
486	0	2
494	0	2
0	505	2
0	521	3
0	551	1
553	0	1
0	569	1
2	1	1
3	1	1
4	1	3
1	5	2
1	6	3
1	7	1
1	8	1
12	1	3
1	15	1
16	1	2
17	1	2
21	1	3
30	1	1
39	1	3
1	40	1
1	45	3
55	1	2
1	58	2
62	1	3
1	65	2
66	1	2
1	81	2
1	92	2
1	99	2
139	1	2
1	165	2
166	1	1
183	1	1
1	236	1
256	1	2
1	262	1
1	293	3
295	1	3
1	308	2
1	322	2
1	327	2
1	343	2
1	352	1
1	396	1
1	413	1
431	1	1
1	503	1
504	1	2
508	1	3
516	1	1
533	1	1
544	1	3
1	559	1
599	1	2
2	3	1
2	4	3
2	5	1
2	7	3
9	2	2
12	2	2
13	2	1
23	2	3
25	2	3
2	32	3
2	41	2
2	46	3
49	2	1
54	2	3
85	2	1
96	2	2
118	2	2
121	2	1
153	2	1
162	2	2
2	163	3
2	176	3
192	2	2
202	2	3
2	208	3
226	2	1
253	2	1
300	2	2
325	2	3
2	336	1
349	2	2
369	2	1
2	378	1
404	2	3
2	429	1
2	457	1
526	2	2
589	2	1
2	590	1
3	4	1
3	6	1
11	3	1
21	3	2
3	24	1
3	29	1
36	3	3
50	3	1
3	51	2
53	3	1
58	3	2
3	74	3
3	77	2
80	3	1
3	81	1
104	3	1
3	105	1
107	3	3
3	161	2
3	163	2
170	3	2
174	3	3
3	176	1
3	205	1
3	206	2
208	3	3
3	214	3
258	3	2
3	263	1
284	3	3
314	3	1
315	3	2
3	332	3
3	343	2
3	381	1
488	3	1
3	519	3
521	3	3
3	523	2
532	3	3
568	3	2
4	5	2
4	10	3
4	13	1
4	22	3
27	4	3
33	4	3
40	4	2
4	48	3
49	4	2
54	4	1
71	4	2
4	80	2
82	4	2
98	4	3
4	104	3
106	4	1
111	4	1
4	115	2
124	4	2
144	4	2
153	4	3
167	4	3
4	182	1
193	4	1
4	197	1
227	4	1
239	4	3
4	247	3
4	297	3
4	355	2
4	365	3
4	370	1
4	380	2
4	387	2
388	4	1
4	419	1
430	4	3
4	445	2
4	463	1
498	4	3
562	4	3
576	4	2
4	598	1
7	5	3
5	11	2
5	13	2
14	5	1
16	5	1
5	17	2
19	5	2
5	20	3
5	21	1
5	26	1
28	5	1
29	5	2
5	31	3
5	32	3
34	5	1
35	5	1
5	37	3
39	5	1
5	47	1
5	50	3
58	5	1
5	66	1
5	78	2
5	82	1
5	85	1
5	87	1
5	92	2
115	5	1
116	5	2
5	125	1
143	5	2
5	144	1
145	5	1
5	149	1
163	5	2
177	5	3
185	5	2
200	5	3
211	5	3
221	5	3
223	5	1
5	229	1
5	233	3
261	5	1
268	5	2
269	5	2
279	5	3
5	282	2
5	284	3
5	304	2
306	5	3
333	5	1
337	5	2
5	347	3
353	5	3
365	5	3
374	5	1
5	415	1
421	5	3
5	425	3
446	5	1
5	460	1
5	463	2
5	485	2
494	5	1
514	5	3
5	541	2
18	6	2
35	6	1
47	6	1
6	55	1
60	6	1
6	69	3
87	6	1
93	6	2
101	6	1
6	131	2
6	160	2
203	6	2
6	225	3
6	245	3
6	289	3
6	303	1
6	374	1
6	413	3
6	482	1
515	6	1
8	7	3
9	7	2
7	24	3
26	7	2
34	7	3
7	74	1
7	76	2
119	7	2
124	7	3
7	131	2
7	187	2
234	7	2
259	7	2
346	7	1
7	385	3
386	7	3
443	7	1
7	524	1
7	571	1
10	8	3
8	11	3
8	14	2
26	8	2
8	28	1
32	8	3
41	8	1
8	52	1
8	76	1
8	79	1
86	8	3
8	101	2
109	8	2
110	8	1
139	8	3
140	8	2
8	154	2
160	8	1
162	8	3
8	165	3
8	177	1
8	189	2
199	8	3
8	216	1
218	8	2
8	292	1
310	8	3
8	319	2
331	8	3
381	8	2
8	384	2
457	8	2
8	465	1
8	466	3
8	484	1
8	522	3
8	524	2
529	8	2
8	539	1
547	8	1
8	548	3
8	581	3
8	582	2
583	8	1
8	588	2
18	9	2
57	9	1
9	59	1
118	9	3
217	9	3
351	9	2
365	9	1
462	9	1
10	12	2
10	17	2
43	10	2
10	51	2
10	56	2
10	57	1
10	77	2
89	10	1
90	10	3
10	93	3
10	120	1
10	135	2
10	157	2
189	10	1
10	201	3
206	10	1
268	10	1
10	286	1
10	309	3
342	10	1
10	350	1
352	10	3
357	10	1
360	10	2
10	372	1
449	10	1
485	10	3
10	592	3
14	11	3
19	11	2
27	11	3
11	28	1
36	11	2
43	11	1
11	49	1
61	11	2
63	11	2
64	11	2
11	72	3
84	11	1
11	98	3
130	11	2
11	144	3
11	173	2
11	212	2
11	240	1
290	11	2
422	11	1
11	451	2
487	11	2
534	11	2
15	12	1
16	12	2
18	12	3
12	25	1
27	12	3
12	30	2
12	57	3
12	60	1
69	12	3
12	86	1
89	12	1
12	102	3
12	112	1
122	12	3
12	170	1
12	193	1
12	231	1
258	12	1
285	12	3
12	398	2
455	12	1
12	500	1
509	12	2
558	12	1
581	12	1
13	20	1
22	13	2
37	13	3
50	13	2
94	13	2
109	13	2
174	13	3
13	188	2
13	204	1
217	13	1
13	263	3
282	13	3
13	314	1
323	13	1
13	342	3
429	13	3
14	15	3
14	24	3
14	25	3
14	35	1
85	14	3
151	14	3
14	197	1
14	199	2
14	251	1
272	14	2
296	14	3
326	14	2
15	23	2
30	15	1
15	84	2
91	15	1
15	117	2
15	228	1
15	245	3
251	15	2
15	279	1
289	15	3
15	492	3
508	15	1
555	15	2
103	16	3
16	114	3
16	123	1
16	186	3
276	16	1
16	402	2
16	407	3
464	16	2
17	19	2
38	17	2
17	40	3
48	17	2
62	17	1
64	17	2
17	83	1
17	84	3
17	89	1
17	90	2
17	93	1
17	96	1
17	101	1
104	17	3
17	168	2
17	182	1
201	17	3
17	208	3
224	17	2
17	225	3
17	269	2
275	17	1
341	17	2
346	17	3
387	17	3
17	412	3
17	423	1
510	17	1
17	512	2
574	17	2
585	17	3
589	17	1
18	37	2
18	42	2
44	18	3
18	47	3
56	18	1
67	18	1
18	75	1
88	18	2
90	18	3
18	132	3
18	142	3
18	237	2
18	245	2
18	247	1
254	18	1
18	263	3
277	18	1
18	290	1
299	18	3
18	333	3
18	339	3
18	360	1
18	362	2
18	433	2
477	18	3
18	520	1
19	29	2
44	19	1
19	46	1
52	19	3
19	78	2
81	19	3
105	19	1
121	19	3
19	129	1
19	135	1
182	19	2
210	19	3
250	19	2
265	19	3
312	19	1
329	19	3
19	378	1
19	417	2
19	426	3
485	19	1
19	496	3
19	533	1
20	22	3
67	20	2
20	91	1
20	100	2
122	20	2
150	20	2
257	20	3
20	295	1
339	20	3
403	20	3
490	20	3
496	20	3
519	20	2
323	21	3
21	330	2
338	21	3
411	21	3
557	21	1
22	59	1
22	95	1
22	149	1
259	22	3
278	22	1
296	22	3
321	22	1
22	418	2
23	34	2
41	23	3
42	23	1
44	23	2
23	61	2
88	23	2
23	92	1
141	23	2
23	150	2
23	155	3
179	23	1
23	212	1
23	320	3
322	23	2
349	23	3
417	23	3
23	456	2
23	579	2
591	23	1
24	38	2
45	24	3
53	24	3
24	59	1
61	24	2
24	76	1
24	102	2
24	106	3
24	138	1
24	151	1
24	162	1
24	164	1
24	269	1
24	272	1
24	300	2
24	398	1
24	435	2
24	441	1
499	24	3
501	24	1
25	70	3
72	25	3
86	25	3
168	25	1
195	25	3
25	215	1
25	261	1
361	25	2
25	420	1
499	25	2
508	25	1
26	112	2
152	26	1
26	184	1
26	216	2
294	26	3
26	326	3
596	26	1
27	75	2
27	82	3
27	410	2
27	525	2
68	28	2
102	28	3
125	28	3
169	28	3
28	189	2
341	28	1
497	28	3
29	31	1
42	29	2
51	29	1
55	29	3
29	71	3
29	107	1
161	29	2
29	199	1
220	29	2
236	29	3
29	307	3
29	324	1
334	29	3
29	421	3
29	440	1
448	29	2
461	29	2
29	473	3
542	29	1
547	29	3
591	29	2
30	53	2
63	30	1
30	68	1
30	91	2
114	30	3
30	116	1
30	142	3
30	157	3
30	180	2
250	30	3
255	30	2
358	30	2
441	30	2
30	595	2
31	46	3
31	72	1
97	31	2
111	31	2
138	31	3
167	31	1
31	169	2
31	198	3
204	31	3
237	31	2
241	31	3
31	304	2
313	31	1
335	31	3
464	31	1
31	484	1
540	31	2
31	576	2
32	33	1
32	45	1
127	32	1
32	164	2
183	32	2
32	243	3
268	32	3
318	32	1
32	363	3
434	32	1
32	464	3
33	63	2
83	33	3
33	230	1
33	248	1
338	33	1
556	33	2
33	596	1
34	132	3
136	34	3
200	34	2
222	35	3
275	35	3
35	287	1
343	35	3
35	368	3
36	67	3
74	36	1
143	36	2
275	36	1
409	36	1
38	37	2
37	68	3
37	174	3
37	192	3
228	37	2
251	37	1
254	37	1
260	37	2
389	37	3
37	393	3
491	37	1
38	97	3
38	129	1
190	38	1
214	38	2
38	219	1
257	38	1
38	266	3
38	267	3
442	38	3
39	48	1
39	100	1
39	103	1
123	39	1
160	39	3
178	39	1
39	188	2
39	340	2
424	39	1
430	39	1
455	39	2
39	511	3
39	536	2
554	39	2
578	39	3
62	40	3
40	73	1
40	96	2
99	40	1
126	40	2
40	134	2
257	40	2
278	40	3
40	493	1
40	513	1
515	40	1
40	558	1
595	40	2
43	41	2
41	70	2
73	41	3
41	103	1
41	171	3
41	209	3
41	512	2
60	42	2
42	133	3
42	197	2
42	213	1
42	228	2
235	42	1
324	42	1
42	332	3
379	42	3
42	390	3
428	42	3
42	468	3
65	43	2
43	66	1
69	43	3
43	105	2
133	43	3
43	159	1
181	43	1
186	43	1
43	206	2
298	43	1
43	334	1
475	43	2
56	44	1
65	44	2
44	107	1
111	44	3
125	44	2
44	131	2
143	44	1
44	156	1
44	158	1
159	44	3
44	191	2
44	474	1
44	527	3
45	52	1
95	45	2
45	145	2
45	306	2
45	514	1
113	46	2
173	46	3
267	46	2
46	348	1
87	47	3
147	47	3
47	157	1
302	47	2
47	463	1
507	47	1
70	48	3
253	48	2
299	48	2
320	48	2
48	411	1
436	48	1
137	49	3
291	49	3
476	49	1
50	64	3
50	79	3
50	100	1
50	180	2
196	50	1
276	50	1
50	371	3
50	421	3
51	116	3
51	117	1
128	51	3
202	51	1
395	51	1
117	52	2
52	122	1
147	52	2
52	298	1
52	316	1
399	52	1
53	71	3
53	156	3
310	53	2
319	53	3
435	53	1
53	533	3
556	53	2
108	54	2
54	168	3
217	54	3
248	54	1
506	54	2
567	54	2
303	55	3
55	305	1
406	55	2
55	545	3
586	55	1
56	265	3
110	57	1
126	57	3
173	57	2
57	364	3
57	417	2
545	57	2
57	568	1
58	130	2
229	58	1
58	273	2
344	58	2
351	58	1
58	402	3
59	114	3
59	124	2
155	59	1
205	59	2
113	60	2
60	207	1
60	249	3
61	79	1
113	61	1
61	141	1
420	61	2
481	61	2
61	566	1
599	61	1
75	62	2
62	438	3
62	531	1
63	88	3
146	63	1
63	239	3
243	63	2
63	313	1
77	64	3
80	64	1
155	64	1
309	64	3
506	64	1
64	594	1
65	136	1
65	231	2
65	270	1
65	334	2
65	448	3
65	532	3
65	573	1
66	94	1
66	128	2
66	203	2
224	66	3
66	240	3
66	352	2
418	66	3
97	67	3
247	67	2
67	320	1
509	67	2
67	534	3
67	599	1
134	68	1
154	68	1
188	68	1
68	190	1
68	242	1
287	68	1
450	68	1
68	480	1
68	540	1
68	570	3
68	577	2
69	120	2
69	284	1
327	69	1
69	452	1
83	70	3
594	70	1
209	71	2
323	71	1
331	71	1
447	71	2
72	171	3
534	72	2
481	73	1
509	73	1
74	142	3
76	108	3
76	215	3
252	76	3
278	76	1
76	313	1
76	345	3
586	76	3
77	128	1
158	77	2
227	77	3
232	77	2
315	77	1
329	77	2
77	371	1
77	379	3
391	77	2
77	449	3
77	488	2
77	540	1
78	252	3
383	78	3
79	408	2
79	472	1
539	79	2
99	80	2
389	80	3
80	550	2
150	81	2
81	549	2
81	583	2
81	590	2
82	316	3
522	82	1
83	211	1
336	83	2
425	83	1
84	120	1
84	185	1
106	85	1
121	85	2
85	158	2
207	85	1
85	243	2
85	244	3
85	587	3
127	86	3
214	86	3
286	86	3
86	366	1
87	132	2
87	140	3
198	87	1
87	497	2
187	88	3
88	246	3
271	88	1
88	330	3
416	88	1
88	448	2
457	88	3
88	493	1
88	544	3
88	563	3
89	109	1
89	156	1
89	175	1
280	89	1
90	134	3
90	177	3
90	232	2
264	90	2
276	90	3
90	307	3
90	338	1
90	437	1
91	139	3
292	91	1
166	92	3
220	92	3
92	450	3
93	436	2
468	93	2
94	108	3
148	94	2
235	94	2
94	265	2
94	318	3
367	94	3
94	542	1
95	195	3
538	95	1
96	98	2
146	96	1
210	96	1
97	184	2
222	97	3
244	97	2
97	280	1
335	97	3
97	341	2
390	97	3
432	97	3
211	98	1
98	288	3
98	377	3
492	98	2
110	99	3
213	99	3
99	224	2
99	255	3
317	99	3
99	432	1
443	99	1
100	152	1
202	100	1
297	100	3
388	100	1
476	100	2
101	145	2
101	288	3
353	101	1
101	441	1
541	101	3
580	101	1
112	102	2
102	137	3
151	102	1
102	152	3
102	262	2
399	102	3
102	436	2
102	537	3
103	129	3
153	103	1
192	103	1
266	103	1
103	319	2
103	432	2
439	103	3
103	458	3
148	104	1
298	104	1
104	361	3
598	104	2
166	105	2
181	105	2
526	105	3
106	135	1
146	106	1
106	229	3
106	292	2
305	106	3
106	328	1
106	355	3
329	107	2
107	405	2
542	107	1
108	126	1
108	241	2
291	108	1
108	368	1
108	459	1
523	108	3
110	281	3
110	289	2
110	311	2
366	110	2
375	110	3
200	111	1
111	372	1
112	136	1
112	164	3
112	172	1
311	112	1
112	326	1
413	112	1
113	118	2
113	147	2
149	113	2
183	113	2
196	113	1
113	209	2
291	113	1
316	113	1
113	364	2
113	482	2
113	483	1
498	113	3
113	535	3
114	119	1
127	114	3
252	114	2
114	283	3
346	114	2
364	114	2
379	114	2
403	114	2
518	114	1
190	115	1
226	115	3
253	115	2
277	115	3
115	322	2
115	386	3
433	115	2
510	115	2
116	119	1
161	116	2
116	373	1
116	384	3
405	116	2
116	443	2
504	116	2
537	116	1
117	244	1
117	332	1
486	117	2
118	140	2
118	178	2
384	118	3
467	118	2
118	480	2
483	118	2
119	230	3
469	119	3
119	528	1
138	120	2
472	120	2
121	175	1
121	380	3
133	122	2
179	122	2
122	344	1
405	122	2
516	122	2
123	148	1
123	193	1
273	123	3
123	337	2
367	123	1
490	123	1
124	479	1
527	124	1
125	130	3
125	176	2
186	125	1
125	196	1
125	301	1
461	125	3
517	125	2
125	562	3
191	127	3
233	127	2
416	127	1
128	219	3
394	128	3
453	128	3
551	128	2
128	555	1
231	129	2
335	129	3
129	366	3
130	383	2
194	131	1
131	314	3
131	482	2
131	502	2
132	222	2
340	132	3
141	134	2
469	134	2
134	583	3
135	179	1
137	136	2
281	136	2
297	136	3
136	429	1
137	354	2
138	238	2
324	138	2
138	373	2
138	453	3
165	139	2
181	139	2
194	139	2
139	349	1
139	360	3
591	139	3
140	225	3
140	333	1
359	140	3
191	141	2
215	141	2
223	141	1
331	141	2
337	141	3
290	142	1
307	142	3
380	142	3
142	414	2
143	273	3
194	144	2
144	207	2
412	144	2
144	489	2
144	550	2
249	145	1
294	145	1
146	234	3
146	240	1
342	146	1
373	146	3
402	146	1
198	147	1
351	147	2
147	452	2
571	149	3
172	150	3
150	597	2
154	152	3
216	152	1
152	280	3
152	354	1
152	569	2
153	221	1
153	382	2
392	153	1
153	531	1
492	154	2
155	474	2
156	170	3
219	156	3
259	156	2
159	157	2
157	220	3
592	157	1
167	158	1
158	385	1
491	158	3
325	159	1
375	159	3
160	169	1
160	400	3
175	161	3
195	161	3
161	287	1
161	420	3
161	426	2
483	161	1
184	162	1
456	162	1
164	250	1
513	166	3
233	167	2
167	272	3
167	427	1
438	167	1
180	168	1
168	398	2
168	580	2
393	169	1
285	170	3
564	170	3
308	171	3
172	218	1
172	235	3
172	246	3
496	172	1
174	393	3
175	242	2
175	302	3
422	176	1
178	177	2
293	177	3
394	177	1
469	177	3
177	560	1
178	236	2
238	178	2
270	178	3
321	178	2
178	377	1
404	178	3
178	487	3
178	504	2
178	505	3
178	512	2
178	548	1
178	557	1
566	178	1
178	594	1
218	179	1
180	362	3
180	478	1
180	517	2
554	180	2
566	180	1
181	248	3
181	264	2
185	182	3
182	578	2
545	184	2
184	593	2
185	424	3
475	185	3
185	520	1
186	241	1
303	186	2
305	186	2
239	187	1
411	189	1
203	190	3
190	267	1
354	190	3
213	191	1
277	191	1
191	304	3
391	191	2
191	549	3
191	558	3
230	192	1
493	192	3
192	529	3
193	499	3
212	194	2
195	201	1
195	227	1
318	195	3
195	378	2
385	195	3
392	195	1
456	195	3
503	195	2
311	196	2
196	325	1
196	358	1
367	196	1
514	196	3
560	196	3
204	197	3
197	221	1
256	197	1
261	197	2
279	197	1
306	197	1
315	197	3
264	198	1
519	198	2
201	520	3
543	201	3
328	202	1
202	369	3
488	202	1
202	577	1
203	406	1
410	203	3
203	494	2
301	204	1
397	204	2
530	204	3
205	467	2
206	234	2
206	246	2
450	206	2
207	390	1
460	207	3
208	440	2
208	576	3
210	255	2
210	353	2
376	211	3
242	212	1
232	213	2
254	217	1
218	358	1
401	218	3
238	219	2
288	219	3
370	219	1
219	395	1
219	433	2
219	452	1
219	477	1
539	219	1
548	219	1
219	588	3
226	220	3
220	348	3
220	376	2
593	220	3
310	222	1
368	222	1
222	383	3
470	223	3
224	293	1
224	495	2
226	356	3
347	228	2
376	228	3
408	228	3
228	446	1
473	228	3
249	230	1
266	230	1
230	274	1
440	230	3
231	262	1
489	231	3
231	495	3
460	232	2
232	584	2
589	232	2
233	392	1
233	453	2
233	473	1
550	233	1
234	301	2
234	389	3
260	235	3
235	585	2
423	236	3
236	530	1
340	237	2
345	237	1
237	359	1
274	238	3
587	238	2
239	282	2
239	424	3
239	454	3
400	240	2
507	242	1
584	242	3
243	302	1
321	243	1
244	446	1
458	244	3
244	500	3
244	571	1
577	245	1
246	327	3
246	538	1
597	246	1
247	286	3
248	372	2
248	529	3
248	582	1
249	271	2
249	467	3
281	250	2
345	250	2
563	250	2
381	251	2
258	252	3
252	309	1
252	426	2
252	454	1
465	252	1
253	444	2
425	255	1
428	255	2
350	256	1
553	256	1
256	557	2
258	587	3
370	259	3
551	260	3
271	261	1
263	454	3
263	500	3
264	401	1
265	355	3
363	265	3
407	265	1
439	265	2
265	447	3
265	525	3
570	265	3
356	266	2
267	515	2
430	268	1
268	565	2
312	269	3
269	470	1
374	270	2
270	474	1
270	513	2
270	561	3
578	270	3
299	272	3
476	272	2
272	547	2
274	273	3
273	437	1
273	475	2
273	479	3
274	350	3
382	274	3
275	295	2
296	275	2
275	442	3
275	567	1
277	328	3
278	431	3
567	278	2
573	278	1
278	574	1
279	283	3
279	386	1
279	455	1
279	459	3
510	279	3
344	280	1
281	505	2
466	282	3
283	501	3
517	284	2
285	294	2
356	285	3
394	285	2
362	287	1
399	287	2
407	287	1
288	317	3
300	290	3
308	290	3
553	290	2
597	291	3
543	293	1
397	295	3
295	471	1
296	357	3
297	347	2
487	297	1
552	297	2
299	406	2
299	532	1
397	300	3
444	300	3
301	330	3
357	303	2
303	561	1
304	468	3
304	559	3
307	336	3
400	307	1
580	307	3
388	310	1
537	311	3
312	462	2
472	313	3
315	415	3
391	317	1
319	361	1
438	320	2
427	323	2
461	323	2
409	324	3
559	324	1
437	325	2
326	382	3
546	327	3
329	363	2
590	330	2
375	331	3
332	359	1
348	336	1
336	481	2
531	336	1
337	415	2
338	410	2
478	341	1
572	342	2
371	343	3
344	552	1
348	502	3
348	575	3
349	396	3
351	536	2
377	352	2
459	356	1
356	593	3
359	579	1
362	564	1
363	427	3
486	363	3
552	363	3
365	447	1
412	367	1
387	369	1
458	376	2
376	521	2
376	560	2
378	498	3
396	381	2
470	381	2
383	428	1
434	383	1
383	491	1
535	383	1
431	384	2
384	434	2
586	385	1
388	445	2
390	444	1
391	439	3
391	524	1
535	391	2
543	391	3
391	573	2
392	480	1
404	393	1
395	419	3
395	527	2
409	396	1
396	423	2
501	396	1
397	503	3
398	544	2
546	400	3
465	401	2
489	401	3
403	402	3
402	451	1
403	414	2
506	405	1
407	442	1
445	407	3
556	407	2
409	449	3
414	411	2
418	412	1
462	413	3
413	478	3
413	479	3
507	413	3
422	414	2
568	417	1
417	572	3
579	422	2
585	422	3
423	451	1
562	423	1
426	495	1
427	511	1
518	433	1
433	546	3
575	433	3
437	565	1
511	438	3
440	518	1
444	471	2
444	598	2
446	522	3
446	575	1
451	516	3
570	452	1
454	477	2
457	582	2
490	458	2
502	458	1
460	484	2
460	555	3
468	569	3
574	471	1
476	592	3
497	482	3
487	564	1
488	528	3
489	538	3
554	491	3
492	525	2
496	536	3
526	500	3
523	505	1
561	514	2
516	541	2
518	581	1
519	528	2
521	549	1
524	530	3
565	559	1
560	563	1
566	572	1
574	584	1
581	588	2
585	596	1
595	594	2
