0	1	1
2	0	1
0	3	2
4	0	1
0	6	3
0	7	2
0	11	3
0	13	2
19	0	2
0	46	2
81	0	2
0	83	1
90	0	2
0	114	1
0	129	2
0	142	1
156	0	2
0	186	1
0	217	1
0	238	1
256	0	3
0	266	3
292	0	1
473	0	3
0	526	1
599	0	1
1	2	3
1	3	1
4	1	1
1	5	1
1	8	1
1	10	3
1	15	2
1	18	3
1	23	3
1	26	1
1	28	2
1	29	3
1	31	2
33	1	3
1	38	1
40	1	2
1	43	3
1	44	3
1	47	3
58	1	2
59	1	2
70	1	2
101	1	3
103	1	1
1	108	2
112	1	1
168	1	1
1	170	1
1	180	1
1	193	3
197	1	3
1	213	3
226	1	2
1	261	1
275	1	3
283	1	3
1	293	2
1	313	3
1	316	1
1	333	3
1	373	3
1	410	2
1	459	2
1	468	1
545	1	1
1	553	1
564	1	2
1	567	1
1	574	1
586	1	3
2	3	1
2	4	1
2	5	3
6	2	3
2	7	3
8	2	2
2	9	2
2	10	1
12	2	1
2	13	2
2	18	2
2	36	1
2	45	2
47	2	1
48	2	2
2	59	2
66	2	2
2	68	3
70	2	3
2	77	1
79	2	2
89	2	2
2	98	3
99	2	2
115	2	2
2	120	3
140	2	1
151	2	3
2	157	1
164	2	1
2	188	1
2	220	3
226	2	2
2	279	3
291	2	3
306	2	2
2	324	3
327	2	2
2	330	1
333	2	2
337	2	3
2	358	2
378	2	2
2	438	3
480	2	2
2	484	1
495	2	2
552	2	2
582	2	2
2	594	3
2	597	2
3	6	3
7	3	1
8	3	3
10	3	1
14	3	2
3	16	3
17	3	1
3	22	1
23	3	1
3	24	1
3	28	1
30	3	3
3	32	2
3	34	2
36	3	2
3	39	2
3	54	3
3	57	2
63	3	3
3	66	3
3	77	2
105	3	2
3	123	2
139	3	3
3	154	1
3	155	1
156	3	1
3	167	2
182	3	1
187	3	1
192	3	1
237	3	2
253	3	2
258	3	3
3	260	1
284	3	3
293	3	3
3	300	2
306	3	3
312	3	2
329	3	3
338	3	2
341	3	2
3	342	1
356	3	1
3	395	1
405	3	1
3	424	3
431	3	3
435	3	1
443	3	3
3	447	2
453	3	2
495	3	1
3	507	2
509	3	1
3	516	3
3	545	2
3	588	1
4	5	1
4	9	3
11	4	1
12	4	2
14	4	2
4	15	3
4	17	3
20	4	1
28	4	1
29	4	3
4	35	2
4	44	2
56	4	1
4	60	1
95	4	2
96	4	1
4	97	1
4	106	2
4	112	3
118	4	2
4	130	3
132	4	2
145	4	3
4	147	3
158	4	2
159	4	3
4	199	2
202	4	1
4	226	1
4	231	2
4	232	3
4	236	3
4	248	2
4	257	3
4	262	1
4	265	3
4	267	3
4	349	3
355	4	1
4	391	3
4	419	3
4	443	1
471	4	1
491	4	2
4	495	1
520	4	3
4	575	1
14	5	3
15	5	2
19	5	2
5	20	3
23	5	3
25	5	1
27	5	3
5	30	3
5	32	2
38	5	1
5	47	3
49	5	3
50	5	1
51	5	3
72	5	1
5	73	2
87	5	3
5	89	2
93	5	3
5	108	3
5	121	2
153	5	1
161	5	3
5	174	3
184	5	3
185	5	3
5	192	1
5	210	1
5	214	1
5	220	1
249	5	1
261	5	1
5	287	2
294	5	3
5	311	3
342	5	3
5	354	1
5	355	1
5	365	1
5	371	1
5	377	2
5	382	3
437	5	3
5	483	3
492	5	2
5	502	1
5	535	3
6	13	2
20	6	3
179	6	3
186	6	1
6	255	3
6	274	3
6	395	3
527	6	3
7	9	1
7	16	3
99	7	1
104	7	3
7	109	2
119	7	3
7	191	1
8	11	2
17	8	1
19	8	3
8	27	1
8	36	2
38	8	2
8	54	3
67	8	1
82	8	3
86	8	3
8	89	1
90	8	2
111	8	1
8	114	3
8	125	2
8	149	1
157	8	2
8	183	3
195	8	1
198	8	3
8	217	2
8	244	3
8	278	2
8	294	1
8	328	2
396	8	2
420	8	2
8	435	2
459	8	3
8	460	2
518	8	2
532	8	1
549	8	2
566	8	2
9	22	2
9	25	2
9	43	2
9	196	1
9	218	3
261	9	1
9	270	3
9	276	2
467	9	1
514	9	1
9	594	2
18	10	3
10	26	2
42	10	2
46	10	1
51	10	2
10	62	1
73	10	3
122	10	1
10	155	3
10	166	3
10	169	2
10	201	3
208	10	2
210	10	3
225	10	1
10	229	3
10	260	2
299	10	3
325	10	1
365	10	3
375	10	1
10	435	3
10	457	3
10	501	3
515	10	2
529	10	3
542	10	2
10	576	1
584	10	2
12	11	3
11	16	3
11	22	1
11	24	3
31	11	3
11	35	3
11	39	1
41	11	3
50	11	3
11	55	1
61	11	1
74	11	1
75	11	3
82	11	1
11	86	3
11	115	3
11	120	1
128	11	2
11	161	1
168	11	2
11	170	2
11	188	2
290	11	2
11	367	2
11	427	2
428	11	1
537	11	2
12	21	2
82	12	2
96	12	3
112	12	3
12	115	1
12	123	3
12	135	3
12	159	2
12	203	2
228	12	3
272	12	3
12	291	1
314	12	3
324	12	1
12	352	2
12	396	2
439	12	2
443	12	1
455	12	1
12	524	2
12	537	3
12	584	1
13	21	1
13	26	2
13	298	1
13	351	1
373	13	1
392	13	3
402	13	2
13	419	2
591	13	3
14	121	2
196	14	3
14	522	3
15	21	1
32	15	2
37	15	2
15	52	3
15	56	2
15	61	3
84	15	1
195	15	3
15	204	2
15	206	2
15	227	2
15	256	2
323	15	2
15	331	2
336	15	1
522	15	2
16	31	1
16	34	2
53	16	2
84	16	2
94	16	2
16	106	2
16	126	2
163	16	1
165	16	3
173	16	3
16	193	1
16	201	2
211	16	1
16	269	2
16	294	1
16	302	2
332	16	3
16	433	2
16	455	1
16	458	2
16	554	1
17	25	3
17	27	2
126	17	1
17	136	2
17	138	3
17	144	3
211	17	3
248	17	3
271	17	3
375	17	1
514	17	2
17	539	3
39	18	2
40	18	1
48	18	2
53	18	1
18	62	3
63	18	3
18	64	3
71	18	2
18	113	3
118	18	3
18	121	1
133	18	2
172	18	2
18	198	2
212	18	3
18	222	1
18	237	2
18	243	1
244	18	1
18	249	3
250	18	3
18	263	1
18	265	3
18	282	2
296	18	3
298	18	2
18	300	1
18	310	2
375	18	1
18	380	3
385	18	3
410	18	2
18	460	1
18	524	2
530	18	2
534	18	2
18	536	1
18	555	3
42	19	2
19	44	1
19	45	2
19	93	1
19	105	2
19	127	3
19	152	3
19	163	2
19	187	1
200	19	2
251	19	1
265	19	1
19	321	3
372	19	3
19	401	3
423	19	2
19	438	2
489	19	3
510	19	3
562	19	2
20	92	2
20	307	1
425	20	3
431	20	1
21	35	2
41	21	2
21	67	1
21	84	1
87	21	3
179	21	2
21	192	2
340	21	3
21	366	1
399	21	1
408	21	3
21	461	2
506	21	2
24	22	3
33	22	2
64	22	1
22	70	1
22	88	2
95	22	3
97	22	2
22	100	2
22	106	3
22	132	1
22	143	3
190	22	2
22	229	3
241	22	1
307	22	1
22	332	3
22	337	2
22	344	1
371	22	3
22	377	3
412	22	2
22	418	2
22	468	2
490	22	3
54	23	2
23	280	2
23	290	3
364	23	1
24	30	2
43	24	3
24	57	2
24	107	1
24	177	3
24	262	1
266	24	2
24	281	3
403	24	1
24	416	3
471	24	1
24	504	1
24	575	2
24	586	3
596	24	2
25	37	2
94	25	2
25	119	2
222	25	2
350	25	3
25	432	1
533	25	1
26	33	1
68	26	3
26	127	1
26	133	1
26	140	1
26	150	3
151	26	2
173	26	3
179	26	1
246	26	1
26	322	3
26	388	2
400	26	1
26	425	3
26	483	3
26	528	2
26	542	2
29	27	2
116	27	2
27	164	1
27	279	3
367	27	1
517	27	1
28	74	1
221	28	3
28	231	2
260	28	1
28	263	3
454	28	1
28	565	2
63	29	2
76	29	1
29	85	2
29	100	3
113	29	2
117	29	2
162	29	2
29	170	2
29	212	3
29	253	2
29	263	3
29	341	3
29	361	2
370	29	3
29	383	1
407	29	1
409	29	3
29	466	2
29	498	1
502	29	1
30	55	2
57	30	2
103	30	2
122	30	1
187	30	3
30	338	1
30	381	1
589	30	2
34	31	1
31	40	3
50	31	3
56	31	3
58	31	2
31	88	1
98	31	1
31	111	2
31	152	3
156	31	2
31	216	2
219	31	2
31	250	2
31	307	3
31	340	2
32	42	3
32	53	3
100	32	1
134	32	1
242	32	2
246	32	1
366	32	1
32	405	3
587	32	1
51	33	3
58	33	3
79	33	1
33	102	2
105	33	1
33	109	1
33	135	3
142	33	3
33	200	2
202	33	2
33	234	1
237	33	3
33	251	1
254	33	3
33	264	1
33	285	3
33	288	1
291	33	1
439	33	1
33	478	1
33	483	3
33	511	3
34	37	3
41	34	1
34	69	1
34	77	2
88	34	1
110	34	1
34	122	3
171	34	1
188	34	1
34	227	2
319	34	2
34	328	3
34	410	1
515	34	2
34	568	1
579	34	3
35	83	2
35	85	2
35	482	3
493	35	3
36	80	1
150	36	3
36	175	2
36	252	3
268	36	3
36	544	2
68	37	3
37	157	3
176	37	1
234	37	1
262	37	3
37	269	1
37	334	2
37	362	2
37	381	3
38	71	1
38	150	1
213	38	1
215	38	1
360	38	1
38	369	3
61	39	3
39	64	2
39	65	3
39	130	1
39	147	2
39	206	2
247	39	1
387	39	3
529	39	2
534	39	3
40	134	1
40	200	2
327	40	2
342	40	3
40	382	3
568	40	1
41	46	1
48	41	3
49	41	1
41	55	2
41	78	2
305	41	1
41	319	2
335	41	1
440	41	2
41	470	1
41	491	3
508	41	3
41	518	3
49	42	3
52	42	3
72	42	2
80	42	1
111	42	3
113	42	1
137	42	2
185	42	2
42	285	2
42	292	2
42	401	2
42	413	3
42	444	2
538	42	3
42	589	3
74	43	3
43	90	1
205	43	1
322	43	3
43	347	3
43	408	3
43	479	1
44	45	1
44	92	2
166	44	1
181	44	2
223	44	3
269	44	3
44	414	1
44	439	1
44	441	2
44	589	2
45	52	3
45	65	2
207	45	1
45	488	3
598	45	2
46	66	2
124	46	3
154	46	1
46	489	1
558	46	2
47	114	1
341	47	1
71	48	3
48	78	3
79	48	3
48	83	2
48	94	2
48	145	3
162	48	2
48	197	1
225	48	1
48	232	3
273	48	3
387	48	2
48	389	2
400	48	3
131	49	1
49	160	3
190	49	3
49	209	1
376	49	1
382	49	2
49	498	3
49	511	3
107	50	1
50	264	1
50	547	2
128	51	1
51	218	1
51	311	2
51	438	2
488	51	3
52	59	3
78	52	3
52	92	1
140	52	3
52	175	2
358	52	1
396	52	1
434	52	2
169	53	3
53	176	2
181	53	2
53	287	2
54	67	2
69	54	3
54	91	2
54	117	3
171	54	3
54	238	1
54	239	1
240	54	2
54	243	1
300	54	1
423	54	3
54	508	3
116	55	1
123	55	1
136	55	2
55	180	3
205	55	3
216	55	1
55	243	2
55	248	3
317	55	1
55	359	3
55	528	1
55	593	1
65	56	3
56	75	2
56	457	3
521	56	1
76	57	2
57	494	1
60	58	1
58	62	2
58	72	1
85	58	1
138	58	2
58	163	1
275	58	3
324	58	3
331	58	1
339	58	3
58	345	1
437	58	1
449	58	2
595	58	2
60	59	1
59	116	3
143	59	2
415	59	3
194	60	3
60	201	2
60	447	2
467	60	1
504	60	3
60	556	3
185	61	1
62	69	3
101	62	2
62	567	2
73	63	3
86	63	3
91	63	2
63	101	1
173	63	2
63	255	2
287	63	2
63	336	3
490	63	1
63	572	3
320	64	3
65	290	2
65	318	3
411	65	3
65	543	2
142	66	3
481	66	2
67	75	1
67	81	3
125	67	3
67	130	3
67	161	2
189	67	3
67	190	1
67	225	1
236	67	3
242	67	3
67	272	1
67	340	1
67	571	1
68	159	3
68	180	1
228	68	2
68	282	2
297	68	1
314	68	3
68	409	3
486	68	2
491	68	1
69	124	3
87	70	2
104	70	3
145	70	1
70	236	2
247	70	2
70	383	2
70	503	3
521	70	3
551	70	2
71	76	3
71	91	1
124	71	1
128	71	2
129	71	3
144	71	2
183	71	2
194	71	1
71	234	1
71	371	2
374	71	3
393	71	3
71	442	2
141	72	3
143	72	2
72	209	2
72	224	3
72	278	1
72	309	2
72	323	1
333	72	1
400	72	2
430	72	1
72	512	2
588	72	3
73	240	3
73	323	3
73	398	3
73	458	1
167	74	3
526	74	2
595	74	3
75	80	2
75	146	3
75	149	3
178	75	3
199	75	3
203	75	2
216	75	3
75	224	2
75	235	1
75	313	2
325	75	3
346	75	2
354	75	3
75	472	3
525	75	3
75	571	3
102	76	3
117	76	2
372	76	1
76	417	3
76	520	1
76	525	2
76	582	3
76	586	2
129	77	3
81	78	3
158	78	2
207	78	3
78	286	2
78	299	1
78	421	2
78	476	3
574	78	3
79	96	3
79	104	2
79	174	3
175	79	3
79	195	1
79	196	2
79	228	1
79	280	3
302	79	1
350	79	2
355	79	3
79	575	1
184	80	2
245	80	2
268	80	3
514	80	1
81	204	1
82	110	3
82	167	3
82	203	2
230	82	3
82	308	1
82	327	1
446	82	1
82	484	3
82	501	3
82	502	2
82	526	3
83	97	2
168	83	1
540	83	1
83	559	2
84	276	3
470	84	1
93	85	3
85	326	1
86	98	2
135	86	1
86	141	2
164	86	3
253	86	3
423	86	3
453	86	2
86	478	2
86	481	3
86	530	3
86	559	2
560	86	3
591	86	2
95	87	3
87	127	3
87	158	3
87	178	2
282	87	2
284	87	2
87	312	2
316	87	3
357	87	2
87	362	3
402	87	1
496	87	3
87	516	2
87	543	1
87	552	1
87	554	3
574	87	2
597	87	3
88	102	3
88	160	2
169	88	2
88	178	2
186	88	2
295	88	1
306	88	2
321	88	1
88	395	2
88	487	1
89	99	2
109	89	3
89	148	2
155	89	3
209	89	2
89	348	3
367	89	3
89	406	1
328	90	3
90	398	1
92	110	2
131	92	3
92	134	1
92	141	1
92	153	2
92	241	3
252	92	3
259	92	1
92	286	2
289	92	1
92	318	1
338	92	2
92	363	3
431	92	3
92	448	3
92	461	1
469	92	2
573	92	2
93	131	2
93	349	3
93	363	1
93	504	1
94	108	2
94	118	1
144	94	1
94	160	3
94	219	1
94	280	2
432	94	2
94	440	1
507	94	1
103	95	3
107	95	1
95	137	2
95	146	3
95	352	3
96	251	1
96	573	2
152	97	3
172	97	1
97	182	1
189	97	2
206	97	1
97	422	3
97	444	1
97	506	2
536	97	3
97	550	2
98	208	1
98	222	1
380	98	3
388	98	2
98	428	2
558	98	1
99	165	1
426	99	2
351	100	2
100	585	1
403	101	2
275	102	3
102	277	1
339	102	1
102	406	1
120	103	2
126	103	1
103	132	2
239	103	1
103	259	2
556	103	3
595	103	2
104	119	1
146	105	3
105	230	1
105	464	2
527	105	2
106	354	1
311	107	3
107	380	3
108	137	2
139	108	2
171	108	2
108	183	1
397	108	1
109	238	2
270	109	1
296	109	2
109	474	2
136	110	2
110	202	2
210	110	3
247	110	2
110	409	3
551	110	1
110	565	1
125	111	2
218	111	3
276	111	2
111	313	2
111	386	1
548	111	3
112	147	2
112	165	1
184	112	1
274	112	3
296	112	2
112	373	1
427	112	1
512	112	1
523	112	3
599	112	3
418	114	2
208	115	2
115	472	1
116	148	1
172	116	2
116	277	1
181	117	2
370	117	1
118	415	2
118	540	1
119	258	1
148	120	3
174	120	1
258	120	2
120	267	2
271	120	2
329	120	2
335	120	3
442	120	3
120	487	3
120	496	3
133	121	2
254	121	2
309	121	3
121	411	1
417	121	3
121	430	1
437	121	1
121	486	3
121	494	2
191	122	1
321	122	2
509	122	3
123	177	2
176	124	1
125	139	3
177	125	2
125	193	2
241	125	2
245	125	2
125	304	1
125	557	2
197	126	3
288	126	3
297	126	3
320	126	2
356	126	2
126	415	2
126	545	2
126	587	3
138	127	1
127	337	1
127	516	3
543	127	3
482	128	2
129	273	1
583	129	3
308	132	3
383	133	1
133	462	2
133	541	1
585	133	1
135	594	1
162	136	1
136	271	2
137	151	3
137	394	3
137	566	1
138	182	2
139	215	3
139	302	2
221	140	3
239	140	1
315	140	3
140	547	2
242	142	3
142	376	2
448	142	3
305	143	3
499	143	2
144	153	2
144	299	1
397	144	1
426	144	3
441	144	2
325	145	1
145	434	3
146	154	2
191	146	3
256	146	3
329	146	2
381	146	3
456	146	2
146	469	3
576	146	3
148	149	1
148	364	3
564	148	1
205	149	1
149	317	2
149	445	3
150	194	3
150	224	1
150	293	1
390	150	2
150	588	2
550	151	3
539	152	1
152	552	2
153	326	1
229	154	1
475	154	3
156	199	3
215	156	1
156	268	2
470	156	1
156	505	1
158	252	2
159	503	3
159	513	3
159	538	1
159	593	1
166	160	1
390	161	1
161	561	1
510	162	1
162	570	1
319	163	1
164	227	2
270	164	2
198	165	2
165	398	2
166	204	1
463	167	2
167	522	1
541	167	1
168	347	1
168	479	1
255	169	3
281	169	1
303	169	1
309	169	3
392	169	2
170	211	3
523	170	2
171	189	3
310	171	1
331	171	3
171	377	3
171	413	1
492	171	2
564	171	1
172	246	2
172	339	3
408	172	3
172	486	3
172	497	1
531	172	2
172	569	1
531	173	2
174	334	1
175	219	3
175	223	2
175	235	2
175	289	2
281	176	2
289	176	2
176	404	1
176	492	1
177	368	1
465	177	2
177	496	1
524	177	2
298	178	1
178	379	3
178	482	3
529	178	1
579	178	2
308	179	2
180	232	3
180	292	2
466	180	1
180	563	1
254	181	3
277	181	1
286	181	2
352	181	1
257	182	2
233	183	1
184	273	1
359	184	1
434	186	3
186	448	3
186	533	2
578	186	2
214	187	1
187	473	3
188	212	3
188	368	3
188	566	2
592	188	1
233	189	2
240	189	3
189	250	2
351	189	2
189	450	2
189	530	3
190	235	1
190	295	2
191	231	2
378	191	3
191	417	2
192	315	1
360	192	1
195	214	3
195	220	2
244	196	2
196	350	2
196	426	1
196	461	2
196	476	2
525	196	3
557	196	2
223	197	1
283	197	3
197	420	1
197	590	2
267	198	2
198	372	1
272	200	1
353	201	1
202	322	3
430	202	2
546	202	1
207	203	1
359	203	1
204	510	2
206	344	1
206	386	3
403	207	1
507	207	2
580	207	1
208	304	3
364	208	2
208	366	3
210	345	1
210	346	1
210	578	3
211	213	3
211	257	3
211	473	2
481	211	2
211	553	3
217	213	2
213	233	3
295	213	3
361	213	2
379	213	1
213	485	2
572	214	1
215	221	1
215	245	1
259	215	2
215	312	3
215	356	1
389	216	2
419	217	1
217	429	3
393	218	1
357	219	3
220	407	1
221	391	2
548	221	1
222	424	1
452	222	1
463	222	2
222	577	1
223	405	1
224	264	2
224	386	1
224	414	2
224	428	3
500	224	2
225	304	1
230	229	1
513	229	3
230	249	2
326	231	1
231	349	3
444	232	1
456	232	3
233	266	2
233	391	3
465	233	1
528	233	1
234	353	2
427	234	2
234	462	3
235	436	3
236	285	2
238	305	2
374	238	3
238	421	3
436	238	1
363	239	1
239	385	2
392	239	3
240	303	1
274	241	2
241	393	3
241	445	2
422	242	1
242	425	3
242	539	2
243	416	3
477	243	1
243	517	1
549	243	2
245	297	1
245	314	3
347	245	2
401	245	2
469	246	3
570	246	3
247	343	3
404	247	1
456	247	3
332	250	3
250	343	3
360	250	3
250	474	3
283	252	2
284	253	3
253	446	3
254	335	2
465	254	2
471	254	1
561	254	2
255	384	3
256	569	2
257	487	1
279	258	2
361	258	3
369	258	1
258	388	3
457	258	2
258	500	3
555	258	2
303	262	1
369	262	2
301	263	2
263	485	1
263	520	3
265	497	3
266	512	3
452	267	1
334	269	1
269	389	3
272	451	3
275	330	1
358	275	2
368	275	3
429	275	2
336	276	2
278	277	1
567	277	3
399	278	2
310	280	3
280	384	1
404	280	3
424	280	1
499	280	3
280	506	3
281	503	2
527	281	2
318	283	3
379	283	3
283	384	3
436	283	3
284	288	2
284	301	3
581	284	1
285	301	3
598	285	3
557	286	1
289	344	2
397	289	1
500	289	1
289	544	3
343	290	1
290	583	1
291	538	2
291	563	2
292	315	2
294	450	2
295	378	1
296	546	2
587	296	1
297	498	3
299	357	2
300	441	2
599	303	1
304	345	1
505	305	2
593	308	3
310	317	3
310	330	3
312	447	2
478	312	1
494	312	3
316	314	3
314	320	1
450	314	2
315	592	1
420	317	2
317	451	3
399	319	3
319	440	3
348	321	3
321	458	3
493	321	1
549	321	1
433	323	1
324	421	3
480	324	3
325	414	2
532	325	2
464	326	1
387	329	3
394	329	1
412	331	1
429	331	3
332	453	1
333	346	3
333	348	1
475	333	1
333	480	3
334	407	3
337	533	1
374	338	1
390	338	1
338	463	1
340	445	2
412	343	2
449	343	2
476	343	2
590	343	3
353	347	3
347	422	1
571	348	1
349	532	3
459	350	1
518	351	2
362	352	2
432	352	2
451	352	3
568	352	3
394	354	3
354	416	2
449	354	3
355	413	3
355	590	3
356	560	2
357	370	3
357	591	3
365	359	1
466	359	3
360	418	3
462	363	1
363	485	2
519	363	3
560	365	1
367	376	1
454	370	1
542	375	3
565	375	2
484	376	3
546	376	3
385	378	2
379	460	1
380	442	3
455	380	3
381	551	2
582	383	1
391	536	2
395	467	3
477	395	1
402	396	3
396	517	3
474	397	1
488	397	3
398	515	3
402	411	2
468	403	1
406	404	1
433	405	2
452	405	1
408	562	1
535	410	2
548	413	2
414	501	1
415	555	2
425	499	2
570	425	1
454	428	3
428	550	3
531	430	1
430	581	2
490	432	3
596	432	2
472	435	3
581	435	2
464	437	3
559	441	2
441	592	3
446	444	3
553	445	2
451	477	3
569	451	2
451	577	3
578	451	3
489	454	1
454	493	1
597	458	1
572	462	1
466	475	2
509	468	3
521	468	1
479	469	1
470	508	2
513	470	3
472	523	2
544	473	1
519	474	1
580	482	1
487	547	1
488	554	1
489	584	2
492	561	3
497	495	1
540	495	3
500	511	3
505	503	3
596	504	3
576	505	2
508	535	3
513	563	3
537	515	3
516	573	3
517	519	2
518	534	2
598	519	3
541	521	3
529	556	2
543	562	2
552	558	2
552	583	3
580	566	3
577	567	1
567	579	2
585	567	2
