1	0	2
2	0	2
3	0	1
4	0	2
0	5	3
7	0	2
19	0	2
23	0	3
0	33	3
0	39	1
56	0	1
65	0	3
74	0	2
0	76	3
0	132	2
156	0	2
0	176	3
202	0	3
0	279	1
370	0	2
425	0	3
432	0	1
489	0	3
522	0	3
0	523	2
1	2	3
3	1	2
1	4	3
6	1	3
7	1	2
1	8	3
1	9	1
1	11	1
12	1	2
13	1	2
1	14	3
15	1	3
16	1	1
17	1	2
18	1	1
1	19	3
24	1	2
1	27	1
28	1	1
29	1	2
35	1	3
1	37	2
1	39	2
40	1	1
42	1	3
44	1	3
46	1	3
47	1	1
1	50	1
1	51	2
55	1	3
58	1	2
1	60	2
63	1	2
1	66	1
71	1	1
72	1	2
74	1	3
84	1	3
1	91	2
1	94	1
95	1	1
1	98	3
1	118	2
119	1	1
1	120	2
1	124	1
1	136	3
148	1	3
1	149	2
1	155	2
1	156	1
1	166	3
1	175	3
182	1	1
188	1	1
1	191	2
213	1	3
1	223	1
1	224	1
1	227	3
1	239	3
250	1	2
1	251	1
1	280	2
281	1	3
1	284	1
290	1	3
1	301	2
308	1	2
1	314	1
1	327	1
337	1	3
1	350	3
1	364	3
375	1	2
1	378	2
1	379	2
1	382	3
409	1	3
1	410	1
423	1	2
1	427	3
430	1	1
1	436	2
1	438	1
457	1	2
1	461	1
463	1	1
1	468	2
489	1	1
1	490	2
1	498	3
512	1	2
522	1	2
533	1	3
543	1	3
556	1	2
564	1	1
565	1	3
585	1	3
590	1	3
598	1	2
2	3	2
4	2	1
2	5	1
9	2	1
10	2	2
2	17	1
2	30	2
2	36	2
37	2	1
42	2	3
2	62	2
2	95	1
96	2	3
2	111	3
2	112	2
122	2	3
124	2	2
2	151	3
182	2	3
2	185	1
2	273	2
2	299	1
361	2	2
2	424	3
2	439	3
454	2	3
2	553	3
576	2	1
578	2	2
3	5	2
6	3	2
8	3	3
11	3	1
16	3	2
22	3	1
25	3	2
3	26	3
3	29	3
43	3	1
3	54	1
64	3	1
68	3	2
82	3	3
85	3	3
101	3	1
107	3	2
3	115	3
3	116	1
3	118	2
3	134	3
136	3	1
140	3	1
152	3	3
189	3	3
3	192	3
3	194	1
208	3	1
3	215	2
222	3	3
242	3	1
3	244	1
246	3	1
259	3	3
292	3	2
3	296	1
298	3	2
3	299	1
310	3	2
319	3	3
3	346	3
3	348	2
3	351	1
3	363	2
364	3	1
3	365	2
3	367	2
3	374	2
3	388	1
3	389	2
453	3	1
3	463	3
3	484	3
3	485	3
3	509	3
518	3	1
3	519	2
3	525	2
3	526	2
3	539	1
3	545	2
3	558	1
3	571	3
583	3	2
585	3	1
598	3	2
70	4	3
6	5	2
5	8	3
10	5	1
5	24	3
41	5	1
5	47	2
5	54	1
5	64	3
5	81	1
83	5	2
100	5	1
109	5	1
110	5	1
5	123	3
5	174	3
199	5	3
221	5	1
5	293	2
5	383	2
5	402	2
5	455	2
5	464	1
5	546	1
584	5	3
7	6	1
15	6	3
6	43	1
6	51	1
78	6	1
6	85	1
86	6	1
6	94	2
6	125	1
141	6	2
160	6	2
6	172	2
181	6	3
6	190	3
236	6	2
6	238	3
6	240	3
6	265	2
6	268	1
6	351	1
6	407	2
410	6	3
459	6	2
483	6	3
6	488	3
6	524	3
535	6	1
6	558	3
7	10	1
11	7	1
7	12	1
7	13	2
7	15	1
20	7	1
7	27	3
7	35	2
7	40	3
7	41	3
7	48	2
7	56	2
7	78	2
103	7	2
116	7	1
118	7	1
210	7	2
7	212	3
7	214	1
7	263	2
320	7	1
327	7	3
7	360	1
7	384	3
7	394	1
397	7	1
422	7	3
7	433	3
7	437	1
7	478	1
526	7	2
7	555	2
7	597	3
9	8	1
8	12	3
8	17	2
21	8	3
8	23	2
8	25	3
26	8	3
30	8	1
8	35	1
36	8	2
41	8	3
8	54	1
64	8	1
8	67	1
8	77	3
81	8	3
8	98	3
106	8	3
107	8	1
8	112	2
8	128	1
132	8	2
137	8	2
8	145	2
148	8	3
8	164	1
8	168	3
171	8	1
8	173	2
8	178	3
8	184	2
8	193	3
195	8	3
8	196	3
8	200	2
8	206	3
8	207	3
231	8	2
234	8	3
237	8	2
8	243	3
8	254	3
8	286	3
8	295	1
320	8	2
332	8	2
8	339	1
340	8	2
371	8	1
8	378	3
402	8	1
8	418	2
425	8	1
460	8	2
475	8	3
8	486	1
491	8	3
492	8	1
8	504	1
8	527	3
529	8	1
8	532	1
534	8	2
8	544	3
8	563	1
13	9	3
9	14	2
20	9	2
9	21	1
38	9	1
9	53	3
59	9	1
232	9	3
9	234	3
9	460	1
467	9	1
9	470	1
598	9	2
10	14	1
10	22	1
32	10	3
61	10	1
10	75	1
10	88	3
10	105	2
10	114	1
119	10	3
10	147	3
10	169	1
10	171	3
10	179	2
10	194	2
204	10	1
10	207	2
10	222	1
10	223	1
225	10	2
249	10	1
261	10	2
264	10	1
275	10	3
288	10	3
389	10	2
400	10	1
516	10	3
578	10	3
11	24	2
11	101	3
138	11	1
11	151	1
11	220	3
256	11	2
288	11	2
302	11	1
11	355	2
11	381	2
11	399	2
11	457	3
472	11	3
582	11	2
12	16	1
12	19	2
12	21	1
12	31	2
50	12	2
12	95	2
98	12	2
107	12	3
12	112	3
163	12	1
12	198	3
12	201	2
12	253	1
276	12	2
307	12	2
317	12	3
395	12	3
12	406	3
12	461	1
486	12	1
522	12	3
12	591	3
57	13	1
13	90	3
13	444	3
48	14	2
60	14	3
103	14	2
14	137	1
14	183	1
14	262	1
289	14	3
14	438	2
14	581	3
89	15	2
15	219	1
15	242	2
325	15	1
367	15	2
15	476	2
16	18	3
16	22	1
23	16	1
16	25	3
28	16	2
32	16	2
16	44	2
49	16	3
69	16	2
154	16	3
158	16	2
194	16	1
16	218	2
16	237	2
302	16	1
315	16	3
16	326	3
346	16	2
16	382	2
16	426	3
16	435	2
16	471	3
16	500	3
16	573	1
17	18	1
17	20	3
17	28	1
29	17	2
17	32	1
33	17	3
17	53	2
17	82	2
113	17	2
150	17	2
197	17	1
17	250	1
329	17	2
336	17	2
375	17	1
17	379	3
17	380	2
391	17	3
17	398	3
17	420	3
17	456	2
474	17	2
531	17	1
34	18	1
18	36	3
18	38	2
52	18	3
59	18	1
18	62	3
18	79	2
18	91	2
18	93	2
18	97	2
18	166	3
18	171	1
192	18	2
196	18	3
18	350	1
18	407	3
577	18	2
19	26	1
66	19	1
99	19	3
158	19	2
19	458	3
567	19	3
586	19	2
30	20	3
20	33	3
20	56	1
74	20	3
20	80	3
84	20	2
106	20	1
20	113	2
20	134	1
138	20	3
161	20	3
175	20	1
20	197	3
20	219	1
231	20	3
20	265	1
312	20	1
347	20	1
20	448	2
20	499	3
550	20	2
565	20	1
593	20	3
27	21	2
21	44	1
45	21	1
147	21	3
21	203	2
21	236	1
21	283	2
565	21	1
34	22	1
37	22	1
22	43	2
52	22	3
22	127	3
22	130	3
143	22	1
149	22	3
22	159	1
22	202	1
216	22	3
223	22	2
22	357	2
22	378	2
408	22	2
22	538	3
554	22	1
555	22	1
588	22	2
23	290	1
23	296	2
464	23	1
23	483	2
23	557	2
590	23	3
24	31	3
24	38	2
24	57	3
24	60	1
63	24	1
65	24	1
79	24	2
104	24	3
217	24	2
24	300	1
119	25	2
25	162	3
25	182	2
25	252	1
25	277	2
25	542	1
34	26	1
83	26	1
92	26	2
111	26	2
26	140	1
26	145	1
26	186	2
275	26	3
288	26	1
446	26	3
452	26	1
26	496	1
548	26	3
31	27	3
27	73	2
27	92	3
113	27	3
27	127	1
128	27	1
161	27	2
162	27	3
180	27	2
246	27	2
27	257	1
27	309	2
27	356	2
27	409	1
461	27	1
27	462	3
27	466	3
501	27	2
27	507	2
510	27	1
27	529	3
48	28	1
28	99	3
158	28	2
193	28	1
28	330	2
505	28	2
589	28	2
58	29	1
29	87	3
29	91	2
93	29	3
161	29	2
29	188	2
29	190	2
208	29	1
29	224	1
29	228	2
29	235	3
29	294	1
29	310	3
342	29	3
366	29	2
29	472	1
29	490	1
29	508	3
30	93	2
30	122	3
183	30	3
244	30	2
304	30	2
30	332	1
424	30	2
30	505	3
508	30	2
572	30	2
31	102	1
31	103	1
31	233	3
31	392	2
480	31	3
32	52	3
32	104	3
32	109	1
133	32	2
153	32	3
240	32	3
32	330	1
342	32	1
372	32	1
420	32	3
422	32	3
495	32	1
541	32	1
32	592	3
39	33	2
81	33	2
87	33	1
90	33	3
33	163	2
33	187	2
342	33	3
343	33	1
358	33	3
33	482	3
33	491	2
543	33	1
561	33	2
34	45	3
49	34	3
61	34	2
34	86	3
99	34	2
34	123	2
34	125	1
126	34	2
130	34	1
141	34	3
34	173	1
212	34	1
258	34	3
34	259	2
588	34	2
35	49	1
55	35	3
70	35	1
35	80	1
35	117	1
169	35	2
214	35	3
35	257	2
35	270	3
361	35	2
59	36	1
481	36	2
36	492	2
77	37	1
37	89	1
37	100	3
108	37	1
37	117	1
37	137	3
37	142	3
37	157	1
165	37	1
37	233	1
256	37	3
37	278	3
37	303	2
37	324	3
37	439	1
468	37	2
37	559	3
37	560	2
570	37	2
38	40	1
47	38	2
63	38	1
38	67	1
220	38	3
331	38	1
416	38	3
550	38	3
160	39	3
277	39	2
328	39	2
39	420	2
530	39	1
534	39	1
39	596	3
40	134	1
40	298	3
468	40	3
40	487	1
41	42	3
41	46	3
41	50	2
41	51	2
53	41	2
61	41	2
41	78	3
41	79	1
88	41	2
90	41	3
130	41	3
131	41	3
41	135	2
168	41	1
41	245	1
262	41	2
41	328	2
41	379	2
462	41	1
464	41	1
41	467	1
569	41	2
42	92	2
42	111	1
42	131	2
258	42	2
42	386	2
523	42	3
46	43	1
57	43	3
68	43	1
43	72	3
84	43	3
102	43	1
176	43	1
198	43	1
43	228	1
43	310	3
43	433	1
43	550	1
44	45	3
69	44	2
44	97	3
44	121	2
44	123	3
44	191	2
195	44	1
44	218	3
241	44	1
44	253	2
260	44	1
274	44	2
297	44	3
44	311	2
44	360	1
44	386	3
426	44	2
500	44	2
44	539	2
100	45	1
316	45	3
45	582	3
46	55	1
58	46	3
66	46	2
82	46	2
46	152	1
164	46	1
46	170	3
46	282	3
330	46	2
46	411	2
71	47	2
160	47	1
47	281	2
335	47	3
353	47	3
47	356	1
47	547	2
47	575	3
47	591	3
48	72	3
48	80	2
48	102	2
48	105	2
48	133	3
135	48	3
48	211	1
48	358	1
407	48	1
509	48	1
48	540	2
48	573	2
49	230	1
326	49	3
49	343	3
49	394	3
49	441	2
49	595	2
209	50	1
247	50	1
50	336	3
511	50	3
86	51	1
51	89	3
101	51	1
106	51	1
51	174	3
213	51	3
51	215	1
51	224	1
51	240	1
285	51	2
351	51	1
373	51	3
70	52	3
52	155	3
52	343	3
360	52	2
399	52	1
405	52	1
421	52	2
434	52	2
52	467	3
52	480	1
500	52	1
529	52	3
541	52	3
52	548	1
53	75	2
129	53	3
180	53	2
227	53	3
425	53	3
53	579	3
54	94	2
54	97	1
54	144	3
152	54	2
184	54	2
54	381	2
54	396	1
54	513	3
85	55	1
167	55	3
250	55	1
267	55	3
272	55	3
387	55	3
574	55	3
56	201	3
271	56	3
301	56	3
317	56	2
56	335	1
433	56	1
577	56	1
65	57	3
76	57	1
57	83	2
122	57	1
57	138	2
57	146	3
57	177	2
57	188	1
57	230	3
57	403	2
580	57	3
77	58	3
105	58	3
120	58	1
150	58	3
58	235	1
58	276	2
348	58	2
58	417	3
58	440	3
58	451	1
588	58	1
59	205	2
62	60	3
60	140	3
246	60	1
60	332	2
429	60	3
523	60	1
61	68	1
69	61	2
61	73	2
61	75	3
61	110	3
121	61	2
61	124	2
61	164	1
207	61	2
61	268	3
280	61	3
61	291	3
61	321	1
61	338	3
346	61	3
355	61	1
61	370	1
61	401	1
61	417	3
419	61	2
61	528	3
131	62	3
62	143	2
62	179	2
232	62	2
445	62	2
67	63	3
142	63	1
63	272	3
418	63	3
449	63	1
63	471	1
64	153	2
338	64	1
446	64	2
287	65	3
65	325	2
66	73	3
66	88	1
66	114	2
115	66	2
159	66	3
226	66	3
66	230	3
66	248	1
66	287	2
444	66	2
530	66	2
549	66	2
172	67	3
67	199	3
235	67	2
67	270	1
389	67	3
67	490	2
553	67	2
68	71	3
68	141	2
143	68	2
68	147	2
153	68	1
68	189	1
68	236	3
68	249	1
252	68	2
68	258	2
271	68	2
68	282	3
68	399	1
447	68	2
68	528	2
69	209	1
371	69	3
69	398	3
69	455	2
69	549	1
255	70	2
549	70	3
587	70	1
96	71	2
71	216	1
362	71	1
589	71	2
117	72	3
72	212	1
72	229	1
254	72	2
406	72	3
423	72	3
72	476	3
72	532	3
73	139	2
73	428	2
76	74	1
322	74	1
396	74	2
126	75	1
211	75	2
75	368	3
369	75	1
384	75	3
387	75	2
502	75	2
76	186	2
76	198	2
76	217	1
283	76	1
76	356	1
373	76	2
76	408	2
475	76	3
514	76	3
76	524	3
532	76	3
215	77	3
77	304	1
78	334	3
185	79	3
79	239	3
79	243	3
79	279	3
79	289	2
79	303	2
344	79	3
79	358	3
359	79	1
493	79	1
291	80	2
80	429	2
81	431	2
81	566	1
82	144	2
82	530	2
87	83	3
115	83	1
83	128	1
83	295	3
109	84	1
84	237	1
84	372	2
382	84	3
297	85	1
96	87	3
104	87	3
114	87	3
135	87	2
151	87	3
87	344	2
366	87	2
447	87	1
87	594	1
88	178	2
88	306	1
89	172	1
341	89	1
384	89	2
414	89	3
580	89	3
90	159	3
90	453	2
91	139	3
175	91	1
91	204	1
92	120	1
162	92	1
92	395	1
405	92	1
426	92	1
92	572	3
93	305	1
458	93	3
225	94	1
94	255	1
94	484	1
535	94	2
596	94	1
178	95	3
95	202	2
249	95	2
518	95	1
192	96	2
96	317	3
96	318	2
564	96	3
139	97	3
264	97	3
97	284	3
304	97	2
98	155	3
98	183	2
261	98	1
98	273	3
284	98	2
349	98	1
98	391	2
462	99	2
157	100	3
100	174	3
100	181	3
218	100	2
290	100	2
309	100	3
100	327	1
100	362	3
402	100	2
100	413	1
100	497	2
100	504	2
556	100	2
167	101	2
101	242	3
101	404	3
101	586	1
102	108	3
102	165	2
169	102	3
102	211	3
233	102	1
244	102	1
102	266	2
102	277	3
318	102	1
102	377	3
412	102	2
428	102	2
442	102	2
536	102	2
599	102	2
108	103	3
103	121	3
103	163	3
103	350	3
376	103	2
103	482	1
104	132	2
104	145	1
253	104	3
339	104	1
341	104	3
104	381	2
104	408	1
105	116	3
170	105	2
186	105	1
105	187	1
217	105	3
105	473	2
320	106	2
435	106	2
106	534	2
107	154	3
108	229	3
404	108	3
552	108	2
110	109	3
126	109	2
109	129	3
109	136	2
109	306	3
323	109	2
369	109	2
109	437	1
473	109	1
110	165	1
110	190	2
199	110	3
205	110	1
110	285	1
411	110	2
111	168	2
111	213	3
111	478	2
112	357	1
113	263	1
114	125	3
148	114	3
144	115	1
477	115	1
146	116	3
116	149	1
166	116	2
116	385	1
116	439	3
167	117	1
481	117	3
119	200	2
120	150	1
221	120	3
238	120	3
331	120	1
120	333	2
120	353	1
120	403	1
120	430	3
485	120	1
120	571	3
498	121	2
121	580	1
122	492	3
526	122	1
185	123	1
124	127	1
133	124	1
124	156	2
370	124	1
458	124	1
124	511	3
129	125	2
187	125	3
125	205	2
125	269	3
393	125	2
125	472	1
337	126	3
347	126	1
128	222	1
393	128	1
416	128	3
210	129	1
293	130	1
130	319	3
130	339	1
130	403	2
130	414	2
130	506	2
131	200	1
321	131	2
368	131	3
132	501	3
133	307	1
134	263	3
134	266	2
134	535	1
554	134	1
134	557	2
142	135	1
135	443	2
135	551	3
136	146	1
136	318	3
136	345	1
354	136	3
136	423	1
136	448	3
136	487	2
136	560	1
206	137	1
450	137	3
415	138	3
138	431	1
446	139	2
352	140	2
141	173	3
261	141	2
141	470	3
177	142	1
142	302	3
260	143	3
279	143	3
143	424	2
143	493	1
143	592	2
154	144	3
189	144	3
191	144	2
144	216	3
255	144	2
144	316	2
144	392	1
179	145	2
267	145	1
145	487	1
145	583	1
521	148	2
572	148	1
148	579	3
148	584	1
149	176	1
149	228	3
313	149	1
368	149	2
149	574	1
180	150	3
193	150	3
150	305	3
150	334	2
359	150	3
150	398	1
494	150	3
150	512	2
203	152	3
152	234	2
152	412	2
153	214	2
265	153	2
157	154	1
371	154	1
154	531	2
155	251	2
155	256	2
283	155	3
314	155	3
345	155	1
156	219	3
157	170	2
157	260	3
157	286	1
157	311	2
345	157	1
157	362	3
541	157	1
157	558	1
570	157	3
158	361	1
197	159	2
159	326	1
241	160	2
247	161	1
287	161	3
300	161	1
418	161	3
162	314	1
208	163	3
163	209	3
163	373	2
163	569	3
177	164	3
292	164	1
427	164	3
164	434	1
181	165	2
340	165	1
165	453	1
480	165	1
166	201	3
488	167	3
267	168	2
171	286	2
548	171	3
172	271	1
251	173	1
173	322	3
173	395	2
443	173	3
173	457	1
174	239	1
174	374	2
177	184	1
177	495	2
178	203	1
427	178	1
178	509	2
521	178	3
178	586	2
181	196	3
181	252	1
181	400	3
459	181	1
494	181	1
183	363	3
502	183	3
241	184	2
184	294	2
366	184	2
479	184	3
185	226	3
185	469	3
391	186	2
226	187	2
187	232	1
296	187	1
187	406	3
188	442	3
206	189	1
313	189	1
189	437	2
503	190	2
191	293	3
191	493	3
192	204	2
192	268	1
192	289	3
375	192	3
376	192	3
195	193	3
225	193	1
193	298	3
194	596	3
195	312	3
445	195	3
507	195	2
221	197	1
197	300	3
197	308	3
323	197	1
542	197	2
197	581	3
220	199	2
199	274	3
199	566	3
436	200	3
200	518	2
591	200	1
201	227	1
201	257	1
306	201	2
313	201	3
463	201	2
202	336	2
386	202	1
590	202	1
247	203	1
278	203	1
203	367	2
499	203	1
204	238	1
204	243	2
566	204	1
205	210	1
205	517	2
206	483	3
207	428	2
309	208	2
208	340	1
208	515	1
208	525	3
209	308	3
209	324	2
209	454	3
209	552	1
587	209	2
210	229	1
211	568	2
489	212	2
212	552	1
254	213	2
297	214	2
214	585	2
215	292	1
215	560	3
401	216	1
269	218	3
218	562	3
245	219	1
269	219	1
390	219	2
219	411	1
474	219	3
479	219	2
219	581	2
273	220	3
220	280	1
264	222	3
316	222	3
359	222	2
223	231	2
275	223	1
413	223	3
223	515	2
223	527	1
272	224	1
440	224	1
562	224	1
225	328	2
226	380	2
226	390	3
226	514	1
274	227	3
374	227	1
388	228	3
452	228	1
228	515	1
259	229	3
229	372	2
229	383	3
488	229	3
229	594	1
507	231	2
470	232	1
599	233	3
234	436	3
234	564	2
570	234	2
235	248	1
329	237	3
237	449	2
240	245	2
240	447	1
385	241	2
536	241	1
242	278	3
242	419	1
243	417	1
248	244	3
245	508	3
245	545	3
305	246	2
246	348	3
294	247	3
354	249	2
369	249	2
250	262	1
250	282	3
312	250	1
546	250	3
251	307	1
281	252	1
347	252	3
252	466	3
510	252	1
455	253	1
253	477	1
254	321	1
254	414	2
254	465	2
579	254	2
380	255	2
255	452	1
255	525	3
445	256	2
505	256	3
276	258	1
258	338	3
259	266	2
259	390	1
260	376	2
260	540	3
539	261	2
262	506	3
533	262	3
392	263	3
432	263	1
265	349	2
266	270	2
266	322	1
349	266	1
266	397	1
267	587	1
268	333	3
323	269	2
270	295	3
299	270	2
365	270	1
271	331	3
271	442	1
271	506	1
584	271	3
303	272	1
383	272	2
272	409	1
334	273	1
365	273	3
475	273	3
285	277	3
575	277	3
278	341	1
574	278	3
282	319	2
282	329	2
377	282	3
282	517	2
283	291	2
283	301	2
283	355	2
337	285	1
559	286	1
335	287	3
287	503	1
288	546	3
363	289	1
394	289	2
290	531	3
421	294	3
512	294	1
465	295	2
496	295	2
296	516	3
485	297	3
497	300	1
324	301	2
387	301	1
303	422	1
303	511	2
304	333	1
304	528	3
304	597	2
305	344	2
305	364	3
477	306	3
308	311	1
545	308	2
315	309	2
494	309	3
432	311	3
354	312	2
315	313	2
430	313	2
459	315	3
415	316	3
435	316	3
521	317	2
317	576	3
320	325	2
400	320	3
320	419	3
321	476	2
321	538	2
322	450	3
510	325	2
326	397	1
473	326	3
327	496	3
329	416	2
329	479	2
537	329	3
330	465	1
330	519	1
563	331	2
543	333	1
514	334	1
516	334	1
520	334	3
334	524	2
334	540	3
334	544	2
559	334	3
385	336	3
337	352	2
337	393	2
448	337	3
357	339	1
339	396	3
415	339	2
339	501	2
513	339	1
441	341	2
594	342	3
343	451	2
344	466	1
344	573	1
345	352	3
353	346	1
443	348	2
348	513	2
352	454	3
354	377	2
482	355	3
358	388	1
478	361	1
361	597	3
362	542	3
363	456	3
471	364	2
365	429	3
444	365	1
365	568	3
410	368	2
440	372	3
372	576	1
551	373	3
555	376	2
378	450	1
379	413	1
379	469	1
379	563	2
567	379	3
380	401	1
381	412	1
381	551	2
562	382	3
495	383	1
595	383	1
441	385	2
385	491	2
386	404	1
405	391	3
421	394	3
592	394	1
398	431	2
401	547	1
403	434	1
403	486	1
583	406	3
568	414	1
418	561	1
538	422	1
527	429	2
449	430	1
432	438	3
433	499	2
503	434	2
460	437	1
438	456	1
438	578	3
439	484	3
451	440	2
519	440	1
449	557	3
498	450	3
517	451	1
582	451	1
469	456	3
457	481	1
567	457	1
474	462	1
465	504	3
466	502	3
469	575	1
497	472	2
474	589	2
537	498	3
520	500	1
505	593	2
506	599	2
509	533	1
515	520	3
544	515	2
547	515	2
521	556	2
595	523	2
524	536	1
537	535	2
537	571	2
577	537	3
553	539	3
569	542	2
561	547	1
548	554	1
593	557	2
