165	0	1
0	160	3
0	199	3
107	0	1
0	86	2
0	182	2
1	162	2
1	8	2
1	194	3
50	1	1
1	155	1
1	55	1
143	1	1
89	1	2
51	1	1
2	164	3
107	2	3
2	113	2
4	2	2
138	2	3
2	196	2
2	88	1
2	9	3
174	3	1
21	3	2
3	154	1
3	38	1
50	3	1
4	120	1
97	4	3
187	4	1
161	4	3
4	186	1
149	5	3
5	140	1
63	5	1
5	101	2
5	78	1
177	5	3
153	6	3
6	18	1
155	6	1
6	156	1
20	6	3
6	144	2
103	6	2
44	7	1
172	7	1
7	111	2
7	174	3
128	7	1
7	71	3
67	8	3
8	89	1
8	88	2
45	9	1
191	9	3
131	9	3
188	9	1
9	79	3
128	10	2
10	189	3
10	27	1
12	10	3
80	10	2
10	29	2
136	10	1
10	174	3
10	71	3
76	11	1
196	11	3
11	18	1
163	11	3
11	15	2
11	33	3
139	11	2
12	25	3
197	12	2
180	12	2
52	12	2
63	12	3
12	195	1
81	12	3
12	185	3
12	124	3
54	13	2
32	13	2
13	145	3
83	13	3
106	14	3
15	58	1
154	15	2
79	15	2
137	15	3
16	57	1
45	16	2
16	36	1
19	16	2
17	109	3
17	163	1
17	56	2
81	17	1
17	64	2
128	18	2
18	124	2
18	91	3
18	32	1
149	18	3
19	160	3
19	26	1
55	19	1
19	122	1
19	121	3
19	34	3
167	20	2
44	20	2
20	165	1
20	32	1
57	20	3
20	196	1
21	196	1
21	104	1
52	21	1
65	21	1
160	21	3
21	63	2
92	21	2
142	21	1
22	50	2
171	22	2
67	22	1
162	22	1
78	22	1
23	171	3
159	23	3
192	23	1
23	42	3
102	24	3
24	46	3
182	24	2
24	86	1
24	143	1
24	53	2
152	25	2
25	142	3
25	57	2
114	26	2
51	26	3
28	26	1
27	54	2
140	27	3
27	107	1
42	27	3
27	60	1
126	28	3
38	28	3
28	99	3
28	60	2
28	91	3
28	184	1
29	159	3
29	126	3
29	120	1
29	73	3
29	111	3
198	30	2
31	187	1
141	31	3
31	40	2
198	31	2
31	148	2
56	31	2
32	102	2
32	67	1
32	104	3
32	192	3
88	33	3
33	102	3
101	33	2
33	148	3
47	33	2
33	183	2
108	34	1
157	34	1
34	79	2
34	179	3
182	34	1
137	34	1
152	34	1
83	34	1
104	35	2
35	43	1
35	135	1
35	78	2
81	36	3
102	36	1
36	175	1
55	36	3
53	36	3
172	36	1
165	37	2
147	37	1
37	63	2
38	101	1
41	38	1
38	159	1
38	144	3
39	183	3
43	39	2
68	39	1
151	39	3
118	40	2
40	159	3
88	40	3
40	69	1
192	40	2
42	41	1
54	41	3
99	41	2
178	41	3
100	41	1
42	116	2
65	42	2
42	140	3
150	42	1
42	117	1
43	67	1
123	43	3
74	43	2
45	44	3
166	44	2
55	44	1
174	44	3
67	44	3
132	44	3
44	94	3
45	191	2
45	153	2
45	172	1
45	99	2
45	100	2
182	45	1
169	46	3
46	115	3
128	46	1
46	112	3
124	46	3
46	48	2
46	87	1
46	75	3
199	46	1
46	108	2
50	46	1
55	47	3
165	47	1
160	47	2
115	47	3
47	106	3
72	47	1
182	47	3
47	53	2
47	157	1
48	97	1
48	162	2
195	49	2
112	49	1
133	50	1
141	50	2
143	50	2
85	50	1
103	51	1
143	51	2
51	56	2
51	126	1
112	51	1
147	52	2
52	197	1
63	52	3
138	52	3
161	52	2
52	186	3
52	178	1
192	53	3
53	162	1
164	53	2
53	117	2
53	63	2
74	53	1
188	54	1
186	55	2
55	177	2
176	55	1
55	109	2
55	191	3
56	196	3
171	56	3
56	156	3
145	56	1
57	193	2
57	137	2
57	171	1
157	57	1
57	85	1
185	58	3
193	59	2
59	81	1
145	60	1
60	104	2
60	169	2
60	139	1
78	60	1
99	60	2
138	60	1
84	61	1
105	61	1
71	61	3
64	61	2
61	140	1
61	131	3
155	61	2
62	146	3
62	64	2
62	168	1
62	170	1
194	62	1
149	62	1
62	178	3
62	69	3
106	62	3
63	123	3
130	63	1
63	164	1
63	85	1
64	129	2
100	64	3
64	108	1
64	102	1
129	65	1
65	157	1
66	110	1
140	66	3
135	66	1
155	66	3
67	102	2
68	128	3
82	68	2
68	90	3
143	68	1
177	68	2
194	70	1
71	87	3
107	71	2
71	129	3
182	72	3
72	180	1
72	171	1
94	73	3
195	73	2
73	135	3
120	74	1
121	74	2
89	76	2
193	76	3
123	76	2
90	77	3
77	100	3
93	77	1
77	196	3
77	116	3
77	160	2
136	78	3
78	134	3
164	78	3
88	78	3
109	79	1
106	79	1
79	99	1
79	147	1
79	88	1
79	127	3
97	80	1
80	102	2
153	80	2
144	80	2
137	80	2
156	80	2
148	81	3
81	85	1
123	81	3
81	121	3
109	82	2
82	187	1
197	82	2
82	163	2
82	157	1
171	83	1
154	84	3
84	120	2
85	123	1
144	86	3
86	164	1
86	107	2
86	106	3
86	120	3
105	87	2
87	165	1
87	184	1
87	171	1
88	196	3
88	93	3
110	88	2
97	88	3
106	88	2
177	89	1
153	89	3
149	89	3
90	143	1
90	138	2
91	103	1
91	135	1
91	173	1
91	137	2
179	91	2
92	146	2
184	92	1
140	92	3
103	93	1
94	97	2
107	94	1
185	95	3
160	95	1
96	159	2
96	137	2
186	97	3
97	191	3
97	161	1
97	165	2
97	143	3
97	104	1
151	98	1
168	98	3
139	98	2
99	144	3
99	170	1
99	194	1
153	99	2
100	171	2
100	166	2
100	175	1
109	100	1
112	100	1
101	102	1
109	101	2
129	101	1
102	107	1
110	102	2
183	102	2
102	140	1
102	127	2
103	159	2
103	135	2
180	103	1
151	103	1
103	171	2
104	156	3
192	105	1
105	185	2
121	106	3
168	106	1
107	123	2
183	107	1
107	151	3
154	107	1
133	108	2
162	108	3
112	108	2
109	175	1
109	112	2
144	109	2
154	110	2
110	129	1
136	110	3
178	110	1
110	117	1
186	111	3
128	111	2
138	111	3
178	111	2
147	112	2
112	169	1
190	112	3
120	112	1
112	163	2
114	113	2
113	183	3
113	118	2
128	113	2
158	114	2
115	153	1
142	115	3
146	115	3
116	163	1
169	117	2
172	117	2
118	158	1
132	118	1
119	197	2
141	119	3
119	181	2
119	140	1
120	141	2
196	120	2
121	165	1
122	151	3
161	122	3
159	122	1
171	123	2
130	123	1
123	181	2
123	150	3
124	154	1
124	126	2
152	124	1
124	175	2
127	125	1
125	142	3
132	125	2
126	151	1
184	126	2
159	127	1
166	128	2
160	128	2
129	172	3
130	142	2
170	130	1
168	131	1
131	195	1
132	190	2
133	156	1
133	183	3
133	160	2
133	172	1
135	134	3
158	135	2
135	139	3
136	146	3
192	137	2
139	137	3
162	138	3
169	138	1
149	139	2
176	139	3
140	149	3
151	140	2
173	141	2
189	142	1
182	142	2
143	160	3
144	147	2
153	144	1
144	172	1
154	144	1
144	181	1
192	146	1
147	166	2
149	147	2
150	148	3
186	148	3
159	148	3
151	196	2
151	167	2
183	152	2
153	167	2
153	165	1
154	166	2
180	154	1
157	189	1
160	195	3
161	171	1
162	173	1
171	162	3
163	186	2
163	174	2
164	177	2
166	177	1
197	167	3
168	176	3
198	168	3
186	168	1
174	197	1
189	174	2
195	175	1
180	177	1
194	181	1
183	188	3
190	185	3
193	187	3
188	198	3
189	197	2
192	194	1
