0	93	2
0	85	3
0	153	3
158	0	3
0	192	3
51	0	2
123	0	1
0	127	1
0	189	3
139	0	2
1	141	3
1	115	2
158	1	2
78	1	1
1	65	2
1	34	2
120	2	2
2	56	1
2	38	1
91	2	3
2	155	3
109	2	3
2	83	2
86	3	3
145	3	1
3	133	2
33	3	2
155	3	3
4	26	3
4	100	3
4	134	2
58	4	1
4	126	2
4	77	3
5	78	3
5	190	1
75	5	1
5	120	3
5	30	3
5	80	2
86	5	2
33	6	1
137	6	2
6	30	1
6	140	3
159	7	1
7	10	1
7	167	1
96	7	1
7	135	3
63	7	1
7	56	3
7	118	2
8	146	3
174	8	2
8	125	2
8	134	3
8	82	3
8	29	2
12	8	1
9	164	2
68	9	1
9	79	3
9	66	3
13	9	3
49	9	2
9	138	3
9	27	2
19	9	2
43	9	2
156	9	3
110	10	3
102	10	3
10	104	3
147	10	3
10	67	3
11	135	2
11	184	3
11	96	1
11	16	1
11	113	2
11	43	1
90	11	1
11	159	2
11	54	1
101	12	3
66	12	2
12	131	1
12	34	2
12	178	2
171	13	3
128	13	3
123	13	1
13	192	3
121	13	1
124	14	3
14	71	2
152	14	1
14	191	2
47	15	1
135	15	1
107	15	3
150	15	3
39	15	3
129	16	1
16	90	3
16	155	3
16	51	3
93	16	3
17	134	2
17	79	1
76	17	2
17	164	2
101	17	2
17	37	1
154	17	1
18	129	3
173	18	3
18	101	1
171	18	3
18	51	1
18	98	1
18	93	2
18	45	3
18	35	2
145	19	2
19	132	1
19	97	1
115	19	3
19	85	2
19	156	1
19	189	1
19	146	3
135	19	1
186	19	2
114	19	1
72	20	3
105	20	1
20	138	3
143	21	2
21	24	3
21	193	3
22	93	3
22	161	3
22	31	2
22	143	2
115	22	2
90	23	3
60	23	1
81	23	1
24	195	3
24	100	3
24	124	1
24	137	3
196	24	1
93	24	3
24	86	2
25	108	3
158	25	2
50	25	3
26	167	2
26	155	1
26	103	2
26	27	2
73	27	3
195	28	3
126	28	2
28	160	3
70	28	3
28	177	2
28	71	1
29	63	1
132	29	2
172	29	1
30	190	2
30	156	2
30	135	2
155	30	3
177	30	1
158	31	3
31	105	3
146	31	2
31	185	1
31	167	1
199	32	3
32	166	1
32	171	1
96	32	2
83	32	3
193	32	3
194	33	1
119	33	1
33	86	3
33	150	3
33	179	1
33	114	1
33	63	3
172	33	1
34	169	3
34	105	2
56	34	2
34	97	1
76	34	3
81	34	3
59	34	1
34	57	2
118	35	2
90	35	1
101	36	2
141	36	1
36	88	2
138	36	3
36	179	3
36	173	3
36	199	2
36	77	1
37	48	2
37	181	1
38	122	2
83	38	1
124	39	2
192	39	2
39	178	3
176	39	1
121	39	3
39	65	1
39	183	2
114	40	2
40	168	2
91	40	3
48	40	2
53	41	3
132	41	2
108	41	1
41	180	1
42	51	3
42	164	2
43	86	1
43	110	1
73	44	3
44	181	2
44	49	2
183	44	2
44	51	1
44	160	2
129	45	2
175	45	3
45	60	2
45	153	1
131	45	3
45	128	3
112	45	3
45	78	1
45	163	3
118	45	3
46	97	3
46	128	1
46	129	1
82	46	1
47	63	1
52	47	2
180	47	1
113	47	1
92	47	3
133	47	2
134	47	2
90	47	3
189	47	3
47	81	3
172	48	2
48	56	1
48	51	3
48	106	2
49	179	3
68	49	2
188	50	3
50	124	3
104	50	3
120	50	1
50	176	1
118	50	2
198	51	2
51	78	1
52	135	3
189	52	3
165	52	2
52	129	3
161	53	3
83	53	3
60	53	2
81	54	1
183	54	2
130	55	1
55	99	3
166	55	1
188	55	1
157	56	2
56	118	1
57	153	1
89	58	2
122	58	2
168	58	1
58	96	2
58	104	1
58	182	1
58	139	1
59	162	2
59	62	1
170	59	2
59	117	1
59	166	1
86	59	1
76	59	1
60	100	1
60	172	1
60	63	1
144	61	1
61	77	3
79	61	3
146	62	1
62	174	3
62	196	3
197	62	1
66	62	2
108	63	2
99	63	3
63	65	2
64	73	3
64	194	3
64	143	1
64	173	1
81	64	3
72	65	2
70	65	3
65	163	2
106	65	3
100	66	3
67	95	1
67	153	3
173	67	3
67	144	3
141	68	3
68	128	2
192	68	2
68	91	3
109	69	3
69	171	3
76	69	1
69	150	3
69	70	3
69	139	3
69	172	2
166	69	2
168	70	3
159	70	3
128	70	3
80	70	1
70	180	3
70	167	3
164	70	3
104	71	3
175	71	1
71	160	3
183	71	3
126	71	2
72	74	1
72	148	3
72	127	3
185	72	3
118	73	2
94	73	2
97	73	3
182	73	2
74	88	3
74	119	1
74	127	1
75	89	1
99	75	3
75	182	2
165	75	2
174	75	3
91	75	2
81	76	2
97	76	2
76	199	2
134	76	2
121	77	2
159	77	2
176	77	2
173	78	2
143	78	1
78	110	1
78	184	3
183	78	3
79	93	1
97	79	3
101	79	1
187	79	1
162	79	2
80	164	2
80	179	2
80	104	1
165	80	1
80	176	2
198	80	2
111	81	2
161	81	3
81	131	1
156	81	2
115	81	1
151	81	3
199	81	2
103	82	3
134	82	1
83	102	1
170	84	1
84	115	1
84	176	2
85	133	1
85	107	3
86	89	3
87	188	3
188	88	1
190	88	2
134	88	1
152	88	1
90	141	2
91	126	1
91	173	3
91	97	1
92	108	2
164	92	2
92	127	1
147	92	1
92	144	1
93	184	2
94	105	3
94	132	1
120	95	2
95	195	1
165	96	2
156	96	3
96	172	2
96	109	3
104	97	1
98	188	2
183	98	3
103	98	1
98	145	2
185	99	1
100	148	2
100	167	2
100	151	1
101	144	2
101	129	1
101	105	2
101	183	1
152	102	1
102	171	1
127	103	2
198	103	1
193	103	1
133	104	1
105	173	3
131	105	3
175	105	3
106	160	3
178	106	1
183	106	3
174	106	3
155	106	1
174	108	2
111	108	1
108	165	2
175	109	1
115	109	3
176	109	1
177	109	2
174	110	1
110	128	3
112	127	2
150	112	1
113	131	2
113	173	3
113	166	3
152	113	1
114	166	1
145	114	3
114	182	1
160	114	2
179	114	2
116	150	1
116	190	2
189	116	2
168	117	1
137	117	3
188	117	2
118	152	1
118	157	1
118	179	1
159	119	3
170	120	2
120	193	3
140	121	3
148	121	1
121	130	2
144	122	1
156	122	1
156	123	3
151	123	2
124	140	2
124	173	3
175	124	2
143	124	3
139	125	2
125	189	3
128	126	2
126	175	2
169	126	1
127	131	2
127	147	3
133	127	2
128	150	3
129	145	3
130	194	1
130	139	2
150	131	1
131	189	2
165	131	2
160	131	2
166	133	2
135	134	2
134	187	1
155	134	1
169	135	2
135	181	3
135	156	2
150	136	2
197	136	3
143	136	1
136	165	3
137	176	3
137	167	1
137	149	3
138	168	2
180	138	2
138	164	1
138	171	3
143	139	2
139	152	3
147	139	2
162	141	2
148	142	2
146	142	3
142	149	2
155	143	1
143	159	2
143	172	3
143	154	1
155	144	3
197	144	2
144	150	2
152	145	3
145	169	1
147	189	1
187	148	3
148	181	1
149	187	1
151	170	1
152	169	3
154	178	2
175	155	1
156	159	1
168	157	3
176	157	1
189	158	3
173	158	3
169	158	3
170	158	3
188	159	1
162	168	1
164	173	3
165	172	1
190	166	3
194	166	1
174	166	3
176	169	3
189	169	1
199	170	2
172	194	3
172	196	1
177	174	1
176	189	3
178	197	3
180	181	1
198	181	1
196	183	1
186	191	3
192	191	2
192	198	3
