185	0	2
0	98	2
0	154	1
0	8	3
0	183	1
1	137	2
1	153	3
1	126	3
1	20	2
2	58	3
2	143	3
172	2	2
2	162	2
2	64	2
76	2	2
35	2	3
3	6	3
3	56	2
3	188	2
3	96	2
3	91	2
138	3	1
21	4	3
4	106	2
144	4	2
4	75	2
199	4	1
4	114	2
4	54	2
4	93	1
4	62	1
5	38	3
5	64	3
174	5	2
33	5	3
145	5	2
157	5	1
5	163	1
5	63	2
5	171	3
75	6	3
6	145	3
164	6	3
24	7	3
131	7	1
142	7	1
7	51	3
7	67	2
8	47	1
70	8	1
8	98	1
106	8	1
185	8	1
8	45	1
38	8	1
179	8	3
124	9	2
9	96	1
9	121	2
48	9	1
10	158	3
165	10	1
27	10	3
185	11	2
11	29	1
91	11	3
93	11	3
11	44	1
101	12	3
12	184	2
12	134	2
12	61	2
166	12	3
12	146	2
21	12	3
82	12	2
197	12	3
38	13	3
82	13	2
141	13	2
13	189	3
13	126	2
14	85	2
58	14	3
24	14	2
14	73	2
43	14	3
14	180	2
190	14	2
14	122	1
23	15	2
45	15	3
15	117	3
16	34	2
16	59	2
18	16	2
16	49	3
17	82	2
17	180	1
177	17	2
17	55	3
17	115	2
73	17	3
100	18	2
18	63	1
18	75	1
18	171	1
160	18	2
18	51	2
72	19	1
19	151	1
168	19	2
76	19	2
19	158	2
159	20	3
20	70	1
20	102	1
20	108	2
57	20	1
41	20	2
20	53	1
20	199	2
21	83	3
21	144	2
47	21	3
21	22	2
44	21	2
21	102	3
22	37	3
22	133	3
23	185	1
23	26	3
23	37	3
23	194	3
23	171	2
24	133	1
70	24	1
24	83	3
159	24	3
24	127	3
24	125	3
151	24	3
47	24	3
24	58	3
194	25	2
25	122	1
95	25	3
104	25	2
71	25	2
48	25	3
179	25	2
26	65	1
55	26	1
57	26	3
170	26	1
185	26	2
26	166	1
164	27	1
27	30	2
27	75	1
28	94	2
28	171	2
28	60	3
151	28	3
29	103	2
29	173	2
29	58	1
80	29	3
29	163	3
193	30	2
30	79	1
30	153	2
46	30	1
44	30	2
30	63	1
30	171	3
63	31	1
165	31	1
32	179	2
158	32	2
195	32	2
32	137	1
33	169	3
33	170	2
33	34	3
114	33	3
33	126	2
34	70	3
59	34	2
34	79	2
163	35	3
35	152	2
146	35	1
35	49	3
73	36	2
147	36	1
36	187	1
131	36	3
190	37	1
79	37	3
178	37	3
161	38	2
38	105	1
45	38	1
159	38	3
38	62	1
38	179	1
38	156	1
38	162	1
52	39	1
186	39	2
39	114	1
143	39	1
48	39	1
39	40	1
75	39	2
86	39	1
103	39	1
39	162	3
172	39	2
40	102	3
55	40	2
109	40	1
40	189	1
41	65	2
120	41	2
130	41	3
41	92	1
93	41	1
42	179	1
42	111	2
58	42	3
42	185	3
42	117	1
191	42	1
43	135	2
67	43	3
183	43	1
44	136	1
44	191	2
183	44	2
199	44	3
44	91	2
44	94	3
45	145	1
45	51	3
131	45	1
189	45	1
45	152	3
185	46	2
46	143	2
76	46	3
137	46	2
196	46	2
86	46	3
149	46	3
160	47	2
47	84	1
47	60	3
48	112	2
48	102	2
111	48	1
81	48	1
196	48	3
169	49	1
136	50	1
176	50	3
50	193	3
50	186	1
73	50	3
50	146	3
198	51	3
51	175	3
92	51	3
51	172	3
125	51	2
94	52	3
93	52	2
54	52	1
79	52	3
111	52	1
67	53	3
53	143	1
56	53	3
160	53	3
150	53	2
128	53	1
60	54	3
54	183	2
169	55	2
160	56	1
66	56	3
57	175	1
147	57	2
101	57	1
58	109	1
58	106	3
110	58	2
58	151	2
184	58	2
58	86	2
58	132	1
58	177	3
58	141	1
146	58	1
100	58	1
59	131	3
92	59	3
60	136	1
179	60	1
60	174	1
75	60	1
156	60	3
61	152	2
95	61	3
61	186	2
80	61	2
169	62	3
109	63	1
139	63	1
63	124	3
63	193	1
139	64	3
150	64	1
175	65	2
65	165	1
66	76	3
66	125	1
66	74	3
135	67	2
67	180	2
127	67	2
193	67	1
68	190	3
147	68	3
68	136	3
153	68	2
68	178	3
69	104	3
168	69	3
79	69	3
69	189	3
70	78	3
70	153	3
104	70	2
162	70	2
170	70	3
107	71	1
71	179	3
182	72	1
72	108	1
154	72	2
194	73	2
182	73	2
127	73	1
137	73	2
103	74	3
136	74	2
75	113	3
76	75	1
75	86	1
82	75	2
95	75	2
75	183	3
76	80	2
142	76	1
76	129	2
77	161	1
77	158	2
105	77	2
78	116	2
78	183	1
156	78	3
120	78	2
173	79	1
171	79	3
79	119	1
79	89	2
151	80	2
80	142	2
114	80	2
141	80	1
80	90	1
80	94	2
80	171	2
80	183	3
175	81	3
117	81	2
81	110	3
84	82	2
126	83	3
166	83	3
83	100	3
83	131	1
113	83	3
84	83	1
123	83	2
83	124	2
196	84	2
124	85	3
85	150	1
86	85	3
106	86	1
109	86	3
86	123	3
86	118	1
86	152	2
87	194	3
129	87	1
87	143	2
138	88	2
88	164	3
103	88	1
89	154	1
89	98	2
89	177	2
89	136	3
197	90	3
90	96	2
90	194	2
91	180	1
91	147	2
91	160	3
92	102	3
92	111	3
92	98	1
108	93	3
128	93	1
94	112	2
193	94	3
147	94	2
94	104	2
96	174	3
183	96	1
177	96	3
97	159	2
176	98	1
186	98	3
98	112	2
125	98	1
131	98	1
98	172	2
199	98	3
115	99	1
99	187	2
153	100	1
100	129	2
115	101	2
101	154	2
102	131	1
155	102	2
109	102	3
117	102	3
184	102	2
103	113	3
103	126	3
164	103	2
138	104	1
113	105	2
135	105	3
106	191	3
146	106	1
106	164	1
106	136	3
185	106	3
171	107	3
107	116	2
107	119	1
107	111	1
185	107	3
107	192	3
155	108	1
108	141	1
109	114	3
162	109	3
109	190	1
141	109	2
128	110	2
177	111	3
111	194	2
112	139	3
177	113	2
113	128	3
113	189	1
191	113	3
114	164	3
115	141	3
127	115	3
160	115	1
115	130	2
115	123	3
128	115	1
178	116	3
195	117	3
185	117	1
163	118	2
118	189	2
118	186	3
118	164	2
118	173	3
119	153	1
146	119	1
127	119	2
198	120	3
131	120	1
120	155	2
188	122	2
122	152	1
153	122	2
158	124	2
124	147	1
125	177	2
158	125	2
165	125	3
127	135	2
186	127	1
190	127	3
129	180	2
129	162	1
144	129	3
188	130	3
139	131	2
131	148	1
132	189	3
149	133	3
161	133	1
134	144	1
143	135	3
153	136	1
143	136	1
162	137	1
180	138	3
163	138	2
172	138	2
150	138	1
188	138	3
192	139	3
165	139	1
184	140	2
149	140	1
141	183	3
154	142	1
168	143	1
143	176	1
144	170	1
177	145	2
197	145	2
145	194	3
173	145	2
150	146	1
158	147	1
163	147	2
162	147	3
147	184	2
192	148	2
172	148	3
176	149	1
149	163	3
156	149	1
150	156	3
150	159	2
153	150	3
151	159	3
153	151	2
152	179	2
180	155	3
183	157	1
188	159	1
172	160	3
190	161	2
177	164	3
164	194	1
188	164	2
192	166	1
166	186	3
167	168	3
167	175	3
167	174	3
168	195	2
168	181	1
196	168	3
169	190	1
179	170	2
186	173	2
175	174	2
176	174	3
193	176	1
189	177	3
181	178	3
199	179	3
180	181	1
180	192	3
192	181	2
188	184	2
188	185	3
188	186	3
187	194	2
191	193	2
197	194	2
195	198	2
