30	0	1
139	0	1
0	8	3
17	0	3
29	0	3
0	23	3
61	1	3
182	1	1
1	193	1
2	87	2
2	170	1
2	192	1
16	2	2
54	2	3
2	150	1
2	195	3
138	2	1
86	2	1
3	37	1
170	3	2
3	174	3
126	3	1
142	3	3
3	133	3
119	3	2
3	117	1
3	153	3
148	4	2
65	4	3
4	109	3
4	145	3
4	82	3
101	4	2
163	5	2
5	143	3
72	5	3
45	5	3
75	6	3
153	6	3
6	42	1
6	48	2
7	156	1
7	8	2
40	7	3
99	8	3
181	8	1
189	8	3
8	22	1
161	9	1
9	120	1
172	9	2
102	9	1
9	171	3
9	197	2
9	93	1
138	9	1
9	168	1
49	9	3
89	10	3
154	10	1
10	118	1
161	11	3
166	11	2
11	134	2
11	184	1
11	95	1
119	11	2
97	12	3
12	80	2
12	184	2
12	140	2
12	104	3
12	102	2
13	23	3
118	13	2
13	124	3
13	56	3
13	108	2
14	172	1
46	14	1
14	135	2
18	14	3
88	14	3
41	14	1
128	14	2
120	15	2
15	43	3
70	15	1
96	15	3
15	88	2
16	111	1
16	50	1
16	134	1
16	118	1
17	34	1
71	17	2
116	17	1
157	17	2
180	17	2
179	17	2
79	17	2
71	18	1
160	18	3
127	18	3
156	18	1
98	18	2
19	186	2
86	19	2
19	158	3
149	19	3
19	146	3
19	127	2
141	19	3
19	93	2
19	28	3
20	68	2
21	35	3
198	21	3
21	48	1
21	67	1
91	21	3
147	21	1
21	188	1
165	21	2
22	110	3
127	22	2
23	127	1
23	41	3
28	23	2
39	23	2
23	38	3
106	25	2
26	182	2
26	179	3
158	26	2
149	26	3
156	26	1
141	27	3
109	27	1
73	27	1
114	27	2
27	36	3
27	158	2
136	28	3
127	28	2
28	196	1
87	28	2
45	28	1
28	159	1
28	53	2
56	29	2
29	147	1
161	29	2
105	29	2
108	29	1
129	30	3
30	195	1
70	30	3
30	101	1
30	36	3
163	30	3
132	31	3
31	152	2
44	31	2
31	63	2
31	34	2
198	32	2
145	32	3
165	32	2
160	32	2
96	33	1
33	126	2
33	66	1
48	33	2
186	33	3
33	84	2
86	33	3
107	33	2
33	130	2
33	61	2
176	33	2
34	142	2
34	75	3
76	34	2
147	34	3
133	34	1
79	34	1
139	35	1
35	127	3
35	67	3
196	35	3
184	35	3
160	35	2
195	36	3
72	36	1
36	146	2
48	36	1
36	86	1
36	53	1
124	36	3
36	54	2
183	37	3
72	37	3
37	65	1
38	134	1
133	38	2
105	38	1
38	195	2
162	38	1
38	89	3
39	106	2
39	168	3
57	40	2
40	158	3
133	40	2
41	167	3
84	41	3
41	47	3
42	122	2
77	42	3
157	42	1
42	78	3
108	42	1
43	143	2
43	98	1
44	95	1
44	52	3
44	107	1
111	44	1
125	44	2
50	44	3
44	105	2
45	52	3
183	45	3
45	196	1
45	194	2
45	198	2
76	45	3
45	79	1
152	45	3
75	45	2
112	45	3
87	45	1
46	49	2
178	46	2
182	46	3
46	89	2
46	62	1
47	71	2
102	47	2
96	47	3
193	48	1
123	48	3
48	99	3
156	48	3
84	48	3
195	48	1
49	158	2
49	80	2
168	50	1
50	117	3
50	81	2
50	83	3
50	185	1
168	51	2
51	155	1
69	51	1
68	51	1
51	97	2
70	52	2
53	70	2
53	114	3
53	138	3
53	121	1
65	53	3
182	53	3
53	195	3
54	91	2
54	129	1
162	54	2
81	55	1
56	160	1
56	63	3
56	100	2
198	56	1
88	57	2
57	93	3
57	69	2
102	57	3
88	58	3
188	58	2
58	63	1
124	59	2
59	150	1
165	59	2
60	154	3
179	60	1
147	61	1
73	61	1
61	96	3
128	61	1
62	110	2
133	62	1
187	62	2
62	71	3
102	62	3
62	164	3
63	115	2
63	131	1
64	184	1
64	160	2
145	64	2
175	65	2
65	161	3
170	65	1
66	158	2
117	66	3
66	68	3
167	67	3
67	126	2
67	96	2
170	67	2
67	119	3
114	67	3
68	199	2
113	68	1
165	68	1
68	150	2
135	69	3
148	69	2
198	69	1
69	103	1
185	69	1
70	88	2
71	77	1
71	167	1
106	71	1
71	160	3
165	71	1
158	71	3
191	71	3
72	117	1
72	173	3
72	183	3
72	82	3
143	72	1
72	101	2
73	139	2
73	195	2
108	73	3
138	74	1
74	188	2
74	112	3
74	184	1
190	74	3
75	86	2
75	132	3
75	87	3
76	193	3
76	171	3
155	77	1
148	77	3
77	102	3
122	77	3
106	77	1
78	114	1
78	80	3
123	78	1
78	82	2
78	155	3
78	87	1
78	165	3
78	195	2
78	184	1
79	139	1
79	104	3
130	79	3
117	79	1
170	79	3
155	79	3
142	80	3
102	80	1
122	80	2
81	100	2
81	149	1
168	81	3
81	88	1
81	101	1
81	148	1
82	118	1
83	177	1
152	83	2
174	83	1
169	84	3
84	148	2
197	84	2
84	191	3
149	85	2
178	85	1
108	86	2
86	154	2
88	86	3
135	86	1
139	86	2
87	97	3
189	87	2
114	87	3
105	89	1
89	184	3
144	89	1
152	89	3
91	89	1
89	109	2
90	180	2
90	141	3
197	90	2
91	154	1
91	118	3
91	137	2
110	92	1
92	119	2
125	92	2
92	171	2
93	172	1
191	93	3
93	139	1
144	93	3
94	158	2
94	192	3
190	94	2
94	111	3
123	94	2
94	177	1
168	95	3
95	135	3
104	95	3
95	136	2
95	96	2
154	96	3
97	152	1
97	193	1
97	131	3
194	97	1
98	100	3
98	131	1
99	114	2
99	178	2
171	99	2
193	99	2
100	113	3
102	100	3
101	134	2
139	101	2
154	101	1
101	153	1
101	113	1
101	148	1
189	102	3
102	165	1
153	102	1
113	103	2
182	103	3
104	183	1
134	104	1
104	132	1
104	169	1
105	174	3
172	105	1
105	158	2
134	105	2
107	114	2
128	107	1
117	107	1
157	108	1
108	173	2
179	109	3
190	109	2
139	109	3
111	109	1
109	144	1
118	109	1
109	126	1
110	132	3
110	116	3
119	110	2
121	111	3
111	192	1
194	111	1
177	112	2
163	112	1
114	112	2
113	135	1
113	160	1
178	114	2
115	184	2
115	162	1
116	126	1
116	143	2
116	161	3
116	167	3
116	180	1
144	117	3
117	118	1
118	159	3
136	118	2
152	119	3
148	119	3
137	122	1
122	152	1
198	123	1
123	171	3
199	124	2
181	125	2
125	128	3
126	131	2
199	126	2
178	126	2
196	127	1
127	162	2
136	128	1
128	175	3
138	128	1
129	196	3
129	157	2
147	129	1
131	190	2
168	132	1
133	176	2
133	171	2
156	133	2
158	133	3
134	173	2
178	135	3
135	194	2
151	135	3
136	199	3
137	154	3
190	138	2
176	138	3
139	171	1
139	196	3
151	140	1
141	197	3
141	171	2
141	148	2
182	141	2
190	142	1
143	155	2
143	173	1
190	144	2
145	193	2
178	146	2
187	146	1
191	147	2
147	166	3
147	159	1
158	148	2
179	148	3
148	169	1
162	148	2
165	149	2
195	150	3
151	166	2
172	151	3
176	153	3
199	153	2
153	191	3
154	177	1
154	171	1
154	183	1
194	154	2
188	155	1
177	155	2
198	159	1
187	159	1
160	178	3
160	187	1
161	198	2
162	179	1
162	168	1
163	197	3
174	165	3
165	180	1
167	180	1
169	192	3
198	171	2
192	172	1
172	180	1
197	172	1
183	177	2
196	178	3
181	178	1
190	180	1
182	187	3
186	182	1
184	183	1
187	184	1
199	189	1
195	189	2
191	197	3
