36	0	1
0	183	1
43	0	3
196	0	3
48	0	2
1	34	3
1	81	2
1	194	3
1	88	3
146	1	2
174	2	2
2	55	1
2	53	2
2	120	3
2	42	3
98	2	2
34	3	3
3	116	1
150	4	3
4	16	3
4	53	3
133	4	1
5	93	1
131	5	2
5	39	2
5	17	1
5	143	2
5	57	3
78	5	1
60	5	1
170	5	1
191	5	3
5	76	2
5	151	2
93	6	3
6	75	1
6	199	1
141	6	3
168	6	3
7	176	1
65	7	3
158	7	2
7	189	3
75	7	2
55	7	2
7	23	2
126	7	2
102	8	2
8	118	1
60	8	3
8	187	1
53	8	3
70	8	3
8	158	1
86	8	2
58	8	1
8	161	3
9	92	1
9	80	3
89	9	2
68	9	3
9	75	1
9	153	3
9	134	1
10	173	1
10	141	1
34	10	1
10	161	2
13	10	2
151	10	1
55	10	2
10	146	1
165	11	3
11	117	2
168	11	3
18	11	1
11	146	1
12	161	3
12	30	3
156	12	2
12	133	3
13	175	2
13	94	3
187	13	2
104	14	3
14	121	1
171	14	3
14	54	1
136	14	3
14	174	3
15	153	3
172	15	1
15	65	3
55	15	1
15	56	1
52	15	1
15	29	3
150	16	2
135	16	2
16	121	1
17	142	2
74	17	1
163	17	1
128	17	1
17	150	1
89	17	3
39	17	3
198	17	2
27	17	1
17	78	3
77	17	2
17	62	1
165	18	1
18	139	2
18	74	1
18	182	3
18	181	2
18	28	2
19	159	2
140	19	3
19	62	2
19	190	1
19	28	1
19	130	3
160	20	3
20	111	3
20	132	1
136	20	3
144	20	3
113	21	2
125	21	2
59	21	1
161	21	3
21	52	3
170	21	1
63	21	1
22	148	1
22	139	3
23	76	2
23	90	2
23	83	1
147	23	1
43	23	2
23	56	3
121	23	2
26	23	2
60	23	2
23	148	1
24	150	1
24	105	1
24	70	2
24	25	2
137	25	2
53	25	1
25	91	1
26	75	3
72	26	1
48	26	3
28	27	2
148	27	1
27	106	1
85	27	1
27	130	1
27	93	1
119	27	2
28	150	2
58	28	2
152	28	3
28	84	2
28	145	1
29	177	2
29	95	3
92	29	3
199	29	1
29	68	2
30	36	2
30	165	1
30	192	3
65	30	3
43	30	2
101	30	3
30	170	2
30	133	1
31	103	1
99	31	2
31	188	1
94	31	3
121	31	1
31	162	2
154	31	3
86	31	1
53	31	3
110	31	1
31	38	3
32	31	1
192	32	1
67	32	2
123	32	2
88	33	1
169	34	2
180	34	3
34	157	3
145	34	2
34	174	2
34	52	3
35	184	2
35	132	2
102	35	2
36	145	1
36	173	2
77	36	1
36	165	2
139	37	1
37	47	3
122	37	1
38	37	3
37	117	3
38	120	2
38	42	1
38	99	3
161	38	1
113	38	3
121	38	1
38	62	1
79	38	3
39	66	1
125	39	3
170	39	1
151	39	1
161	40	1
66	40	2
41	53	1
115	41	1
43	41	2
136	41	2
41	146	2
41	62	3
137	41	2
41	114	2
42	175	2
101	42	1
42	98	1
42	123	2
43	190	3
104	43	3
43	88	2
43	131	1
44	56	1
75	44	3
158	44	1
44	183	3
44	108	2
45	123	1
75	45	3
46	45	3
45	119	2
128	45	1
46	135	3
46	147	1
133	46	1
46	176	3
181	46	2
190	46	1
47	199	3
47	172	3
47	144	3
177	47	1
51	47	3
47	155	3
48	139	2
99	48	1
115	48	3
93	48	2
184	48	2
49	89	2
49	59	1
49	181	1
73	49	2
49	128	1
81	49	3
49	141	1
50	188	2
51	142	3
51	96	3
52	109	3
131	52	2
52	134	3
80	52	2
158	52	2
53	56	1
53	70	1
159	53	3
53	109	1
53	170	2
53	154	2
53	59	1
54	74	2
161	54	1
55	154	1
125	55	2
55	164	3
55	78	3
55	129	1
56	164	2
56	94	1
56	161	1
141	56	1
159	57	2
121	57	2
173	57	2
65	57	3
152	57	3
57	102	2
120	58	2
189	58	1
80	58	2
58	151	3
132	58	1
59	128	1
152	59	2
149	59	1
105	59	3
91	60	1
79	60	2
60	178	2
60	89	3
60	103	2
61	164	1
72	61	1
61	134	1
62	139	2
62	152	2
86	62	3
153	62	3
199	63	1
63	116	3
195	63	3
135	63	1
63	159	3
64	193	1
64	107	2
64	67	3
64	184	3
145	64	1
70	65	2
65	115	2
65	127	3
132	66	1
66	159	3
185	66	1
66	116	3
189	67	3
143	67	3
174	67	2
68	83	2
198	68	3
183	68	3
195	69	1
77	69	2
70	110	3
137	70	3
181	71	1
71	150	3
71	108	1
72	143	1
72	79	1
124	72	2
73	86	3
73	176	2
105	73	1
77	73	3
122	74	3
127	75	1
142	75	2
192	75	3
75	78	3
128	75	1
75	176	1
76	197	2
76	92	3
76	104	3
76	158	3
76	142	2
77	175	1
83	77	2
131	77	3
154	77	1
110	77	2
102	78	3
78	92	2
78	187	1
177	78	3
78	133	1
79	157	1
79	96	1
111	79	2
193	79	1
81	80	3
136	80	2
198	80	2
80	144	2
80	159	3
115	81	1
82	144	3
181	83	3
133	83	2
118	83	3
116	84	3
153	84	2
85	115	1
180	85	3
85	90	3
150	85	2
156	85	1
85	192	1
111	86	3
135	86	3
195	87	1
87	184	2
111	87	1
169	87	3
87	88	2
89	128	1
89	135	2
90	183	3
129	90	2
113	90	2
90	103	3
174	91	1
165	91	1
96	92	1
181	92	2
199	92	1
93	180	2
108	93	3
114	93	2
93	157	2
146	94	1
160	94	3
199	94	2
132	94	3
181	94	2
95	191	3
113	96	2
129	97	2
97	104	3
173	98	2
163	98	2
142	98	3
107	99	2
176	99	2
194	99	1
99	199	1
147	99	1
100	181	1
100	138	3
100	158	3
104	100	3
136	100	1
131	100	3
168	101	3
126	101	3
101	182	3
146	102	1
175	102	3
102	126	3
141	102	2
185	103	3
172	104	2
175	104	2
181	104	2
104	166	2
133	105	2
106	105	2
106	141	2
127	106	1
195	106	1
170	106	3
107	163	3
120	108	1
108	123	3
108	127	1
170	108	1
109	137	3
145	109	3
110	196	2
164	111	1
183	111	2
111	126	2
182	112	2
112	165	3
132	112	3
112	193	2
153	112	3
112	155	1
113	198	2
113	164	1
114	115	1
114	181	3
152	115	3
115	190	3
115	150	2
134	116	2
120	117	3
118	124	1
119	193	1
120	146	1
121	156	3
161	121	1
121	184	2
122	134	3
156	123	2
123	149	3
124	173	1
196	124	2
124	199	3
170	124	1
124	181	1
140	125	2
125	141	2
126	172	1
126	155	3
128	152	2
128	135	1
128	129	3
158	128	2
145	129	1
178	130	1
138	130	2
158	130	3
131	162	1
131	138	1
131	146	3
135	133	2
134	143	2
169	134	3
134	172	2
171	134	2
136	166	1
137	140	3
137	190	3
173	137	3
137	198	2
140	139	2
139	145	3
164	139	3
190	141	2
142	157	1
183	143	1
155	143	2
154	144	1
144	162	1
145	148	1
187	146	3
146	191	1
168	146	2
153	146	1
156	147	1
147	196	3
147	191	3
155	147	1
180	147	3
193	148	1
174	149	3
164	149	3
149	190	1
181	150	2
150	179	1
150	193	2
151	188	2
185	151	1
159	152	1
199	153	1
153	157	3
191	156	3
175	157	3
198	157	1
182	157	2
184	159	2
180	160	3
163	172	3
163	187	2
179	164	3
164	196	3
194	170	1
181	172	3
175	172	1
178	175	1
180	176	1
195	176	2
180	179	2
189	180	1
180	185	2
182	194	1
182	187	2
189	183	2
194	185	2
188	187	2
188	194	1
189	188	3
