26	0	1
116	0	3
0	175	2
0	85	1
0	98	1
42	1	3
64	1	2
1	170	3
133	1	3
1	29	1
1	50	2
1	135	3
33	1	1
1	2	1
1	88	3
1	126	1
2	163	2
2	151	2
2	170	2
167	2	2
3	30	1
3	47	1
31	4	2
150	4	2
4	106	3
194	4	1
72	4	1
4	103	2
100	4	3
113	4	2
4	168	3
94	5	1
5	97	3
87	5	3
5	76	2
86	5	3
193	5	3
131	5	3
73	5	3
6	32	2
6	188	3
6	16	1
6	191	2
6	15	3
105	6	2
68	6	2
156	7	3
7	96	1
49	7	1
7	27	3
70	7	1
167	7	2
53	8	3
8	21	2
8	168	2
10	8	2
8	92	2
54	8	1
9	172	1
9	97	1
9	134	2
35	9	3
9	185	1
9	166	3
9	110	2
9	105	1
10	45	1
35	10	2
10	41	1
10	146	2
105	10	3
10	23	3
10	52	1
142	10	1
11	166	2
11	52	1
26	11	3
20	11	3
12	194	3
93	12	2
60	12	2
45	12	3
12	71	2
108	12	3
12	55	3
119	12	3
118	12	2
117	13	2
13	198	3
13	173	2
13	23	2
14	193	3
14	163	1
14	147	1
135	14	1
67	14	2
115	14	3
14	151	1
68	14	1
94	14	3
15	175	2
38	15	1
57	15	2
16	73	2
74	16	3
111	16	3
16	81	1
165	16	3
108	16	2
17	84	1
17	52	1
17	144	1
17	26	1
139	17	3
125	17	1
17	153	3
18	99	2
78	18	1
67	18	3
18	116	2
18	156	1
23	18	2
183	18	3
18	58	3
19	183	2
19	100	1
84	19	2
43	19	1
139	19	3
20	121	3
114	20	2
41	20	3
82	20	3
20	145	2
103	20	3
21	185	3
21	63	2
138	21	3
21	23	1
22	62	1
22	61	3
22	123	1
23	88	1
36	23	1
180	23	1
99	23	2
24	26	3
97	24	2
24	146	2
24	110	2
24	196	3
153	24	3
24	163	3
196	25	3
62	25	3
25	74	1
25	127	2
194	25	3
175	26	2
74	26	1
150	26	2
184	26	2
118	26	1
26	185	2
59	26	1
31	26	3
26	155	3
26	198	2
43	27	2
76	27	2
27	38	3
27	111	3
29	27	3
119	27	1
127	27	3
171	28	1
128	28	2
196	28	1
101	29	2
29	196	3
32	30	3
186	30	3
30	140	2
30	164	1
127	30	1
69	30	3
30	78	2
196	30	3
31	181	1
31	79	3
88	31	1
128	31	3
31	71	1
155	31	2
31	118	3
32	69	2
108	32	1
138	32	3
32	35	1
32	133	1
32	78	2
130	32	3
59	33	3
55	33	3
33	75	2
34	33	2
33	48	1
34	132	2
179	34	1
80	35	3
77	35	3
35	110	2
35	83	3
36	40	1
95	36	2
167	36	1
36	146	3
165	37	1
37	87	3
77	37	3
107	38	2
114	38	2
38	96	3
56	38	2
38	178	3
38	132	1
39	164	2
39	143	1
107	39	2
179	39	3
39	56	2
39	83	2
174	40	2
107	40	3
40	128	2
41	48	1
41	61	1
41	58	2
84	41	2
42	197	3
42	51	1
195	42	1
88	42	2
113	42	3
143	42	1
42	66	3
111	42	3
43	86	1
43	57	2
44	64	3
105	44	3
44	152	3
45	197	1
167	45	3
123	46	3
46	88	3
46	49	3
46	61	2
46	180	2
46	73	3
47	159	3
197	47	1
55	47	1
126	47	1
142	48	2
141	48	2
190	49	3
49	127	3
49	88	1
143	50	3
118	50	2
51	127	2
51	108	3
137	51	2
51	57	2
169	52	3
52	70	3
79	52	3
121	53	3
53	193	3
169	53	1
53	159	3
106	53	3
54	138	3
78	54	1
197	54	3
147	54	2
54	74	2
55	78	3
55	142	2
55	167	3
55	66	1
101	55	2
141	56	3
196	56	2
57	110	3
139	57	3
57	172	1
58	137	3
58	115	3
58	114	1
164	59	3
59	138	1
156	59	2
59	175	3
59	71	1
59	183	2
59	110	3
187	59	3
60	150	1
60	171	1
60	85	3
176	60	1
121	61	3
132	61	2
93	62	1
119	62	1
159	62	3
132	62	1
62	108	2
62	125	3
80	63	1
63	102	3
63	160	2
181	64	2
64	180	2
64	99	2
64	149	2
165	64	2
84	64	2
65	123	1
121	66	1
66	67	3
66	152	2
67	100	2
174	67	3
67	97	3
147	68	1
92	68	2
69	155	3
69	77	2
69	131	1
177	69	3
69	187	3
69	199	2
161	70	1
70	167	1
151	70	3
128	70	3
70	73	3
71	100	2
196	71	1
71	135	2
114	72	3
72	101	3
104	72	1
72	108	1
73	122	1
73	159	1
185	73	3
184	73	3
107	74	2
78	75	2
75	88	1
102	75	2
75	141	2
121	75	2
116	75	1
75	130	1
166	75	2
75	120	2
76	113	3
76	155	1
76	97	1
77	177	2
78	108	1
162	78	1
171	79	1
79	156	1
151	79	1
80	109	2
119	80	3
99	80	1
139	81	1
144	81	2
81	189	2
172	82	3
82	131	1
82	99	2
178	83	1
83	185	2
188	83	2
153	83	1
90	83	1
83	117	3
83	91	3
152	84	1
141	85	2
85	119	2
129	85	2
85	96	2
85	135	2
85	131	2
86	141	1
175	86	2
86	158	3
86	120	2
137	86	2
185	87	2
176	87	3
87	160	1
199	87	1
88	182	3
88	129	2
88	194	1
88	94	1
89	182	1
161	89	1
89	194	1
90	114	1
192	90	1
97	90	3
90	103	2
140	91	1
125	91	2
92	125	3
92	151	2
93	182	1
93	125	1
155	93	3
93	121	3
95	116	2
147	95	1
95	189	1
122	95	2
137	96	1
125	96	2
140	96	1
97	113	1
98	113	1
98	161	3
99	142	3
99	144	1
99	106	1
100	199	1
175	100	2
136	100	2
100	186	3
101	121	2
142	102	2
175	102	2
197	103	2
103	119	1
194	104	2
105	107	1
105	147	2
142	105	1
105	112	2
165	106	2
145	107	2
107	178	1
153	108	1
183	108	1
108	172	1
108	173	1
175	108	1
108	141	3
154	109	2
109	121	1
109	132	1
109	146	1
197	110	3
110	185	1
110	143	2
167	111	2
182	111	2
112	135	1
112	139	2
171	112	3
112	186	3
163	113	2
148	113	1
173	113	1
129	113	1
176	114	2
115	144	2
115	191	3
177	115	3
132	116	2
116	197	1
194	116	1
142	117	2
117	159	3
118	195	3
174	118	3
118	139	3
120	118	2
156	119	3
119	179	1
199	119	3
189	119	3
198	120	3
120	146	2
120	121	3
195	121	1
123	121	3
124	121	2
135	122	1
123	173	3
169	123	3
123	132	1
123	127	2
150	124	1
188	124	3
125	189	1
136	125	1
186	125	3
126	170	2
150	126	2
127	154	3
130	127	2
127	128	3
128	173	2
179	129	2
129	139	3
129	148	1
129	134	1
138	130	2
130	183	1
130	167	2
130	168	2
131	177	1
131	152	2
132	174	1
133	177	2
134	186	2
134	154	1
169	134	3
134	193	2
134	153	2
167	136	3
137	175	3
185	137	1
138	190	3
144	138	3
138	183	1
196	138	3
139	195	1
152	140	2
141	142	1
141	176	1
158	141	1
175	141	3
180	142	2
142	163	2
143	192	2
180	144	1
189	145	3
157	145	1
174	145	1
162	146	1
150	147	3
147	170	3
148	169	3
193	150	1
185	150	3
176	151	1
153	151	2
153	152	1
195	152	1
152	166	2
174	155	2
156	190	1
195	157	2
184	158	1
160	190	1
172	160	1
160	173	1
164	161	2
161	179	3
176	163	1
164	173	1
188	166	3
167	195	1
178	169	2
177	171	3
171	174	2
180	171	3
171	197	2
188	172	1
179	173	1
194	178	1
180	182	2
180	195	1
188	184	3
187	191	2
187	196	3
190	193	3
190	194	1
194	196	3
