0	90	1
1	98	3
1	77	2
1	31	1
188	1	1
1	45	1
43	1	2
102	2	1
2	130	3
93	2	1
51	2	2
2	46	1
136	3	3
66	3	2
3	166	2
177	3	3
4	162	2
4	183	2
12	4	3
4	77	3
4	149	2
122	4	1
4	45	1
130	4	3
4	128	1
4	81	2
79	4	2
73	5	2
139	5	1
5	192	3
6	199	1
6	28	1
7	115	2
66	7	2
7	177	1
35	7	1
74	8	2
161	8	3
173	8	1
156	8	2
24	9	3
9	72	2
170	9	2
9	134	2
9	35	3
10	88	1
118	10	3
10	167	3
120	10	2
105	11	2
11	197	3
43	11	2
11	183	2
152	11	2
64	11	2
11	181	3
178	11	1
11	100	3
145	11	1
11	72	1
12	154	1
12	120	1
12	135	1
143	12	3
12	82	1
79	12	2
12	71	2
183	12	2
113	13	1
13	80	1
13	35	2
126	13	3
153	13	2
13	60	3
102	14	1
116	14	2
67	14	1
15	57	3
131	15	1
15	129	3
82	15	3
147	15	3
16	83	3
84	16	3
53	16	2
157	16	3
198	16	2
43	16	2
136	16	2
45	17	2
59	17	3
17	132	1
17	18	3
17	163	2
99	17	3
176	17	2
152	18	2
92	18	1
135	18	3
106	18	1
18	133	1
171	18	2
76	19	1
19	49	3
147	19	3
50	19	1
109	19	1
103	19	3
20	76	1
46	20	1
20	184	3
20	70	1
21	30	2
46	21	1
125	21	2
99	21	3
21	85	1
21	105	3
68	21	3
67	22	2
72	22	2
22	26	3
103	22	2
22	55	1
40	22	2
23	153	2
25	23	3
77	23	1
111	23	3
23	70	1
118	24	1
24	128	2
161	24	2
139	24	2
24	100	3
187	24	2
50	24	2
25	119	1
74	25	1
25	87	1
139	25	2
25	29	1
25	42	2
83	25	3
26	157	2
26	107	2
169	26	1
84	26	1
120	26	3
149	27	1
102	27	2
140	27	1
27	196	2
27	165	2
27	71	3
27	164	3
42	27	2
50	27	3
28	154	3
148	28	2
28	66	3
28	185	2
28	35	3
160	28	2
28	58	3
29	128	3
48	29	2
29	35	3
69	29	3
29	101	3
29	108	2
29	147	3
174	30	2
31	30	1
30	105	1
127	30	1
30	98	3
30	99	1
30	180	3
30	185	2
31	70	1
31	181	2
31	38	3
55	31	1
31	100	2
138	32	2
32	43	1
76	32	1
113	32	1
39	32	3
104	33	2
33	119	2
155	33	1
33	53	2
62	33	3
61	34	3
146	34	2
44	34	2
98	34	2
35	152	2
190	35	2
35	54	3
35	91	2
35	128	1
35	157	3
35	196	1
111	36	3
193	36	2
47	36	1
104	36	2
36	123	3
144	36	3
36	70	1
194	37	1
37	146	1
37	89	2
37	118	1
37	179	1
99	38	1
38	169	3
38	86	2
39	169	3
39	194	2
66	40	1
40	78	3
49	40	1
40	51	1
40	137	1
117	40	1
83	40	1
41	164	3
90	41	1
41	61	2
41	155	2
180	42	3
42	102	3
86	42	3
43	124	2
68	43	3
44	54	3
44	58	3
44	106	3
44	107	2
48	45	1
45	61	3
45	52	1
45	97	1
155	45	3
57	45	2
56	46	2
46	159	2
46	152	3
137	46	3
80	47	2
190	47	2
199	47	1
47	83	3
158	47	3
48	157	2
48	168	2
60	48	1
48	56	1
48	163	3
48	83	3
102	49	1
49	191	3
171	49	1
137	49	3
88	49	3
165	50	2
173	50	3
50	135	3
192	51	3
82	51	1
51	102	3
61	51	2
52	134	3
52	128	3
198	52	2
86	52	1
153	52	2
52	185	3
52	199	2
53	199	1
53	182	1
53	126	2
53	155	1
124	53	3
110	54	1
101	54	3
152	54	3
54	107	3
54	165	2
197	55	1
171	55	2
55	154	2
63	55	3
192	55	1
138	55	3
55	191	3
170	56	2
78	56	1
88	56	1
56	146	2
116	56	2
57	82	3
57	196	1
184	57	3
140	58	3
182	58	2
58	89	2
154	58	3
130	58	1
186	58	3
179	59	1
66	59	1
59	82	3
59	96	3
59	115	2
80	59	2
168	59	3
64	60	3
114	60	3
176	61	1
61	167	1
166	61	3
62	104	3
62	102	2
62	100	2
62	74	2
181	63	3
63	137	3
63	134	1
63	185	2
100	64	3
140	64	3
64	184	2
64	72	2
114	64	1
64	198	2
77	64	2
128	64	1
64	173	2
65	70	1
118	65	1
66	133	3
67	89	3
194	67	3
110	67	1
67	133	2
67	126	3
141	67	1
171	68	2
112	68	3
186	68	2
69	195	2
69	90	2
70	161	3
70	141	3
184	70	3
70	124	3
86	71	1
71	179	3
71	186	3
96	71	2
71	110	3
176	72	1
72	124	1
72	116	2
72	199	2
116	73	2
74	131	1
117	74	2
74	110	1
75	195	3
164	75	1
106	75	2
153	75	3
75	162	2
75	78	3
169	75	3
75	111	1
76	150	2
77	194	1
77	187	2
77	156	1
139	77	2
175	77	2
77	134	1
77	169	2
99	77	3
154	78	3
78	93	2
78	136	2
78	139	2
79	137	3
79	141	2
80	143	2
80	104	1
80	195	2
80	172	2
93	81	3
149	82	3
82	170	1
82	139	2
82	150	3
82	84	2
184	83	1
193	83	1
121	84	1
84	130	2
84	145	3
84	97	3
161	85	2
85	141	1
85	190	1
85	174	3
124	85	3
86	135	1
86	142	2
147	86	1
132	86	3
124	87	1
87	92	2
88	105	3
88	139	3
96	88	3
92	88	1
167	89	1
89	115	3
90	129	3
90	134	1
183	91	2
133	91	1
178	92	2
92	199	3
183	92	1
92	124	1
92	114	2
133	93	3
93	155	3
93	154	3
93	97	1
172	93	3
179	93	3
94	181	1
160	95	2
109	95	3
128	95	2
95	127	1
96	141	2
96	129	2
97	195	1
97	120	3
97	131	1
128	97	1
98	167	1
99	98	2
160	98	2
99	146	3
99	132	1
105	99	2
124	99	3
99	182	3
100	99	1
167	100	1
155	100	2
112	100	1
100	106	2
131	101	1
101	104	2
102	111	1
172	102	3
102	166	1
125	102	1
142	103	1
103	108	3
103	175	3
190	104	2
121	104	1
104	130	2
197	104	2
195	105	1
105	112	1
154	105	1
149	106	3
121	106	1
165	106	1
107	150	3
107	142	2
107	174	1
108	137	2
148	109	2
189	111	3
178	111	2
173	111	2
111	117	1
112	169	2
168	112	3
184	112	3
140	113	3
113	129	1
122	113	2
114	177	2
114	138	1
115	144	3
116	160	2
116	130	2
181	117	2
118	188	3
185	118	3
120	118	2
164	118	1
118	155	3
137	119	2
128	119	3
119	186	3
164	120	2
121	193	1
125	121	3
182	121	3
161	121	2
122	142	2
122	129	1
186	123	3
123	183	1
123	125	2
153	123	1
182	125	3
194	125	2
158	125	1
126	178	1
126	185	3
126	160	3
126	194	2
131	126	1
127	148	1
155	127	3
153	128	3
149	128	1
128	133	1
140	131	1
131	151	2
133	166	3
199	133	2
134	178	1
134	191	3
135	160	3
135	185	1
138	181	3
138	186	2
143	139	2
139	175	3
197	141	1
180	141	1
160	145	2
146	165	3
146	199	1
147	187	3
147	188	3
148	190	1
148	175	3
151	184	2
195	151	3
170	152	1
174	153	2
153	194	2
154	161	2
155	160	3
179	155	2
177	156	2
156	171	1
176	158	3
199	158	1
193	158	2
186	162	2
162	172	2
162	197	2
165	175	2
165	195	2
199	165	3
179	165	2
198	166	1
166	190	1
183	167	1
168	170	2
169	189	1
187	170	1
196	171	2
177	172	3
186	174	2
177	188	1
193	177	2
179	177	3
183	182	3
184	196	2
187	193	1
190	191	2
197	190	3
193	190	2
