0	78	3
0	85	3
24	0	3
0	105	3
181	0	3
66	0	3
0	83	3
0	199	3
190	1	1
135	1	3
58	1	1
144	1	1
29	1	2
1	60	2
1	83	2
43	2	2
2	186	3
2	130	1
2	79	2
177	2	2
2	154	1
3	107	3
3	37	3
3	116	2
129	3	2
3	152	2
3	32	2
3	53	3
4	58	2
4	75	2
88	4	1
157	4	1
4	112	2
61	5	3
5	128	2
82	5	2
194	6	1
182	6	3
152	6	2
110	6	1
7	190	2
7	30	2
149	7	3
8	26	2
170	8	3
8	10	1
8	23	3
8	21	3
194	8	2
9	118	2
74	9	1
124	9	2
158	9	2
26	9	3
147	10	3
10	110	2
10	61	3
10	13	1
10	194	3
112	10	1
35	10	3
10	48	1
169	11	2
20	11	1
11	128	1
12	130	1
105	12	2
42	12	2
12	103	2
12	23	1
12	118	3
12	122	3
101	12	1
186	13	3
166	13	2
13	158	3
78	13	3
170	13	3
62	13	3
13	151	2
13	122	1
106	14	3
14	162	2
14	38	1
14	114	3
26	14	1
157	15	3
15	120	1
114	15	3
117	15	1
53	15	2
20	16	2
44	16	3
98	16	1
16	111	2
129	16	2
17	16	3
16	163	3
16	149	3
17	87	1
17	139	2
176	17	2
27	17	3
17	72	2
18	104	3
18	151	1
130	18	1
54	18	1
161	19	3
78	19	3
19	45	1
117	19	1
19	49	3
19	92	3
20	71	2
113	20	1
20	77	1
21	93	3
79	21	2
130	21	2
21	137	2
150	21	1
118	22	2
54	22	3
115	22	1
142	23	2
23	86	1
40	23	3
23	123	3
55	23	1
23	166	3
151	23	3
24	52	1
171	24	3
24	127	2
24	30	2
177	24	3
46	24	3
163	25	1
135	25	2
25	172	2
98	26	2
26	159	3
26	44	1
175	26	3
27	72	2
27	69	2
27	194	2
27	150	3
67	28	1
90	28	1
28	175	1
28	146	3
28	48	1
46	29	2
29	81	1
38	29	2
30	73	1
30	168	2
109	30	1
30	179	2
166	30	2
31	55	2
31	61	1
100	31	3
193	31	3
112	31	3
119	31	3
31	117	2
31	46	2
31	151	1
111	31	3
32	99	3
32	75	3
32	59	3
32	126	2
116	32	2
53	32	2
50	32	1
32	73	2
32	47	1
164	32	1
33	125	1
33	189	3
33	59	3
162	33	1
39	33	2
36	34	3
182	34	3
34	192	1
84	34	1
34	112	1
135	34	1
173	35	3
35	95	3
153	35	3
35	155	2
35	152	1
115	35	1
35	38	1
36	51	1
36	81	2
182	36	1
105	36	3
36	188	2
36	48	3
37	58	3
189	37	2
37	134	3
131	37	2
150	37	3
142	37	3
37	56	1
181	37	3
37	135	2
193	37	3
101	37	1
67	38	3
38	40	3
103	38	2
84	39	2
39	98	2
39	146	1
162	39	2
39	181	1
39	129	1
100	40	1
189	40	2
56	41	3
41	194	3
100	41	3
64	41	1
41	189	1
183	42	1
42	150	1
42	98	2
42	94	2
79	42	3
185	43	1
43	166	3
141	44	3
44	71	2
154	44	2
44	100	1
45	96	1
164	45	2
136	45	3
115	45	2
188	45	1
69	45	1
46	114	1
47	164	2
47	198	2
47	112	2
75	48	2
48	131	2
48	122	1
48	160	3
191	49	2
67	49	3
102	49	1
72	49	2
95	49	3
50	61	3
50	112	2
50	152	3
87	50	2
60	50	2
72	50	3
50	124	2
51	70	2
51	181	1
51	173	2
52	62	3
185	52	2
130	52	1
164	52	1
183	52	3
53	184	2
54	117	1
78	54	1
54	60	3
69	54	2
135	55	1
55	124	3
117	55	2
56	145	2
93	56	2
161	56	1
174	56	2
56	183	2
87	56	3
141	56	3
127	56	1
173	57	3
199	57	2
75	57	3
57	92	2
57	91	2
58	107	2
58	97	2
59	97	2
168	59	2
59	66	3
60	76	2
60	67	3
171	60	2
183	60	3
61	173	1
61	144	2
117	61	3
139	61	1
62	101	2
127	62	3
62	121	2
63	157	3
92	64	3
185	64	2
107	64	1
64	81	2
107	65	1
122	65	3
153	65	1
106	65	1
65	150	3
65	95	1
182	66	1
66	91	2
105	66	2
85	66	3
66	95	1
195	67	1
78	67	1
73	67	1
67	116	1
67	162	2
68	163	3
68	156	3
72	68	1
179	68	1
69	111	3
171	69	2
70	95	3
156	70	2
70	98	2
71	166	3
71	88	1
71	124	2
71	112	1
179	72	2
88	72	1
72	197	2
73	116	2
179	73	3
73	81	1
113	73	1
73	184	1
74	166	2
75	176	1
75	86	2
75	157	3
75	101	1
167	75	3
122	75	1
76	131	2
182	76	1
82	76	1
160	76	2
85	77	2
184	77	2
188	77	2
174	78	3
78	199	3
123	78	2
78	142	2
78	84	1
188	78	3
173	79	1
137	79	1
79	106	3
79	187	2
79	172	1
79	180	3
105	80	2
80	85	2
80	132	3
119	80	2
80	127	3
151	81	3
81	82	2
130	81	2
168	81	2
82	143	3
82	195	2
82	86	2
83	121	3
83	165	1
98	84	1
84	139	2
188	86	3
114	86	3
87	121	2
92	87	1
94	87	3
87	159	2
88	193	1
88	141	3
88	144	3
88	130	1
129	88	1
89	197	3
89	141	1
194	89	2
128	90	3
102	90	2
90	177	3
90	186	2
97	91	3
91	181	1
91	170	1
91	107	2
91	173	3
91	198	1
105	92	2
115	92	1
106	92	2
141	92	1
166	92	3
93	133	2
93	173	1
93	168	2
93	120	3
93	192	2
93	185	1
133	94	2
125	94	1
94	172	1
150	95	1
95	199	1
111	96	3
98	96	1
96	173	3
97	157	1
170	97	3
97	164	3
98	114	1
104	98	1
98	111	2
162	99	3
197	99	1
99	143	2
147	100	1
107	100	1
101	129	1
101	189	3
101	177	1
102	119	3
102	123	2
175	102	2
102	153	1
102	156	3
189	105	1
140	107	3
177	107	1
136	107	2
108	132	1
108	143	1
108	190	2
108	135	3
109	165	1
114	109	3
125	110	2
159	110	1
135	110	1
144	111	1
111	115	1
111	147	2
112	166	3
112	173	2
112	186	2
120	112	2
198	112	2
113	138	3
114	129	1
142	114	2
122	114	3
115	169	3
115	132	2
116	175	3
186	116	3
179	116	2
129	117	3
167	117	1
162	118	3
119	169	3
119	131	3
120	194	2
140	120	2
120	180	2
120	196	3
180	121	2
122	121	1
121	183	3
121	137	3
190	121	1
122	142	3
181	122	3
195	122	3
139	123	3
136	123	2
137	123	3
123	150	2
124	151	2
124	133	1
128	125	3
163	125	3
126	170	2
196	126	3
126	191	3
126	144	1
149	126	1
127	197	1
127	153	3
149	127	2
128	131	2
128	152	3
177	129	2
130	193	1
143	130	2
130	185	1
189	131	3
133	131	3
161	132	1
132	146	1
132	165	1
133	147	2
165	133	2
143	134	3
134	170	2
134	193	2
134	162	3
135	149	3
188	135	1
135	142	1
136	154	2
137	160	1
138	152	2
191	139	3
139	158	2
139	155	1
140	163	3
154	140	2
141	187	1
141	192	2
160	141	1
146	142	2
190	142	2
171	142	2
152	144	3
146	181	2
146	179	3
163	146	1
167	146	1
146	169	1
147	183	2
195	147	2
158	147	1
148	183	1
177	149	2
150	151	3
187	150	1
168	151	1
180	152	2
160	152	3
161	153	3
174	153	3
199	154	1
175	155	1
155	157	3
174	155	3
157	178	2
190	160	3
161	179	3
162	189	2
177	163	2
163	195	2
165	187	1
168	166	2
166	187	1
166	178	3
167	194	1
188	171	1
172	194	3
187	179	1
195	179	3
199	179	3
181	184	1
188	184	3
188	185	2
197	194	2
