150	0	3
53	0	2
0	160	1
0	161	3
37	0	1
10	0	3
143	0	1
1	76	3
1	66	1
1	151	2
199	1	1
130	1	3
150	1	2
139	1	2
2	95	2
18	2	3
2	55	1
137	3	2
3	165	1
49	3	2
3	87	1
3	117	1
7	3	3
3	73	1
69	3	1
8	3	1
3	86	2
7	4	1
4	23	3
133	4	1
4	37	2
25	4	1
110	4	3
162	5	3
5	54	2
5	16	1
5	191	1
187	5	3
72	5	3
5	195	1
6	81	2
6	178	3
6	16	1
103	6	3
145	6	2
6	61	2
197	6	1
77	7	1
50	7	1
7	84	1
8	9	3
37	8	2
96	8	3
9	87	1
9	114	1
9	66	3
42	9	2
9	183	3
82	10	1
150	10	3
10	167	1
10	138	1
10	99	1
10	166	2
11	158	3
31	11	1
11	127	3
11	177	1
11	197	3
11	179	1
12	140	2
12	131	3
104	12	3
12	135	3
164	12	1
12	148	2
170	12	1
193	12	2
111	13	3
72	13	1
149	14	1
14	114	2
14	74	2
14	195	1
14	49	1
14	46	2
14	178	1
166	14	2
36	15	3
181	15	3
15	84	2
15	68	1
88	15	1
161	15	3
16	60	3
53	16	1
194	16	2
16	46	1
17	126	3
17	83	1
62	17	1
158	17	1
17	152	1
17	155	1
18	79	3
18	121	2
76	18	3
18	81	2
19	91	1
19	61	1
146	19	2
19	133	3
150	19	1
67	19	1
19	86	2
19	148	1
43	20	3
20	47	3
93	20	2
20	130	3
90	20	1
20	183	3
40	20	3
21	109	1
88	21	2
22	32	1
22	178	2
46	22	3
133	22	3
22	120	2
22	96	2
95	22	3
23	134	2
154	23	2
112	23	2
23	43	2
23	164	2
144	23	1
24	116	1
24	81	1
111	24	1
24	142	1
24	49	3
24	190	1
136	25	2
167	25	3
89	25	1
52	26	1
59	26	3
27	53	3
27	71	2
28	76	1
102	28	1
182	28	1
28	98	1
156	28	1
28	188	2
29	140	2
29	71	1
108	29	3
95	29	3
29	189	2
155	29	3
103	30	3
126	30	2
30	38	1
135	30	1
123	30	1
147	30	2
173	30	2
169	30	2
70	30	3
153	31	1
180	31	3
47	31	2
133	32	3
32	89	2
32	154	2
33	192	3
114	33	3
65	33	2
110	34	1
34	43	2
72	34	2
47	34	2
35	165	3
35	153	3
151	35	2
191	35	3
36	93	2
36	111	2
37	143	2
70	38	2
38	108	3
38	86	1
38	117	3
39	71	1
39	180	3
39	67	2
39	85	1
72	39	3
137	39	1
43	39	1
75	39	3
193	39	1
127	39	2
40	97	3
173	40	1
40	65	3
40	67	2
85	40	1
157	41	3
41	195	1
73	41	2
42	84	3
109	42	2
115	42	3
43	48	2
149	44	1
49	44	3
44	173	1
44	181	3
132	45	1
158	45	3
93	45	2
46	105	1
166	46	3
68	46	2
179	47	3
47	130	2
47	196	2
68	47	2
47	108	3
96	48	2
48	104	3
48	166	1
49	111	2
193	49	1
49	138	2
77	49	1
49	152	3
49	170	1
102	50	1
50	92	3
190	50	3
173	50	1
128	51	3
51	55	3
196	51	2
51	133	1
85	52	2
52	104	2
52	149	3
52	95	2
52	189	3
143	52	3
52	80	2
106	52	3
60	52	1
53	167	2
53	192	1
53	114	2
119	54	2
54	171	2
123	54	3
54	58	3
198	54	3
187	55	2
55	108	2
55	157	2
67	55	2
159	55	3
56	164	3
56	92	1
56	76	1
56	171	2
116	56	1
153	56	2
116	57	3
57	77	3
58	181	2
91	58	2
65	58	1
58	182	3
154	58	1
82	58	1
106	58	2
63	58	2
59	145	2
140	59	2
59	110	1
59	183	2
199	59	1
105	60	2
68	60	2
60	114	3
60	108	2
60	121	1
68	61	1
140	61	3
104	61	1
65	61	1
61	92	3
147	62	3
126	62	1
169	62	2
107	63	1
63	193	1
64	116	2
64	93	1
78	64	2
100	64	2
64	141	3
171	64	2
64	188	3
64	104	1
92	65	1
80	65	3
66	145	3
66	198	3
66	76	2
66	109	1
66	120	2
66	131	2
197	67	3
67	180	2
67	115	2
67	101	1
67	185	2
145	67	1
152	68	3
101	68	1
73	68	1
89	69	3
160	69	2
91	69	2
160	70	1
70	117	3
94	70	2
70	192	3
167	71	1
71	116	2
71	179	2
71	194	2
71	189	1
72	179	1
178	72	2
104	72	2
72	131	1
72	100	3
173	73	3
74	103	1
74	104	1
74	101	2
95	74	1
74	111	1
162	75	1
144	75	1
75	176	2
75	124	1
90	75	3
131	76	1
137	76	1
76	168	1
147	76	2
77	94	2
160	77	1
77	138	1
77	146	1
77	97	3
101	78	3
111	78	3
97	78	1
94	78	2
198	78	2
78	160	3
174	79	1
80	121	3
80	181	2
80	94	1
169	80	1
93	81	1
81	158	3
81	86	3
176	81	2
162	81	1
82	136	2
178	82	3
187	82	3
119	83	1
83	107	3
83	91	3
83	197	1
83	104	1
83	84	1
175	83	2
147	83	2
84	153	3
84	189	3
165	84	3
85	188	1
149	85	2
136	85	1
85	139	1
172	86	3
130	86	1
142	86	3
87	144	1
134	87	1
88	122	3
88	101	1
134	88	3
89	188	2
198	89	1
107	89	3
90	184	1
90	136	1
118	90	3
90	170	2
138	91	1
91	115	1
184	92	3
93	163	1
93	121	2
156	94	1
94	134	1
197	95	2
192	95	3
95	176	3
95	100	2
95	198	1
190	95	1
96	164	2
120	96	2
96	128	3
102	96	1
124	96	3
186	96	3
183	97	3
199	97	3
120	97	1
97	101	2
140	98	1
98	144	1
182	98	2
99	148	3
130	99	1
99	175	3
100	166	1
100	146	2
100	193	3
100	169	1
100	136	2
164	100	3
101	115	1
167	101	1
102	163	3
195	103	2
103	163	1
108	103	2
139	103	2
155	104	2
150	104	2
153	104	1
104	126	1
109	105	1
160	106	1
153	106	3
170	107	1
171	107	2
108	187	2
108	186	1
179	108	3
121	108	3
182	109	2
136	109	1
118	109	3
159	111	3
143	111	1
158	111	3
183	111	1
112	198	1
164	112	2
161	112	3
112	131	2
113	132	2
113	123	1
113	176	3
172	113	2
114	157	1
187	114	2
114	156	2
114	145	1
114	126	2
114	192	3
171	114	3
115	124	2
115	139	2
197	115	1
116	155	2
116	195	2
116	184	3
134	116	3
116	185	1
173	117	3
118	134	1
146	118	2
122	118	1
166	118	1
119	139	2
140	119	1
132	120	2
121	137	3
121	188	2
157	121	1
168	122	1
122	125	1
147	122	1
198	122	1
122	169	1
146	123	1
124	180	3
193	124	1
172	124	3
124	167	2
149	126	2
127	186	3
156	127	1
171	127	2
161	127	2
127	142	2
128	168	1
186	128	3
136	129	3
129	166	3
132	129	3
146	130	3
148	131	1
131	177	2
170	131	2
131	138	3
183	134	1
152	134	3
134	135	1
135	162	1
135	177	2
135	145	2
137	157	3
137	171	1
138	198	1
158	141	3
198	141	3
141	196	3
142	168	1
163	142	2
142	185	2
143	160	2
144	197	3
145	199	1
181	145	1
180	145	3
145	166	1
145	182	1
149	190	2
150	176	1
151	193	3
153	160	2
165	153	2
177	153	1
154	164	1
154	186	3
197	156	3
189	157	1
157	181	2
191	158	2
168	158	1
199	159	3
169	160	3
178	162	1
162	180	1
162	170	1
196	163	2
164	182	2
178	165	2
166	194	1
167	179	3
171	169	3
172	170	2
171	176	2
189	174	2
196	174	1
199	178	1
183	178	3
188	180	3
189	181	1
198	181	1
181	186	2
197	183	3
188	199	2
197	198	1
