0	99	3
0	53	2
0	177	1
0	66	2
0	45	2
85	0	2
0	71	3
11	1	1
166	1	2
1	152	3
2	32	3
2	4	1
2	105	2
2	20	1
2	102	2
92	3	1
3	163	1
199	3	3
69	4	3
58	4	1
4	162	2
4	181	2
24	5	2
5	127	1
196	5	3
183	5	2
5	182	1
5	176	3
191	6	2
42	6	1
6	98	3
163	6	2
6	24	1
103	6	2
7	46	1
191	7	3
7	173	1
10	7	2
59	8	3
8	151	3
107	8	1
49	8	1
8	47	3
8	10	3
169	8	2
193	8	3
9	67	2
156	9	1
15	9	3
9	44	2
40	9	3
12	9	1
10	34	2
29	10	3
10	120	3
10	182	3
10	24	2
65	10	2
193	10	3
112	10	3
147	10	3
49	10	2
11	12	3
11	15	1
11	24	3
31	11	1
36	11	1
184	11	3
11	138	1
12	181	1
12	34	3
61	12	1
12	157	2
177	12	1
12	100	1
143	12	2
12	20	3
34	13	3
51	13	2
13	56	3
13	181	1
13	50	3
70	14	3
14	123	2
122	14	3
28	14	1
15	77	2
90	15	3
172	15	3
188	15	2
75	15	1
15	95	2
16	50	2
45	16	3
16	185	1
16	55	2
152	16	1
17	89	2
17	177	3
153	17	1
17	105	3
17	32	1
18	22	3
18	174	3
18	60	2
96	18	3
18	95	1
18	91	1
67	19	1
86	19	3
19	179	3
57	19	3
19	156	3
20	183	2
171	20	2
20	161	2
71	20	1
20	186	2
86	20	1
159	20	2
20	193	1
129	21	2
21	130	2
185	21	3
21	159	3
138	22	3
45	22	2
22	145	2
22	88	2
22	81	3
22	86	3
66	23	2
133	23	1
23	114	1
23	46	2
23	189	3
23	79	2
23	125	1
24	137	3
24	63	1
24	122	1
65	24	1
25	124	3
91	25	1
25	189	2
25	81	3
27	26	1
28	26	1
97	26	2
136	26	3
26	146	3
27	105	2
27	160	2
27	81	1
28	43	2
28	112	1
28	194	1
28	173	1
29	107	2
29	63	3
77	29	1
29	114	3
29	161	1
29	45	1
143	29	3
175	29	2
157	30	1
179	30	2
138	30	3
30	43	3
30	60	3
194	30	2
140	30	3
31	164	2
156	31	3
31	52	2
31	60	3
65	31	1
31	85	3
144	31	1
31	134	3
32	146	1
32	132	1
32	180	3
60	32	3
32	107	1
190	32	1
33	145	3
33	166	2
115	33	3
175	33	1
33	172	2
136	33	1
197	34	3
49	34	1
192	34	3
103	34	2
199	34	2
52	34	1
94	34	1
35	113	3
108	35	1
35	164	3
65	35	1
87	35	2
36	117	3
192	36	2
142	36	2
160	36	3
105	37	2
185	37	1
41	37	1
72	37	2
37	126	2
68	37	3
133	37	3
75	37	1
173	37	3
185	38	3
78	38	1
61	38	3
150	39	1
116	39	2
39	69	3
39	125	1
39	87	2
104	39	3
184	40	2
182	40	2
40	54	2
189	41	2
47	41	2
98	41	2
42	138	3
42	84	1
43	170	2
184	43	3
43	132	3
44	172	3
44	175	2
188	44	2
45	123	1
45	155	1
48	45	1
46	166	1
46	55	2
186	46	3
86	47	1
152	47	2
48	77	2
121	48	2
49	89	2
49	115	3
62	49	1
116	49	3
49	110	2
169	49	2
50	141	3
50	147	2
50	150	1
117	50	1
50	110	2
50	86	1
91	50	3
50	136	3
149	50	3
50	107	3
50	67	1
199	51	1
51	143	1
52	53	1
52	122	2
52	183	3
53	137	2
161	53	2
176	53	2
155	53	3
160	54	3
54	123	3
133	54	1
192	54	1
54	168	3
196	55	1
115	55	1
56	134	1
90	56	2
63	56	2
93	56	1
56	101	1
56	119	3
107	57	3
57	187	2
169	57	2
185	57	3
60	58	1
58	89	2
181	58	2
120	58	1
70	58	1
175	58	3
161	58	3
59	91	3
147	59	1
183	59	1
121	59	3
65	59	2
60	149	3
72	60	3
190	60	2
125	60	2
105	60	3
127	61	2
61	134	3
61	142	2
61	92	1
62	138	2
62	197	1
62	179	2
62	89	1
67	62	3
105	62	3
63	86	1
64	174	1
96	64	3
64	112	2
64	176	3
189	65	3
117	65	2
104	65	1
90	65	3
65	68	3
101	65	1
66	137	2
69	66	2
177	66	2
93	66	3
160	67	3
67	94	2
176	68	1
68	136	1
68	71	2
68	142	2
68	122	1
69	114	1
111	69	3
69	117	1
69	176	1
69	87	2
192	69	2
70	80	3
130	70	2
70	169	2
70	83	1
70	173	1
70	139	3
70	94	1
191	70	2
71	157	3
71	73	1
178	71	1
103	72	1
72	119	2
97	72	1
104	72	1
74	192	1
123	74	2
177	74	1
96	74	1
74	188	1
187	75	1
75	143	1
195	75	3
196	75	2
76	128	3
76	129	1
139	76	1
76	89	3
135	76	3
76	104	1
77	161	2
78	179	2
158	78	2
78	171	2
104	78	1
174	79	1
79	87	3
79	98	1
133	80	1
80	180	2
138	81	2
81	83	3
81	180	1
139	81	1
104	81	3
82	162	3
83	160	2
199	84	1
163	84	2
107	84	1
84	129	3
84	147	1
85	189	3
85	127	1
92	85	2
170	85	2
86	190	1
135	86	3
142	86	1
88	162	2
88	182	2
88	174	1
88	161	3
164	89	3
89	171	2
90	194	2
154	90	3
91	120	3
91	137	1
103	91	2
91	104	1
92	169	3
92	163	2
92	96	2
92	101	1
124	92	2
167	93	3
198	93	2
93	128	1
93	112	2
104	94	2
134	95	1
95	186	3
96	136	2
137	96	2
97	143	3
97	139	1
153	97	1
97	151	1
98	148	3
109	98	2
98	123	2
124	98	3
115	98	3
98	195	3
105	99	1
119	99	2
99	198	2
100	111	1
152	100	1
100	103	1
127	100	1
101	116	3
170	102	1
102	134	2
102	193	1
197	103	3
140	103	3
130	104	3
104	112	1
124	104	2
105	141	2
105	107	1
105	146	3
106	174	2
106	122	3
177	106	3
107	198	3
142	107	2
108	110	1
182	109	3
172	109	1
110	167	1
188	110	3
185	111	3
194	111	3
130	111	1
153	112	3
113	179	2
128	114	2
114	125	1
156	114	3
146	115	3
115	178	2
116	196	3
180	116	2
144	116	3
117	180	2
117	170	2
118	183	3
148	119	2
166	119	3
188	119	3
126	119	1
145	120	1
120	148	2
121	140	3
121	134	1
123	169	2
189	123	2
155	123	2
198	123	1
123	191	1
190	123	3
124	151	2
124	186	3
124	152	2
125	144	3
163	125	3
192	125	1
125	150	2
140	126	1
126	192	3
197	127	3
127	173	1
127	148	1
127	199	3
127	181	3
140	128	2
149	128	1
165	128	2
128	137	2
194	129	1
170	129	3
129	181	3
130	140	3
131	161	2
176	131	1
188	131	1
131	163	2
133	176	1
133	190	1
133	145	2
169	133	3
134	165	1
160	134	2
148	134	3
134	175	1
187	135	2
136	144	1
161	136	1
136	150	2
136	177	2
140	136	1
185	138	1
153	138	3
167	139	2
139	192	2
146	140	3
141	192	3
160	141	3
156	141	2
142	161	3
142	164	2
154	142	3
170	142	3
144	199	2
166	144	1
145	179	1
175	145	3
145	186	1
155	145	1
160	145	1
146	193	2
169	148	3
176	150	3
153	172	2
154	171	3
157	188	3
157	191	1
193	157	1
169	158	2
159	174	2
160	186	2
160	198	1
169	163	2
166	183	2
179	166	1
195	167	2
182	167	1
168	185	2
178	168	3
184	169	3
196	169	3
171	196	3
191	171	1
171	172	1
172	198	1
173	176	2
173	191	1
176	184	1
198	177	1
177	191	2
189	177	2
178	183	1
187	181	3
190	182	3
186	182	3
183	196	1
191	190	2
192	190	2
