2	0	3
3	0	1
197	0	1
198	0	1
0	175	2
0	89	2
1	2	1
1	3	1
1	198	3
1	96	3
1	132	1
62	1	1
92	1	2
2	4	2
2	5	3
68	2	3
60	2	1
2	101	2
108	2	1
5	3	2
3	144	2
3	24	3
3	8	1
154	3	1
6	4	1
77	4	1
175	4	3
4	148	1
152	4	1
6	5	3
7	5	3
5	8	3
9	5	1
6	7	1
6	9	3
6	40	3
8	7	2
9	7	3
7	10	1
7	40	1
110	7	1
8	9	3
11	8	2
26	8	3
8	144	1
164	8	2
11	9	1
117	9	1
9	21	3
9	125	2
9	194	3
12	10	2
13	10	1
10	151	2
12	11	3
14	11	3
11	88	1
12	13	3
12	15	1
12	115	1
113	12	3
156	12	2
13	14	3
13	15	3
161	13	1
43	13	2
160	13	2
14	16	1
14	17	1
92	14	2
14	37	1
65	14	3
14	139	3
15	16	1
17	15	2
15	18	2
15	67	3
17	16	1
18	16	1
16	19	2
153	16	3
19	17	3
17	20	1
17	123	1
19	18	1
20	18	2
21	18	3
32	18	3
39	18	3
18	106	1
19	21	3
22	19	2
164	19	2
20	22	2
23	20	1
20	72	2
20	26	3
52	20	2
20	101	3
21	22	3
24	21	3
21	79	2
81	21	1
21	156	2
23	22	2
24	22	3
164	22	2
22	146	1
23	24	2
23	25	2
26	23	3
23	180	2
25	24	1
24	26	2
168	24	1
134	24	3
25	27	2
25	107	3
119	25	3
82	25	2
26	28	2
26	57	3
28	27	1
27	30	1
27	52	2
27	180	1
28	30	3
28	31	2
28	92	1
35	28	1
61	28	2
28	142	3
28	143	2
29	30	2
31	29	1
29	146	2
29	172	1
30	31	3
32	30	3
77	30	1
30	48	2
31	33	2
31	88	1
31	86	2
31	145	2
149	31	2
32	34	3
32	35	3
33	35	2
36	33	3
162	33	2
33	34	3
33	38	1
33	58	1
178	33	3
36	34	1
34	146	3
56	34	2
35	37	1
35	88	2
35	42	1
38	36	1
36	58	3
191	36	1
87	36	1
37	39	2
37	154	2
39	38	1
38	40	3
39	41	3
39	193	1
39	90	2
40	42	3
40	43	1
43	41	1
41	44	2
76	41	2
74	41	3
122	41	3
44	42	1
42	45	3
103	42	3
45	43	2
157	43	2
43	57	2
44	45	2
44	47	1
44	197	2
66	44	1
45	46	1
45	48	2
170	45	2
45	77	3
138	45	2
47	46	2
46	48	3
59	46	1
46	90	1
47	48	2
47	50	1
76	47	1
47	115	2
48	50	3
48	55	2
48	107	2
49	50	1
51	49	2
52	49	3
51	50	1
52	50	3
53	50	3
51	52	3
53	51	2
54	51	2
54	52	2
52	73	2
52	108	3
52	137	1
55	53	1
56	53	1
53	130	1
54	56	1
115	54	3
108	54	3
54	185	2
55	56	1
55	58	3
55	123	2
55	64	2
56	57	3
59	56	2
181	56	1
59	57	1
57	75	2
60	58	2
111	58	1
61	59	3
59	190	1
59	79	3
96	59	3
176	59	2
60	62	3
63	60	1
60	178	1
61	62	3
61	64	3
69	61	3
61	98	1
143	61	2
62	64	3
62	65	1
62	126	2
62	170	2
63	65	3
63	66	2
145	63	3
63	131	2
65	64	1
67	64	1
65	66	3
68	65	3
67	66	2
68	66	3
155	66	2
69	67	1
70	67	2
168	67	2
67	179	2
68	70	1
99	68	2
146	68	1
68	119	1
161	68	1
71	69	2
69	112	2
72	70	3
73	70	1
70	160	3
71	72	3
71	74	1
71	82	1
74	72	1
75	72	3
72	197	2
72	195	1
74	73	2
73	76	1
73	162	1
127	73	3
130	73	2
76	74	3
74	125	1
92	74	3
76	75	1
77	75	1
77	76	2
78	76	3
76	79	3
77	78	3
80	77	2
78	79	1
78	81	1
107	78	1
121	78	1
172	78	3
175	78	3
79	81	2
79	82	3
84	79	1
141	79	3
81	80	2
80	82	2
80	83	2
130	80	3
183	80	1
81	83	2
84	81	2
82	83	1
82	85	1
84	83	1
83	85	3
83	86	2
85	84	3
84	87	3
86	85	1
85	87	2
178	85	2
88	86	1
86	89	1
94	86	1
87	89	3
87	90	3
90	88	3
91	88	3
95	88	1
117	88	3
89	91	3
92	89	1
154	89	1
89	116	1
92	90	2
92	91	2
91	93	1
91	165	1
91	105	2
92	94	1
92	187	1
95	93	2
93	96	3
93	177	3
95	94	3
94	96	1
94	97	1
95	96	1
97	95	1
95	98	1
97	96	2
99	96	3
99	97	2
97	100	1
146	97	1
189	97	2
98	99	1
101	98	3
98	125	2
101	99	1
99	102	3
135	99	1
99	182	3
101	100	3
100	102	1
103	100	3
103	101	3
103	102	3
102	104	1
102	105	2
103	105	2
103	106	3
103	187	3
104	105	1
106	104	2
104	151	2
104	147	1
104	163	2
105	107	2
105	108	2
106	107	3
109	106	2
109	107	1
107	122	3
108	110	2
108	138	3
164	108	3
110	109	2
109	111	3
109	112	1
111	110	1
113	110	2
118	110	2
112	111	2
113	111	3
114	111	3
112	113	1
112	114	1
112	115	3
173	112	3
113	115	1
116	113	3
141	113	3
114	115	3
114	116	3
114	117	2
114	135	3
115	116	3
117	115	1
116	117	1
118	116	3
118	117	1
120	117	3
128	117	1
119	118	3
121	118	3
119	120	1
119	122	1
121	120	3
122	120	2
154	120	1
120	190	2
121	122	3
124	121	1
123	122	3
122	124	3
123	124	3
125	123	3
123	126	1
126	124	3
124	127	3
124	163	1
125	127	3
127	126	2
129	126	3
151	126	1
127	128	1
130	127	2
130	128	2
148	128	2
129	130	3
131	129	3
129	132	3
163	129	2
130	132	2
132	131	1
131	134	3
151	131	1
133	132	3
134	132	2
132	135	1
132	150	2
134	133	1
133	135	2
133	136	2
135	134	3
134	137	1
135	136	1
137	135	2
137	136	3
136	138	3
139	136	2
137	138	1
140	137	2
137	139	3
138	140	1
141	139	2
186	139	3
140	141	2
140	142	3
143	140	3
141	143	1
142	144	2
142	184	3
143	145	3
144	145	3
147	144	2
146	145	3
145	148	3
146	147	3
146	148	1
147	149	3
147	155	3
149	148	2
148	151	2
151	149	1
149	162	3
150	151	2
153	150	3
151	153	1
152	154	3
152	155	3
154	153	1
156	153	3
154	156	1
154	157	2
155	156	1
157	155	1
156	158	1
159	157	2
157	160	3
162	157	1
159	158	1
160	158	2
158	161	2
196	158	1
160	159	2
159	161	2
162	159	1
160	161	3
160	163	2
160	192	1
161	163	2
161	164	3
162	163	3
164	162	3
162	176	1
163	165	3
174	163	3
166	164	2
165	166	3
167	165	3
168	165	1
166	167	1
168	166	1
169	166	1
167	168	1
167	169	2
170	167	1
170	168	3
168	171	2
169	170	1
171	169	3
172	169	3
170	172	3
173	170	1
172	171	1
171	173	2
171	174	1
174	172	1
174	173	1
176	173	2
175	174	3
177	174	3
175	177	3
175	178	3
177	176	1
176	179	2
177	178	3
180	177	2
187	177	2
191	177	1
178	179	3
181	178	3
180	179	3
179	182	3
182	180	3
182	181	1
181	184	1
181	193	3
182	184	1
185	182	1
183	184	2
186	183	2
188	183	2
185	184	1
187	184	3
197	184	3
186	185	1
188	185	3
186	187	3
186	189	2
189	187	3
188	189	2
191	188	1
190	189	3
189	191	2
192	190	1
190	193	1
192	191	3
191	194	2
193	192	1
192	195	2
193	194	3
196	193	3
196	194	3
197	194	2
195	196	3
195	197	2
197	196	3
199	196	3
197	198	2
197	199	2
198	199	3
