1	0	1
3	0	1
197	0	3
199	0	2
0	51	2
0	132	3
18	0	3
2	1	2
4	1	1
1	199	2
1	112	3
1	111	1
195	1	3
196	1	2
2	3	1
4	2	3
2	199	2
2	73	2
109	2	2
4	3	1
3	5	2
188	3	2
164	3	2
4	5	1
6	4	2
4	7	2
4	67	2
6	5	2
5	8	2
5	24	1
15	5	2
45	5	3
188	5	1
7	6	1
6	8	2
6	173	2
9	7	1
7	117	1
168	7	1
10	8	3
55	8	3
30	8	2
73	8	3
8	152	1
9	11	2
170	9	1
9	182	3
117	9	2
173	9	3
11	10	3
10	13	3
146	10	1
12	11	3
11	14	1
69	11	1
14	12	2
15	12	2
16	12	2
68	12	1
12	70	2
15	13	3
16	13	2
159	13	1
13	189	2
16	14	3
14	167	3
61	14	1
14	17	1
30	14	2
162	14	1
15	16	2
18	15	2
16	17	3
19	16	2
50	16	3
16	21	3
16	90	2
176	16	1
19	17	3
20	17	3
17	113	3
18	19	2
18	20	1
87	18	3
18	182	3
20	19	1
21	19	3
33	19	3
19	173	3
21	20	3
23	20	3
117	20	2
20	130	1
20	198	3
23	21	2
24	21	2
51	21	1
22	23	3
24	22	1
22	25	2
23	24	2
26	23	3
191	23	1
63	23	3
25	24	2
24	26	2
24	27	1
24	36	3
26	25	2
25	28	2
142	25	3
25	44	2
117	25	2
27	26	2
29	26	2
26	184	2
26	135	3
27	29	3
27	30	1
34	27	2
28	29	1
30	28	2
122	28	3
29	31	2
32	29	1
29	71	2
29	155	3
30	32	1
146	30	2
32	31	2
34	31	3
31	73	1
31	55	1
32	34	3
35	32	3
32	196	2
129	32	2
142	32	3
33	35	3
37	33	1
75	33	3
35	34	2
34	37	1
34	130	1
34	141	1
36	35	2
38	35	1
35	56	2
35	166	2
35	192	2
36	38	3
187	36	1
36	75	2
132	36	1
37	39	3
97	37	1
37	140	1
37	65	1
39	38	2
41	38	3
62	38	3
78	38	2
133	38	1
39	41	2
39	42	1
79	39	1
41	40	1
40	43	2
40	112	1
42	41	3
41	43	3
44	41	1
41	93	2
184	41	1
42	44	1
45	42	2
58	42	1
45	43	1
43	46	2
43	163	3
104	43	3
46	44	2
44	47	2
99	44	3
47	45	2
45	107	2
47	46	2
48	46	3
46	49	3
128	46	3
49	47	1
50	47	3
47	86	2
48	47	1
102	47	2
47	124	3
48	50	1
48	189	3
50	49	1
49	52	1
49	127	2
50	51	2
50	53	2
117	50	3
185	50	3
51	53	1
51	54	2
53	52	3
52	54	3
52	154	3
54	53	3
53	55	1
53	117	2
59	53	1
171	53	3
54	55	2
56	54	1
54	57	2
58	54	2
162	54	3
171	54	3
55	57	3
82	55	2
55	96	3
56	57	2
58	56	2
59	56	1
62	56	3
159	56	1
56	182	2
59	57	3
60	57	1
107	57	1
136	57	3
197	57	3
58	59	2
58	61	3
60	59	3
62	59	1
59	80	2
59	116	2
59	165	2
62	60	2
63	60	3
60	197	2
62	61	2
63	61	1
61	64	1
190	61	3
62	63	2
62	65	3
63	64	3
63	66	1
89	63	1
65	64	1
66	64	3
143	64	3
64	94	2
64	121	2
66	65	3
65	68	1
65	88	2
66	67	1
66	68	2
66	69	3
67	68	1
67	69	2
163	67	2
69	68	2
70	68	1
116	68	2
68	165	3
70	69	3
69	71	2
69	72	3
71	70	2
73	70	3
70	105	2
70	163	3
186	70	3
71	72	2
73	71	2
74	71	3
71	76	2
71	114	3
71	195	2
73	72	3
75	72	2
72	98	2
72	124	2
75	73	3
73	127	3
97	73	3
73	126	2
76	74	2
74	77	3
85	74	2
77	75	2
75	78	3
103	75	1
78	76	1
76	79	3
76	191	1
77	78	1
80	77	3
198	77	3
79	78	1
78	80	1
88	78	3
80	79	1
79	81	2
79	82	1
145	79	1
82	80	3
80	83	1
80	169	1
81	82	3
81	84	1
81	193	2
83	82	3
82	84	1
82	85	2
82	131	2
84	83	2
85	83	1
83	98	1
127	83	3
83	134	2
86	84	2
84	87	2
178	84	3
86	85	3
85	87	2
88	85	2
85	161	2
86	88	1
89	86	2
86	180	3
89	87	2
87	143	1
90	88	3
90	89	3
92	89	1
89	138	2
90	92	1
90	93	2
92	91	1
94	91	1
138	91	1
91	132	3
93	92	3
94	92	3
92	95	1
106	92	1
92	170	1
94	93	2
96	93	3
106	93	1
93	120	2
96	94	3
94	97	3
95	96	3
97	95	1
95	98	2
95	118	1
96	97	1
99	96	3
194	96	1
97	98	1
97	99	1
140	97	3
177	97	3
99	98	1
98	101	3
155	98	2
100	99	2
99	101	1
100	102	3
103	100	3
142	100	1
100	104	1
101	102	2
101	103	2
104	101	2
114	101	3
102	104	3
102	105	3
105	103	1
186	103	1
106	104	2
105	106	3
105	108	3
108	106	3
108	107	3
109	107	3
107	110	2
108	110	2
108	111	3
117	108	2
108	151	2
111	109	2
109	141	1
110	111	3
112	110	3
113	110	3
111	112	3
111	113	3
111	114	2
113	112	3
112	114	1
189	112	1
114	113	1
113	115	3
116	114	1
115	114	1
117	115	3
115	118	1
116	118	1
116	172	2
119	117	3
118	119	1
121	118	2
119	120	3
122	119	3
158	119	2
125	119	3
121	120	1
120	123	3
121	122	2
123	121	1
122	123	1
124	122	3
125	122	1
179	122	2
124	123	3
123	125	2
158	123	2
124	126	2
127	125	2
125	128	1
126	128	3
126	129	1
172	126	1
128	127	1
127	130	1
130	128	1
128	131	1
147	128	2
153	128	1
129	131	3
132	129	3
130	131	1
130	132	1
132	131	2
134	131	3
134	132	2
135	133	1
188	133	3
134	136	1
137	134	2
137	135	1
135	163	2
137	136	2
136	139	1
137	138	1
137	139	1
137	155	3
138	139	3
140	138	2
140	139	2
141	139	3
139	142	3
140	142	2
143	140	3
141	142	1
143	141	2
143	142	2
145	142	2
144	143	1
145	143	1
146	143	2
145	144	3
146	144	1
147	144	2
147	145	3
148	145	1
146	148	2
149	146	2
146	162	1
147	148	1
147	149	2
148	149	1
150	148	2
148	159	1
156	148	1
149	150	3
149	151	1
149	152	3
156	149	3
151	150	1
150	152	3
150	153	3
151	153	2
154	151	1
153	152	2
155	152	2
153	154	3
156	153	1
154	155	3
156	154	3
154	157	1
155	156	3
155	158	1
158	156	2
158	157	3
159	157	2
173	157	2
158	159	1
160	158	2
161	158	2
159	160	3
162	159	2
161	160	3
162	160	2
163	160	3
160	174	2
162	161	2
161	164	3
192	161	1
164	162	3
163	165	2
167	163	1
165	164	1
164	167	2
167	165	2
165	184	2
166	167	2
166	169	1
168	167	2
170	167	2
168	169	3
168	171	3
175	168	2
187	168	1
170	169	3
169	172	3
170	171	2
170	173	2
173	171	1
174	172	2
175	173	3
174	173	1
176	174	3
176	175	3
175	177	3
178	175	3
176	177	2
179	176	3
179	177	1
177	180	2
178	179	1
180	178	2
181	178	3
180	179	2
182	179	1
181	180	3
180	182	1
183	180	1
182	181	1
181	183	1
184	181	3
182	184	3
183	184	2
185	183	1
183	186	1
186	184	3
187	185	3
195	185	3
186	188	1
189	186	1
187	189	2
190	187	1
188	189	2
191	188	2
190	189	2
189	192	3
191	190	3
192	190	2
191	192	2
193	191	1
194	192	1
193	194	3
195	193	1
196	193	3
194	195	1
196	194	1
197	195	1
197	196	3
198	196	3
199	197	1
