2	0	1
3	0	2
198	0	3
0	199	2
0	135	1
0	8	3
89	0	3
97	0	1
0	105	1
0	147	3
3	1	3
1	198	2
1	199	2
1	195	2
1	84	1
155	1	1
175	1	2
2	4	1
2	5	2
199	2	3
2	124	2
3	4	3
3	5	2
3	21	2
5	4	2
6	4	1
163	4	3
6	5	1
5	7	1
156	5	2
5	128	2
6	8	3
9	6	3
196	6	1
6	35	3
6	140	3
8	7	1
7	9	3
10	7	3
9	8	1
11	8	3
8	77	1
88	8	1
11	9	3
9	12	3
9	137	3
9	85	3
10	12	2
10	13	3
183	10	1
11	12	1
11	14	3
114	11	3
66	11	2
13	12	3
14	12	1
12	15	3
17	12	2
12	91	2
14	13	3
13	16	1
157	13	3
16	14	3
17	14	3
110	14	1
81	14	2
112	14	2
136	14	2
16	15	3
15	18	2
15	87	3
15	73	2
111	15	3
128	15	2
16	18	2
119	16	2
16	66	3
182	16	2
17	19	1
17	136	2
21	17	1
19	18	2
18	21	3
18	97	1
68	18	1
84	18	2
21	19	2
22	19	3
124	19	2
19	45	1
163	19	2
21	20	2
22	20	1
193	20	2
54	20	2
21	23	2
21	47	2
22	24	1
22	25	3
22	62	2
23	24	1
23	25	1
23	126	3
23	56	3
23	150	2
24	25	1
24	27	2
24	137	1
148	24	3
25	27	3
25	28	3
103	25	1
61	25	2
25	91	1
25	126	2
27	26	2
26	28	3
26	29	2
26	94	3
28	27	2
30	27	3
165	27	3
27	39	1
28	30	1
142	28	3
28	127	3
29	31	2
32	29	3
29	85	3
156	29	2
32	30	1
47	30	3
30	66	1
31	32	3
33	31	3
31	34	1
31	72	1
31	100	3
191	31	3
32	33	1
32	34	3
32	35	1
51	32	1
33	34	1
36	33	1
33	156	2
87	33	1
121	33	1
36	34	3
37	34	1
34	134	3
36	35	3
38	35	2
93	35	2
152	35	2
37	36	3
36	38	1
36	180	1
37	39	1
37	40	1
37	149	1
40	38	2
38	41	2
138	38	1
39	41	1
39	158	2
118	39	2
169	39	3
40	41	3
40	42	3
40	43	3
42	41	3
43	41	2
82	41	3
123	41	1
41	132	1
192	41	2
44	42	2
42	45	2
60	42	3
45	43	3
175	43	3
104	43	2
44	45	3
44	46	3
47	44	2
45	47	2
143	45	3
131	45	3
45	149	1
48	46	2
49	46	3
46	89	1
46	177	3
47	49	2
47	126	1
81	47	3
48	50	3
48	197	3
48	85	2
48	129	3
49	51	1
52	49	3
49	185	2
49	114	1
50	51	3
50	52	3
50	195	1
50	98	3
50	191	3
51	52	2
51	54	3
51	167	2
173	51	2
178	51	1
54	52	1
52	55	3
168	52	2
55	53	2
56	53	1
53	186	3
53	164	2
54	56	3
182	54	1
56	55	2
57	55	2
55	134	3
56	58	3
56	59	2
95	56	2
58	57	1
60	57	2
186	57	2
59	58	2
61	58	2
58	149	2
58	99	2
59	61	1
62	59	1
59	140	3
60	61	3
60	63	3
85	60	2
60	108	1
60	130	2
192	60	1
61	62	2
61	64	2
77	61	2
61	140	3
62	64	2
62	89	3
62	196	1
64	63	3
63	65	3
63	168	1
66	64	2
67	64	1
64	185	1
82	64	2
65	66	2
68	65	2
65	121	1
65	143	1
184	65	2
67	66	3
68	66	1
66	80	2
68	67	2
67	69	2
67	70	3
67	75	1
67	141	2
67	160	2
69	68	1
71	68	1
68	125	1
69	71	3
98	69	1
69	122	2
70	71	2
70	72	2
70	73	1
71	72	2
71	73	1
74	71	2
72	73	2
75	72	1
74	73	3
76	73	3
73	116	1
73	146	1
147	73	1
168	73	3
75	74	1
77	74	2
74	124	3
83	74	2
74	157	1
76	75	2
75	78	3
76	78	3
76	79	3
76	91	3
166	76	2
79	77	3
194	77	3
80	78	2
81	78	2
78	97	3
78	143	1
81	79	2
79	82	3
79	196	1
81	80	1
80	83	2
96	80	2
82	81	1
84	81	2
84	82	3
82	136	2
83	84	2
86	83	2
84	85	1
84	87	2
138	84	1
87	85	3
85	152	3
88	86	1
124	86	1
86	161	1
109	86	1
89	87	3
183	87	2
88	89	1
88	91	2
90	89	2
91	89	1
91	90	1
90	92	3
90	166	3
93	91	2
94	92	2
161	92	1
164	92	1
122	92	3
92	144	2
95	93	1
93	115	1
161	93	2
162	93	3
189	93	3
94	95	2
94	96	2
95	97	2
98	95	2
97	96	2
96	99	3
138	96	1
96	183	1
97	99	2
97	98	2
98	100	1
98	101	2
98	120	3
98	139	1
101	99	1
99	102	2
106	99	3
101	100	3
102	100	3
103	101	3
101	196	2
101	184	2
172	101	3
103	102	1
102	105	2
191	102	3
103	104	2
105	103	3
106	103	3
104	105	3
104	107	1
127	104	2
110	104	3
104	135	2
106	105	2
108	105	1
165	105	1
106	107	2
106	109	2
106	134	1
106	159	3
106	195	3
107	108	2
107	109	3
107	127	1
110	108	1
108	111	1
109	111	1
112	109	1
133	109	2
179	109	2
110	112	3
113	110	1
115	110	3
111	113	3
111	114	1
111	130	3
113	112	3
112	115	1
113	114	1
113	115	3
116	113	2
115	114	1
116	114	3
149	114	1
117	115	2
118	115	3
116	118	2
116	187	2
119	117	1
120	117	2
153	117	3
117	163	3
118	120	1
118	121	2
145	118	2
119	121	2
119	122	3
163	119	1
119	181	2
122	120	2
120	123	2
123	121	2
121	124	3
122	123	2
125	122	1
132	122	1
123	124	2
123	126	2
166	123	1
196	123	2
125	124	3
126	124	3
124	127	1
125	126	3
127	125	3
127	126	3
129	126	1
126	190	2
127	128	2
129	127	2
130	127	1
128	130	1
131	129	3
129	169	1
129	194	3
132	130	1
132	131	2
131	134	3
134	132	2
133	134	2
136	133	3
134	136	2
137	134	2
135	137	3
135	138	1
174	135	2
136	137	1
136	138	1
137	138	1
137	140	1
137	191	1
140	138	2
139	140	2
139	142	3
140	142	3
141	143	2
144	141	2
153	141	2
141	159	1
142	143	1
142	144	3
169	142	1
158	142	2
142	171	2
143	145	3
197	143	3
144	145	3
144	147	2
145	146	1
145	148	3
146	147	2
146	149	2
146	178	3
147	149	3
148	149	2
148	151	1
149	151	3
150	151	1
150	153	3
151	153	3
151	154	3
151	189	1
152	153	2
155	152	3
153	154	3
155	153	1
155	154	2
157	154	2
169	154	3
155	157	3
155	158	1
157	156	2
158	156	1
188	156	3
157	159	1
160	157	3
158	159	1
158	160	2
185	158	2
159	161	3
161	160	3
160	163	1
161	162	3
164	161	1
163	162	1
165	162	2
165	163	3
165	164	2
164	167	2
165	167	3
168	165	3
166	168	3
168	167	2
170	167	2
169	168	3
168	171	2
169	170	2
169	172	2
169	187	1
170	171	3
170	173	2
170	174	1
171	172	3
174	171	2
173	172	1
175	172	1
174	173	3
173	175	3
175	174	1
174	176	2
186	174	1
177	175	2
175	178	1
176	177	3
176	178	1
179	176	1
177	178	3
179	177	1
180	178	1
179	180	2
179	182	2
181	180	2
180	182	2
183	180	2
181	182	2
183	181	3
182	184	3
185	182	2
184	183	1
183	186	1
186	184	3
184	187	1
187	185	2
188	185	1
186	187	1
186	189	1
188	187	2
187	190	2
188	190	2
188	191	2
189	190	3
191	189	1
190	192	1
190	193	3
191	193	1
192	194	1
194	193	3
193	195	2
193	196	3
195	194	2
194	196	3
195	197	2
198	195	3
196	197	1
196	199	1
199	197	3
198	199	2
