1	0	2
3	0	1
197	0	3
0	198	3
0	111	1
175	0	1
94	0	3
187	0	2
2	1	3
3	1	3
198	1	1
72	1	3
1	182	2
106	1	1
143	1	1
4	2	3
2	5	1
2	199	2
2	188	1
2	145	3
3	5	3
153	3	3
3	73	3
91	3	3
6	4	3
4	7	3
4	119	3
74	4	3
125	4	2
174	4	2
6	5	2
7	5	3
192	5	2
5	37	2
5	66	2
6	8	1
58	6	1
6	19	2
22	6	2
8	7	3
10	7	1
7	39	3
10	8	1
8	11	3
127	8	2
8	165	1
11	9	2
9	12	2
158	9	3
170	9	1
12	10	2
10	170	2
10	162	2
10	24	3
13	11	1
106	11	3
11	139	2
25	11	3
11	54	2
12	13	2
12	14	2
12	15	2
13	14	1
15	13	3
16	13	2
14	15	1
17	14	2
14	138	3
17	15	3
18	15	2
106	15	1
15	161	3
18	16	1
79	16	2
16	57	2
19	17	2
17	20	2
144	17	1
17	44	1
105	17	3
19	18	3
18	20	2
18	74	1
140	18	3
19	21	3
19	58	1
19	174	3
30	19	3
20	22	1
23	20	3
113	20	3
20	104	2
20	116	1
21	23	2
21	24	3
21	76	3
21	29	2
21	189	2
24	22	3
22	68	1
73	22	2
24	23	3
23	26	3
23	118	1
24	26	1
24	27	1
24	78	2
102	24	3
25	26	3
28	25	2
25	100	3
28	26	2
29	26	1
26	78	2
28	27	3
27	30	2
27	115	3
28	29	3
30	28	1
28	192	3
29	30	3
32	29	1
29	35	1
29	88	1
29	89	1
31	30	1
33	30	3
31	33	1
31	34	1
31	125	1
32	33	2
32	35	2
123	32	2
35	33	1
33	67	2
33	184	3
35	34	2
36	34	3
34	37	2
35	37	2
38	35	3
35	127	1
183	35	1
36	38	2
39	36	1
82	36	3
150	36	2
39	37	3
40	37	1
37	42	3
101	37	3
182	37	2
38	39	1
40	38	3
121	38	2
41	39	3
42	39	1
39	71	1
41	40	1
42	40	3
40	43	1
59	40	2
115	40	1
135	40	3
41	43	2
124	41	3
171	41	2
42	44	3
42	45	1
63	42	3
42	194	3
43	45	1
147	43	2
43	86	1
44	45	1
44	47	2
47	45	2
45	48	2
45	120	2
87	45	3
168	45	2
47	46	1
48	46	2
46	78	3
124	46	1
47	48	2
47	50	1
47	77	2
48	50	3
48	80	1
121	48	1
196	48	2
50	49	3
49	52	3
63	49	3
52	50	3
53	50	1
50	77	2
50	123	2
173	50	2
52	51	3
53	51	1
54	51	1
51	158	3
51	169	3
52	53	1
54	52	3
52	133	2
52	68	2
154	52	1
52	192	1
55	53	1
59	53	1
53	102	1
184	53	3
54	55	2
54	57	1
192	54	2
57	55	3
58	55	2
144	55	2
55	126	3
56	57	1
59	56	2
56	70	1
58	57	2
60	57	2
57	84	1
59	58	1
58	61	1
58	161	1
67	58	2
178	58	3
61	59	2
59	112	1
62	60	2
60	63	1
83	60	3
188	60	2
63	61	2
64	61	1
61	137	2
61	159	1
62	63	3
62	64	3
65	62	3
162	62	2
64	63	3
63	66	2
64	65	3
64	66	3
64	67	2
67	65	1
65	118	2
65	165	3
99	65	3
66	68	1
66	112	1
71	66	3
113	66	1
131	66	3
67	68	2
67	69	1
68	70	2
138	68	2
71	69	3
69	72	3
133	69	3
69	147	3
71	70	3
73	70	3
70	147	3
160	70	1
164	70	2
72	71	2
71	74	3
71	130	3
72	73	3
75	72	3
72	128	1
72	98	3
153	72	3
73	75	3
73	127	3
73	157	3
74	75	3
74	77	3
75	76	3
77	75	2
86	75	1
75	145	2
76	77	2
79	76	3
114	76	2
77	79	2
80	77	1
77	130	3
78	79	1
80	78	1
78	90	2
78	190	1
79	81	1
82	79	3
182	79	3
81	80	2
83	80	3
105	80	3
82	81	2
81	84	3
114	81	2
83	82	1
84	82	3
156	82	1
108	82	3
83	84	3
85	83	3
86	83	3
85	84	1
84	87	2
84	169	2
86	85	3
87	85	3
152	85	2
87	86	1
86	88	1
86	89	2
87	89	2
90	87	1
180	87	2
88	90	1
91	88	2
195	88	3
89	91	3
118	89	3
105	89	3
91	90	2
90	93	3
90	130	2
91	93	1
94	91	2
92	93	3
95	92	2
163	92	1
95	93	1
96	93	2
93	148	1
94	95	3
97	94	2
95	96	1
95	97	3
158	95	1
95	118	3
96	97	1
96	98	3
99	96	3
97	99	3
97	100	3
97	199	1
97	137	2
98	99	2
98	100	1
99	100	3
99	102	3
99	131	3
100	101	2
100	103	1
100	148	2
159	100	3
103	101	3
104	101	2
102	104	3
105	102	2
102	112	3
120	102	2
127	102	2
178	102	3
103	104	1
105	103	3
106	103	3
104	106	1
107	104	3
107	105	2
135	105	1
160	105	1
108	106	1
106	109	2
119	106	1
106	139	2
108	107	3
107	110	3
111	107	3
128	107	3
107	174	2
107	198	2
108	110	3
111	108	3
109	110	2
111	109	3
112	109	3
111	110	3
112	110	2
113	110	3
110	188	3
113	111	2
111	161	1
111	186	2
138	111	3
112	113	2
115	112	2
115	113	3
113	117	3
113	166	1
114	115	2
116	114	2
117	114	3
128	114	3
114	149	2
116	115	3
115	117	1
117	116	3
116	119	1
129	116	2
118	117	1
117	119	1
120	117	2
119	118	3
118	120	3
119	121	2
119	122	3
120	121	1
120	123	1
121	122	3
121	123	2
124	121	2
122	124	2
122	125	2
122	168	2
139	122	3
122	193	1
124	123	3
123	125	2
126	124	1
124	127	2
125	127	3
128	125	2
127	126	3
129	126	3
127	129	1
128	130	3
129	131	2
129	193	2
180	129	2
132	130	3
131	133	1
132	133	3
134	132	1
135	132	2
181	132	1
133	134	2
136	133	1
149	133	1
135	134	3
136	134	1
137	134	3
135	137	1
137	136	2
136	138	1
136	139	1
137	139	1
140	137	2
138	140	1
141	138	1
138	161	1
139	141	2
140	141	1
143	140	3
175	140	3
141	142	2
143	141	3
141	144	3
142	144	3
142	145	2
142	166	1
145	143	3
143	146	3
145	144	1
146	144	2
147	144	1
147	145	1
166	145	2
146	147	2
148	146	2
146	149	3
148	147	1
147	149	2
149	148	1
148	150	3
148	155	3
156	148	2
148	175	2
149	150	3
149	152	1
150	152	3
150	191	3
151	152	1
151	153	1
151	154	3
153	152	3
154	152	2
155	152	2
153	154	3
153	156	3
154	156	3
154	157	2
155	156	1
157	155	3
156	158	1
159	156	2
158	157	1
157	160	3
159	158	2
158	161	1
159	161	3
160	162	1
160	171	1
161	163	1
164	162	3
162	165	1
164	163	3
165	163	3
166	163	3
189	163	1
166	164	2
167	164	3
165	166	2
165	168	3
169	165	2
166	168	3
168	167	2
167	169	2
167	170	2
168	169	2
170	168	1
169	171	1
171	170	1
173	170	2
197	170	2
173	171	2
184	171	3
173	172	3
172	175	1
186	172	3
173	174	1
176	173	1
176	174	3
175	177	1
176	177	1
176	178	3
179	176	1
177	179	1
180	177	3
177	190	1
180	178	1
179	181	1
182	179	3
179	196	2
182	180	3
182	181	1
184	181	1
181	196	1
182	183	3
185	182	3
184	183	1
183	185	1
185	184	1
187	184	2
186	185	1
187	185	2
188	185	1
187	186	1
186	189	2
197	186	3
187	188	2
187	189	3
188	190	3
191	189	2
191	190	3
190	193	3
192	191	2
191	193	2
191	194	3
194	192	2
193	194	3
193	196	3
194	196	2
197	194	2
197	195	1
195	198	2
198	196	1
197	198	1
