0	2	3
197	0	2
199	0	1
150	0	1
0	119	3
11	0	3
162	0	3
1	2	2
3	1	1
4	1	3
1	199	3
1	191	3
2	4	3
5	2	3
199	2	1
2	190	3
2	23	3
3	4	2
5	3	2
6	3	3
43	3	3
3	67	2
144	3	3
5	4	1
4	6	1
7	4	1
27	4	1
53	4	2
157	4	1
7	5	1
8	5	3
126	5	3
5	39	1
52	5	1
7	6	3
6	9	1
6	34	2
64	6	2
8	7	2
9	7	1
163	7	1
142	7	1
8	9	1
10	8	3
76	8	3
34	8	3
108	8	2
10	9	3
9	11	3
34	9	2
9	74	2
10	11	2
12	10	2
10	198	1
113	10	2
11	13	2
143	11	3
11	117	3
12	13	1
12	14	2
168	12	1
14	13	3
16	13	2
13	143	1
14	15	1
17	14	3
50	14	2
15	16	2
18	15	3
15	92	2
148	15	1
15	179	1
16	18	3
26	16	3
46	16	3
17	19	1
17	20	3
67	17	3
87	17	2
17	103	1
18	20	1
153	18	2
122	18	3
21	19	3
22	19	1
19	140	1
19	76	2
132	19	1
148	19	2
184	19	2
21	20	2
22	20	1
23	20	3
20	32	2
89	20	2
21	22	2
24	21	1
21	175	1
25	21	1
22	23	1
22	25	2
22	94	1
22	63	3
22	110	1
192	22	2
23	25	2
26	23	1
23	77	1
23	82	1
24	25	2
24	26	1
27	24	1
196	24	2
27	25	3
25	148	1
25	149	1
28	26	2
29	26	2
73	26	3
26	75	3
26	134	1
27	29	1
27	96	2
70	27	2
28	30	2
31	28	2
48	28	2
185	28	3
29	30	2
29	32	2
29	168	1
175	29	2
32	30	2
30	33	1
30	116	1
30	35	1
31	32	2
33	31	1
34	31	2
32	34	2
32	129	2
35	33	1
94	33	2
33	80	3
35	34	3
34	37	3
35	37	1
35	38	3
38	36	1
39	36	2
166	36	3
37	38	1
37	40	2
37	71	1
39	38	2
40	38	3
110	38	1
38	62	3
41	39	1
86	39	3
48	39	1
39	119	3
39	153	3
39	190	3
40	41	3
42	40	2
93	40	1
40	147	1
188	40	3
41	42	1
41	43	3
44	41	3
42	44	1
45	42	2
42	194	1
42	186	2
43	45	2
43	194	2
114	43	2
45	44	2
46	44	1
44	47	1
47	45	1
45	129	1
45	152	2
47	46	3
48	46	3
46	49	1
47	49	2
47	93	3
47	197	2
47	97	3
47	123	2
127	47	1
49	48	3
48	50	2
48	111	3
49	50	1
51	49	2
49	142	1
84	49	3
52	50	3
50	53	2
50	87	1
50	194	2
51	53	2
183	51	1
51	105	2
167	51	3
54	52	2
89	52	2
107	52	1
54	53	3
53	56	2
54	55	3
54	57	3
66	54	1
56	55	2
57	55	1
58	55	3
55	135	2
57	56	1
56	59	3
56	193	2
106	56	3
58	57	1
57	60	2
183	57	1
60	58	3
58	61	1
178	58	2
79	58	2
96	58	2
59	60	3
59	62	3
59	128	1
59	98	1
103	59	3
60	61	1
62	60	1
85	60	2
60	122	1
60	131	3
61	63	1
61	64	1
140	61	2
62	63	1
62	65	1
63	65	3
63	197	1
64	65	1
64	67	1
65	66	2
67	65	1
85	65	1
130	65	1
65	172	3
66	67	2
66	68	1
69	66	2
67	68	2
67	69	1
69	68	3
71	68	3
131	68	3
69	70	3
69	71	2
72	69	2
69	93	1
135	69	2
70	71	2
70	72	2
136	70	1
163	70	3
72	71	3
73	71	2
106	71	1
134	71	2
71	169	3
74	72	1
75	72	1
181	72	1
94	72	1
73	74	1
75	73	1
73	90	3
73	173	1
74	76	3
77	74	2
74	80	3
75	76	2
77	75	2
76	77	3
79	76	3
77	78	3
77	79	2
78	80	2
78	81	2
78	146	1
140	78	1
79	81	2
82	79	1
79	142	3
79	159	3
82	80	3
115	80	1
83	81	2
84	81	1
146	81	3
81	184	2
84	82	2
177	82	3
83	85	2
86	83	3
83	115	1
83	195	3
84	86	1
138	84	1
153	84	3
85	86	1
87	85	1
88	85	3
86	87	3
86	88	3
89	86	1
89	87	2
179	87	1
87	145	2
89	88	1
90	88	1
88	91	3
88	109	2
165	88	3
89	90	2
92	89	3
91	90	1
90	93	3
90	143	2
90	120	2
93	91	3
91	94	2
145	91	2
92	93	3
95	92	1
179	92	3
95	93	1
96	93	2
127	93	3
94	95	3
96	94	1
95	96	2
95	97	3
98	95	2
96	97	3
99	96	1
97	98	1
97	100	3
99	98	3
98	100	2
112	98	2
99	100	1
99	101	1
99	102	3
188	99	3
100	101	3
103	100	1
100	124	3
100	157	2
103	101	3
101	155	3
129	101	3
138	101	1
101	177	2
102	103	3
102	105	2
102	115	2
103	105	2
146	103	1
105	104	1
104	106	2
104	107	3
107	105	1
108	105	3
105	126	1
106	108	3
106	109	1
107	109	2
107	110	2
116	107	1
110	108	2
111	108	3
186	108	1
109	110	1
109	111	1
111	110	2
113	110	3
110	151	3
113	111	3
111	177	3
112	114	2
115	112	3
113	114	1
113	115	1
114	115	3
114	117	1
115	117	1
115	118	3
149	115	2
198	115	3
118	116	1
116	176	2
129	116	1
118	117	1
120	117	1
117	172	3
119	118	2
120	118	2
121	118	3
119	121	1
152	119	1
168	119	1
120	121	2
120	123	1
121	123	2
124	121	3
121	187	2
123	122	3
122	125	2
128	122	1
197	122	2
124	123	3
125	123	2
125	124	3
126	124	1
124	127	2
126	125	1
127	125	1
190	125	3
126	128	1
126	129	3
126	138	2
156	126	2
127	129	3
128	129	3
131	128	1
130	129	3
129	131	1
130	131	1
130	133	2
132	131	1
131	134	3
132	133	2
135	132	3
132	193	3
133	134	1
133	135	1
133	136	3
150	133	3
156	133	1
134	136	1
191	134	2
135	137	3
136	137	3
136	139	1
136	182	2
138	137	3
140	137	3
137	176	3
138	139	3
140	138	2
192	138	2
139	140	2
142	139	1
139	195	3
139	180	2
142	140	1
140	169	2
140	178	3
141	142	2
141	143	2
141	146	2
154	141	3
187	141	3
142	144	3
142	194	1
143	144	1
145	143	1
146	143	1
145	144	3
144	147	2
147	145	1
173	145	1
145	152	1
145	183	2
146	147	2
146	149	3
146	180	2
147	148	3
147	150	3
148	150	1
149	151	1
177	149	2
149	161	1
189	149	3
150	151	1
150	152	2
151	152	1
153	151	3
154	152	3
152	155	1
155	153	2
154	156	2
157	154	1
155	156	1
157	155	2
158	155	1
158	156	1
164	156	3
159	157	2
158	159	3
160	158	2
187	158	3
160	159	3
159	162	3
160	161	2
160	162	1
163	160	1
163	161	2
161	164	3
164	162	1
165	162	3
163	165	2
166	163	3
166	164	3
167	164	1
164	174	2
166	165	2
167	165	2
169	165	2
166	167	1
169	166	2
189	166	1
169	167	3
170	167	3
170	168	1
168	171	1
171	169	1
171	170	3
172	170	2
173	170	2
172	171	1
171	173	2
171	177	3
172	173	3
175	172	2
174	173	1
176	173	3
174	176	3
174	177	2
177	175	1
175	178	3
175	185	1
177	176	2
178	176	3
176	179	3
191	176	3
177	178	1
177	179	3
178	180	1
178	181	3
180	179	3
181	179	3
182	180	2
181	182	2
183	181	2
184	181	1
182	183	2
185	182	2
183	184	3
186	183	1
186	184	3
185	187	3
188	186	3
187	188	2
187	190	2
188	190	2
190	189	3
191	189	1
190	192	1
190	193	3
191	193	1
194	192	2
194	193	3
196	193	3
194	196	3
195	197	3
198	195	3
197	196	2
199	196	3
199	197	3
