0	2	2
0	3	2
0	198	2
60	0	2
0	20	2
79	0	3
142	0	1
1	3	1
4	1	1
198	1	3
1	183	1
1	39	2
1	161	1
2	4	1
2	199	3
59	2	3
2	76	2
2	155	3
5	3	3
3	24	3
49	3	3
4	5	3
6	4	1
111	4	3
29	4	1
4	61	2
5	7	2
8	5	3
5	121	1
5	87	3
101	5	3
5	140	1
7	6	2
9	6	2
128	6	3
172	6	3
9	7	3
141	7	3
7	36	3
7	99	2
175	7	1
190	7	1
9	8	3
8	10	3
106	8	1
27	8	2
9	10	2
11	9	3
12	9	3
9	103	2
11	10	2
13	10	2
126	10	2
32	10	1
108	10	1
163	10	1
12	11	2
11	13	2
11	178	3
11	94	3
98	11	3
11	128	1
12	13	1
12	14	1
12	88	2
12	130	2
14	13	3
13	15	2
71	13	2
82	13	1
15	14	3
14	16	2
36	14	1
14	70	1
188	14	1
15	17	3
15	194	3
15	85	1
66	15	2
92	15	2
176	15	2
17	16	2
19	16	3
16	25	1
18	17	2
17	20	2
17	147	3
123	17	3
19	18	1
20	18	3
18	21	2
21	19	2
129	19	2
158	19	1
20	19	2
125	19	3
20	21	1
20	23	1
20	85	1
23	21	2
24	21	1
21	159	1
198	21	1
22	24	3
25	22	1
22	96	1
25	23	3
125	23	1
70	23	1
71	23	2
23	98	3
25	24	2
27	24	1
40	24	2
25	27	1
28	25	3
76	25	3
31	25	3
91	25	1
26	28	3
29	26	3
42	26	1
38	26	1
26	93	3
158	26	2
29	27	2
30	27	2
28	30	2
28	31	1
181	28	1
30	29	1
29	32	1
68	29	2
152	29	2
30	32	3
30	33	2
30	99	3
71	30	3
33	31	2
34	31	3
33	32	2
32	34	1
55	32	1
33	34	3
33	36	1
33	62	2
34	36	2
180	34	3
103	34	2
34	53	2
37	35	2
160	35	2
166	35	2
36	38	3
140	36	1
36	199	1
36	122	3
39	37	1
40	37	3
37	133	1
125	37	1
159	37	2
40	38	1
41	38	3
48	38	2
39	41	2
39	173	2
39	43	1
102	39	1
40	42	3
43	40	2
67	40	3
41	43	2
61	41	2
57	41	1
41	78	1
41	105	3
140	41	1
142	41	2
42	44	3
45	42	3
138	42	3
44	43	2
43	45	1
187	43	3
111	43	3
139	43	2
44	46	1
47	44	1
83	44	3
44	99	2
46	45	1
48	45	2
45	118	3
45	76	1
48	46	2
49	46	3
46	79	3
47	48	3
47	49	3
47	50	3
47	168	1
47	169	3
50	48	1
51	48	3
50	49	1
52	49	1
117	49	2
49	69	3
49	136	1
180	49	3
50	52	1
178	50	1
125	50	3
62	50	2
50	194	3
52	51	3
53	51	3
51	150	3
51	106	2
53	52	3
54	52	1
52	175	2
121	52	1
52	138	1
52	187	3
53	55	3
53	141	3
137	53	1
54	56	2
54	57	3
54	113	2
74	54	2
148	54	3
55	56	1
58	55	2
58	56	2
56	173	2
176	56	1
63	56	1
56	160	1
58	57	2
57	59	2
131	57	3
58	59	2
61	58	2
58	110	3
58	133	3
59	60	2
62	59	2
59	194	1
62	60	1
121	60	3
114	60	3
63	61	1
61	118	2
62	64	2
117	62	1
63	65	2
148	63	3
63	72	1
65	64	2
64	66	2
67	64	2
67	65	2
68	65	2
74	65	2
65	116	1
66	67	3
69	66	2
66	164	1
165	66	1
188	66	3
68	67	1
67	70	2
67	139	1
67	171	3
67	179	3
68	69	1
68	71	2
70	69	2
69	71	2
69	167	2
71	70	2
70	73	3
71	73	2
73	72	2
75	72	3
72	109	1
75	73	3
76	73	3
152	73	3
79	73	3
73	158	3
74	76	2
74	77	3
75	77	2
75	78	2
75	85	3
156	75	3
78	76	2
79	76	2
115	76	2
181	76	2
77	78	1
80	77	3
77	143	3
80	78	1
154	78	2
81	79	3
79	166	1
80	81	2
80	83	1
80	101	3
82	81	3
81	83	2
84	81	1
81	100	2
84	82	3
82	85	1
84	83	1
83	86	1
83	103	2
84	85	3
84	86	2
87	84	1
138	84	3
85	86	2
85	87	2
165	85	1
86	88	2
86	89	1
198	86	2
89	87	2
90	87	2
88	89	3
90	88	3
91	88	1
89	91	2
89	92	3
131	89	3
90	91	2
90	92	1
93	90	1
90	127	1
91	92	2
91	94	2
94	92	3
95	92	1
92	120	3
93	94	1
93	96	3
93	110	3
93	157	1
94	95	1
94	97	2
152	94	2
95	97	3
98	95	3
154	95	1
149	95	3
97	96	2
96	98	3
96	99	2
97	99	2
97	100	1
110	97	3
100	98	3
98	189	3
99	101	2
99	141	1
100	102	3
126	100	2
102	101	3
104	101	2
103	102	2
105	102	2
110	102	3
104	103	2
103	106	3
103	118	1
103	124	2
105	104	1
104	106	2
107	104	1
161	104	3
192	104	2
106	105	2
108	105	2
141	105	2
108	106	2
106	165	2
177	106	2
109	107	3
146	107	2
107	122	3
107	151	1
107	186	2
108	110	1
111	108	1
132	108	1
111	109	3
142	109	3
112	110	1
112	111	2
111	114	3
114	112	1
112	115	2
183	112	1
154	112	3
114	113	3
113	115	1
116	113	3
113	196	1
116	114	1
177	114	1
142	114	3
115	117	3
115	118	3
116	118	1
116	119	1
117	119	2
117	120	1
151	117	2
120	118	3
118	121	3
119	120	2
119	121	3
119	122	2
129	119	3
120	122	3
120	184	1
139	120	1
121	122	2
121	123	3
145	121	3
124	122	2
192	122	1
124	123	3
126	123	3
124	126	2
137	124	2
173	124	1
124	182	1
125	127	2
178	125	3
126	127	2
129	126	3
197	126	1
128	127	2
130	127	3
128	129	1
128	131	3
130	129	2
129	132	1
130	131	3
132	130	3
132	131	1
131	133	2
131	134	1
150	131	2
134	132	3
144	132	1
134	133	2
135	133	2
136	134	1
134	137	1
134	135	1
162	134	2
135	136	3
135	138	1
189	135	1
138	136	3
136	139	1
178	136	1
137	139	1
171	137	3
137	143	2
140	138	2
141	139	2
142	140	2
143	141	2
142	144	2
143	144	2
143	145	2
146	143	3
145	144	3
147	144	1
170	144	2
193	144	3
145	146	3
145	147	3
145	164	3
146	148	2
146	149	2
148	147	3
150	147	3
173	147	2
148	149	1
148	151	1
149	151	2
189	149	1
151	150	1
150	153	2
153	151	2
154	151	3
151	183	3
185	151	2
154	152	3
153	154	2
153	155	1
156	153	3
191	153	1
155	154	3
156	154	3
157	155	1
155	158	3
157	156	1
156	159	1
158	157	1
159	157	2
158	160	1
158	184	3
160	159	2
159	162	1
161	160	3
160	162	3
163	161	2
162	163	1
165	162	2
171	162	3
180	162	3
165	163	1
166	163	2
166	164	3
195	164	3
165	167	1
165	169	2
166	167	1
168	166	2
166	169	2
168	167	2
167	170	3
168	169	2
168	171	2
169	171	2
170	171	3
172	170	1
170	173	3
173	171	3
172	174	1
175	172	2
174	173	1
175	173	1
175	174	3
174	176	3
177	174	3
177	175	3
184	175	3
176	178	3
176	179	3
177	179	1
180	177	3
178	180	3
180	179	1
182	179	3
182	180	1
181	183	3
184	181	3
182	184	2
185	182	1
183	184	3
185	183	2
186	184	1
187	184	1
186	185	1
188	185	1
186	187	3
186	189	3
187	189	1
190	187	1
190	188	1
191	189	3
192	189	2
191	190	2
190	193	2
191	193	1
191	194	2
192	193	1
192	194	2
195	193	2
196	193	2
195	194	3
194	197	2
196	195	2
195	198	1
197	196	3
199	196	2
197	198	2
197	199	1
