0	1	2
2	0	1
0	3	2
0	198	2
0	105	3
0	162	3
2	1	3
4	1	3
1	199	2
1	62	1
1	111	3
1	21	1
1	60	1
1	190	2
4	2	2
199	2	2
72	2	2
2	110	1
12	2	1
2	47	3
4	3	3
3	6	2
3	42	1
93	3	2
6	4	1
4	189	3
76	4	2
83	4	1
5	6	1
8	5	3
30	5	3
5	69	2
5	141	2
5	175	3
8	6	1
6	167	1
199	6	1
6	55	1
113	6	1
172	6	3
7	9	2
7	10	1
7	32	1
8	10	2
68	8	2
8	60	2
11	9	1
166	9	2
147	9	3
187	9	3
10	12	2
199	10	3
10	187	1
40	10	2
10	46	1
13	11	3
44	11	3
140	11	1
12	14	1
12	104	1
15	13	2
16	13	1
161	13	2
14	16	3
14	17	2
14	57	2
15	17	1
18	15	1
158	15	2
123	15	3
16	17	3
18	16	3
16	19	2
135	16	1
19	17	3
20	17	3
17	130	1
18	20	2
21	18	2
177	18	2
65	18	3
19	21	2
19	144	2
19	59	3
34	19	3
19	74	1
20	21	3
20	23	3
29	20	1
95	20	2
136	20	2
23	21	2
21	140	2
42	21	2
22	23	3
25	22	2
29	22	2
52	22	2
24	23	1
26	23	3
154	23	1
23	44	1
25	24	3
26	24	1
24	147	3
107	24	3
27	25	1
25	28	1
31	25	1
26	28	2
54	26	3
147	26	3
164	26	2
178	26	1
27	28	2
27	30	2
27	86	3
28	29	1
28	30	3
31	28	3
28	163	3
29	30	1
31	29	1
29	51	3
29	148	1
30	31	1
30	32	2
33	30	2
33	31	2
58	31	3
161	31	2
32	34	1
35	32	2
32	189	2
139	32	1
34	33	2
33	36	3
33	145	3
33	91	1
34	36	2
93	34	1
167	34	3
36	35	1
37	35	2
109	35	1
38	36	3
36	39	3
36	121	2
92	36	3
38	37	1
39	37	2
37	40	1
37	116	2
37	148	1
40	38	1
164	38	2
76	38	1
43	38	2
39	40	3
41	39	3
39	194	2
102	39	1
41	40	3
43	40	1
43	41	2
41	44	3
108	41	1
42	44	1
42	45	2
42	86	1
43	45	2
46	43	1
45	44	3
44	47	1
171	44	1
177	44	1
45	47	1
193	45	3
45	120	3
79	45	3
46	47	2
48	46	3
90	46	3
46	163	1
47	49	3
154	47	1
80	47	3
49	48	1
50	48	3
48	51	1
48	118	1
50	49	2
49	51	3
49	52	2
49	72	1
50	51	1
52	50	1
50	53	2
50	74	3
50	145	2
51	53	1
64	51	1
77	51	2
123	51	2
51	153	1
53	52	1
52	55	1
53	55	2
53	56	2
53	185	3
53	57	3
54	56	3
57	54	3
54	123	1
54	127	2
166	54	1
55	57	3
55	120	2
56	58	2
59	56	2
83	56	1
56	149	2
57	59	1
60	57	1
57	58	1
59	58	1
58	61	3
59	61	1
59	196	3
59	90	1
59	115	1
59	152	3
60	62	3
143	60	3
60	131	1
61	63	3
61	88	1
104	61	3
176	61	3
62	63	3
65	62	1
62	171	2
65	63	3
185	63	3
63	126	1
66	64	2
64	123	2
64	106	2
152	64	3
64	186	1
65	67	1
163	65	1
65	155	2
66	68	1
69	66	2
98	66	1
66	75	1
66	77	1
68	67	1
69	67	2
70	67	2
110	67	2
67	142	1
69	68	1
70	68	3
68	71	1
71	69	1
129	69	2
145	69	3
71	70	3
70	72	1
73	70	1
71	72	2
71	73	3
71	191	2
87	71	1
73	72	3
75	72	1
75	73	1
73	76	3
110	73	1
73	138	3
76	74	1
76	75	2
75	77	2
143	75	2
76	77	3
79	76	2
76	82	1
76	137	3
78	77	1
77	80	2
77	86	1
80	78	2
78	180	3
176	78	3
78	192	3
81	79	3
79	82	2
181	79	3
82	80	2
83	80	1
189	80	3
81	82	2
81	84	1
146	81	3
82	84	2
85	82	3
121	82	2
146	82	2
85	83	2
83	174	1
108	83	1
85	84	3
86	84	1
87	84	1
85	86	2
87	85	3
85	183	3
86	88	2
87	88	1
90	87	3
100	87	1
88	89	3
91	88	2
185	88	3
91	89	1
89	92	3
89	141	1
90	91	3
93	90	3
91	93	3
91	166	2
128	91	2
91	192	1
94	92	3
192	92	1
95	93	3
93	96	3
93	140	3
183	93	3
95	94	3
97	94	2
94	101	1
97	95	2
98	95	1
96	98	3
96	131	3
96	147	2
119	96	2
96	198	1
98	97	1
97	99	2
100	97	1
97	147	2
99	98	2
101	98	1
98	119	3
101	99	2
99	141	3
99	191	1
100	101	1
100	103	2
102	101	2
101	104	1
159	101	2
184	101	1
104	102	3
107	102	3
135	102	3
103	104	3
103	106	3
103	199	3
103	144	1
104	105	2
106	104	1
107	104	1
105	106	3
107	105	3
108	105	2
106	107	1
106	108	3
109	106	1
109	107	1
110	107	3
139	107	2
107	155	3
110	108	1
108	184	1
110	109	2
109	112	3
114	109	3
111	110	1
110	112	3
112	111	2
113	111	3
111	114	2
112	113	2
114	112	2
112	115	1
115	113	3
113	144	3
151	113	1
114	116	3
117	114	1
114	187	3
119	114	2
179	114	3
115	116	1
115	118	1
117	116	1
116	118	1
118	117	1
117	120	2
126	117	2
117	160	1
118	119	3
118	121	3
121	119	3
122	120	3
123	120	2
120	126	1
121	122	3
121	123	2
121	124	2
123	122	1
122	124	3
122	125	2
125	123	1
189	123	3
126	124	1
124	127	1
183	124	3
124	167	2
126	125	2
125	127	1
186	125	3
126	128	2
129	126	2
142	126	2
127	129	2
127	195	2
128	129	2
131	128	1
130	129	3
132	129	2
196	129	1
130	132	3
130	133	2
197	130	1
131	133	2
131	134	2
131	158	3
168	131	1
196	131	2
134	132	2
132	135	2
171	132	2
135	133	2
136	133	2
133	168	2
134	135	2
136	134	1
134	137	2
135	137	2
138	136	1
151	136	2
139	137	3
137	140	3
140	138	2
138	141	3
154	138	3
139	141	1
142	140	1
143	140	2
143	141	3
144	141	3
141	176	2
143	142	1
142	144	1
143	144	3
143	145	1
145	144	3
147	144	1
147	145	3
145	151	1
148	146	1
149	146	3
147	149	2
150	147	3
148	150	2
150	149	2
149	152	2
194	149	2
150	152	1
150	153	1
150	158	1
151	153	3
152	154	2
154	153	1
153	156	2
156	154	3
157	154	2
155	157	3
156	157	3
158	156	3
156	162	1
157	159	3
157	160	2
163	157	3
181	157	3
158	160	1
161	158	1
160	159	1
159	162	3
197	159	3
160	161	2
162	160	1
161	162	2
161	163	3
161	164	2
162	163	3
162	164	3
165	162	1
162	197	1
163	165	1
164	166	3
164	167	3
166	165	2
165	167	2
168	165	2
167	166	2
168	166	2
166	174	3
169	167	1
169	168	2
170	168	3
169	170	1
169	171	2
172	169	2
171	170	2
172	170	2
178	170	1
171	172	2
171	174	2
174	172	1
172	175	3
173	174	3
173	175	1
176	173	2
174	176	2
174	177	3
177	175	3
186	175	3
191	175	3
176	178	1
178	177	3
177	180	1
185	177	2
195	177	3
178	179	1
180	178	2
180	179	1
179	182	2
180	182	1
183	180	1
180	184	1
183	181	2
183	182	2
182	184	2
185	182	2
183	184	1
183	185	2
183	188	3
185	184	2
184	186	2
185	186	3
185	187	2
187	186	1
186	189	2
187	188	3
187	190	3
189	188	3
190	188	1
189	191	3
191	190	2
190	193	3
191	192	3
193	191	2
192	194	2
194	193	3
193	195	3
193	196	1
196	194	2
197	194	1
195	197	3
195	198	1
196	197	3
196	198	1
197	199	3
