0	2	3
0	197	2
198	0	1
0	127	2
97	0	2
0	81	3
1	3	3
1	198	1
199	1	3
1	127	2
87	1	1
1	34	2
148	1	2
3	2	1
5	2	2
153	2	1
2	12	3
95	2	3
4	3	3
3	5	3
3	163	1
8	3	2
92	3	1
95	3	1
141	3	3
4	5	1
4	6	2
159	4	3
5	7	3
5	98	1
168	5	2
5	71	1
5	135	3
5	166	1
171	5	1
7	6	3
9	6	2
6	80	3
6	195	2
7	9	3
10	7	3
7	138	2
7	33	3
7	111	2
8	9	1
8	11	3
9	10	3
12	9	3
9	163	3
99	9	3
10	11	3
12	10	3
13	10	3
10	37	2
11	13	1
11	108	2
11	75	3
57	11	2
11	107	3
11	131	1
12	13	3
14	12	2
12	141	1
12	64	2
15	13	3
13	16	3
51	13	3
13	88	1
13	147	3
13	168	2
16	14	2
14	17	2
174	14	3
14	158	2
15	16	3
15	18	2
20	15	1
15	42	1
15	48	2
15	103	3
151	15	2
18	16	3
19	16	3
149	16	2
16	104	2
17	19	3
132	17	2
166	17	1
85	17	3
17	179	2
18	19	1
18	20	1
21	18	2
21	19	2
19	22	2
190	19	3
23	19	2
134	19	2
20	21	3
20	22	3
20	23	1
20	79	2
22	21	1
24	21	3
21	82	3
24	22	1
22	62	2
22	60	3
90	22	2
162	22	3
23	25	3
23	171	2
23	94	2
24	25	1
24	26	3
27	24	1
25	27	1
25	180	1
71	25	2
26	27	2
26	29	3
101	26	3
27	29	1
173	27	2
27	28	2
52	27	2
29	28	2
28	31	2
28	198	2
28	137	2
29	31	3
29	115	3
114	29	1
31	30	3
33	30	3
55	30	2
32	31	3
31	33	3
31	171	2
31	118	3
32	33	3
34	32	2
32	70	3
66	32	3
144	32	1
34	33	2
36	33	3
33	104	2
34	36	2
37	34	3
34	50	2
35	36	3
35	37	1
38	35	1
152	35	1
38	36	2
39	36	1
158	36	2
86	36	1
128	36	3
37	39	2
40	37	2
37	97	3
38	39	3
40	38	2
80	38	1
38	60	3
74	38	1
39	40	3
42	39	3
195	39	3
40	41	3
43	40	1
40	68	3
62	40	1
40	154	2
178	40	2
42	41	3
44	41	2
175	41	3
41	43	3
165	41	1
181	41	3
42	44	2
42	183	1
58	42	3
142	42	3
176	42	1
45	43	1
46	43	2
191	43	2
46	44	2
62	44	3
86	44	2
45	46	3
45	48	2
45	190	2
46	47	3
48	46	1
181	46	1
46	53	1
48	47	2
49	47	3
47	50	3
49	48	2
50	48	3
133	48	2
49	50	1
51	49	3
52	49	2
50	51	1
53	50	3
89	50	2
51	53	1
51	54	1
162	51	2
52	54	2
187	52	3
80	52	1
197	52	1
55	53	2
53	133	1
67	53	1
101	53	2
55	54	2
57	54	3
54	187	3
56	55	1
58	55	1
69	55	1
58	56	3
56	59	2
56	96	2
143	56	2
59	57	2
106	57	2
58	60	1
58	111	3
58	63	3
58	116	1
58	120	2
58	139	3
61	59	2
62	59	1
59	114	2
60	61	3
63	60	3
124	60	2
63	61	3
61	64	1
61	117	2
62	63	2
62	65	2
64	63	3
63	66	3
106	63	1
161	63	2
65	64	3
66	64	1
64	141	1
184	64	3
65	66	3
67	65	1
130	65	1
65	151	2
67	66	2
66	69	2
177	66	2
69	67	1
70	67	1
68	69	3
70	68	2
68	99	1
68	176	2
69	71	2
69	72	2
69	84	1
140	69	3
71	70	1
73	70	2
70	140	1
70	118	3
73	71	1
71	74	1
72	73	1
72	75	1
72	191	3
72	110	3
74	73	2
75	73	1
76	73	3
132	73	3
74	76	3
77	74	1
75	77	1
86	75	2
176	75	1
76	78	3
76	125	3
76	142	2
76	87	2
76	108	2
78	77	3
79	77	1
77	80	3
193	77	1
78	79	1
78	81	2
78	86	3
81	79	1
79	82	2
80	82	2
80	83	3
81	83	3
81	84	3
185	81	2
83	82	3
85	82	2
82	149	2
85	83	2
83	86	3
97	83	1
84	86	2
87	84	1
84	154	1
85	87	1
185	85	2
127	85	3
88	86	3
86	153	1
87	89	3
90	87	1
87	93	1
88	90	2
88	173	3
88	106	1
88	136	3
180	88	2
89	91	3
89	120	1
173	89	2
90	92	1
94	90	1
92	91	1
93	91	3
91	94	3
92	94	2
177	92	3
93	94	2
95	93	1
96	94	2
94	199	2
95	97	2
177	95	2
96	97	3
99	96	1
96	192	1
96	142	2
97	99	1
100	97	3
97	109	3
99	98	3
101	98	1
98	169	1
125	98	2
100	99	3
101	99	3
102	100	3
100	122	3
152	100	2
103	101	2
101	109	1
102	103	3
102	104	3
105	102	3
117	102	1
104	103	3
106	103	2
104	106	3
153	104	3
107	105	1
105	108	2
105	162	3
108	106	1
107	109	3
110	107	1
109	108	2
111	108	2
111	109	1
109	167	1
123	109	1
109	157	1
111	110	3
110	112	2
150	110	2
111	112	1
111	114	3
111	160	3
114	112	2
112	115	1
112	129	1
114	113	1
113	115	3
116	113	3
114	116	2
117	114	2
114	124	3
114	157	1
172	114	3
115	116	1
117	115	3
118	115	1
117	116	2
119	116	3
119	117	3
120	117	2
117	122	1
118	120	1
120	119	1
121	119	1
122	119	3
122	120	3
120	123	3
123	121	3
121	124	1
121	164	3
123	122	2
122	124	1
124	123	1
126	123	3
123	158	1
125	124	2
124	126	3
125	127	3
125	132	1
127	126	2
126	128	2
126	191	1
128	127	2
127	130	3
128	129	3
130	128	3
129	130	1
129	131	1
162	129	1
132	130	3
130	133	3
130	152	1
131	133	3
134	131	2
134	132	3
135	132	2
133	134	3
136	133	3
134	135	1
137	134	1
134	193	1
135	137	2
138	135	1
136	137	1
136	139	3
137	139	1
140	137	3
138	140	1
138	141	2
154	138	3
140	139	3
142	139	2
139	174	1
140	141	1
143	140	1
143	141	1
144	142	3
144	143	2
146	143	2
144	145	2
146	144	3
145	147	3
148	145	2
169	145	1
146	147	2
146	148	1
146	149	2
147	148	2
147	150	3
147	198	1
148	149	1
151	148	1
179	148	3
150	149	3
152	149	1
169	149	1
150	151	3
153	150	3
182	150	2
153	151	1
152	154	1
155	152	2
152	186	1
153	155	2
153	156	1
154	156	1
157	154	3
164	154	2
155	156	2
155	157	1
158	155	1
156	157	2
156	158	3
166	156	1
156	186	2
159	157	3
180	157	2
158	160	3
158	185	1
160	159	2
161	159	2
162	159	1
160	161	1
163	160	2
161	162	2
164	161	2
161	188	1
164	162	3
165	162	2
164	163	2
163	165	2
163	168	1
165	164	3
167	164	2
165	166	3
165	168	3
166	168	1
169	166	2
168	167	2
169	167	3
170	167	1
167	175	2
169	168	1
171	168	1
170	169	3
169	171	1
172	169	2
170	171	3
170	172	2
170	173	1
171	172	1
171	173	1
172	174	3
175	172	2
173	174	2
173	176	3
174	176	3
177	174	1
175	176	3
178	175	3
176	178	2
177	179	1
178	179	2
178	181	2
179	181	3
182	180	3
182	181	1
184	181	2
182	184	3
182	185	3
184	183	2
185	183	2
186	183	3
184	185	2
184	187	2
184	196	1
186	185	1
188	185	1
188	186	1
187	188	1
189	187	3
190	187	1
188	189	2
188	191	3
189	190	2
191	189	2
192	189	2
190	191	1
192	190	2
193	190	1
191	192	1
191	194	3
193	192	1
194	192	1
192	195	2
195	193	1
194	195	1
194	196	3
194	199	3
197	195	1
195	198	3
198	196	1
196	199	3
199	197	3
