2	0	2
3	0	2
197	0	2
199	0	1
84	0	3
30	0	1
126	0	3
1	2	1
3	1	2
1	4	3
1	198	3
1	199	2
2	4	1
199	2	2
2	52	2
57	2	3
2	142	2
2	152	1
3	4	1
6	3	2
3	103	1
3	72	3
6	4	2
75	4	3
141	4	2
5	7	1
5	22	2
136	5	2
7	6	2
8	6	3
6	9	1
6	55	1
6	62	1
9	7	2
183	7	1
7	37	3
10	7	3
9	8	3
11	8	1
145	8	1
28	8	3
141	8	2
9	11	3
9	25	2
9	185	2
9	75	1
85	9	3
10	12	3
176	10	1
11	13	3
14	11	3
193	11	3
11	117	1
13	12	2
12	15	3
136	12	3
12	130	1
13	15	3
13	16	3
13	73	1
106	13	3
139	13	1
14	15	1
14	16	3
14	17	3
15	16	2
15	17	3
15	18	1
21	15	2
101	15	1
129	15	1
179	15	2
16	17	1
19	16	1
16	66	2
16	48	2
16	50	1
116	16	3
19	17	1
17	89	1
17	101	1
18	19	3
18	20	3
56	18	1
186	18	2
19	21	3
19	22	1
19	79	1
19	134	3
167	19	1
19	193	3
20	22	1
104	20	2
20	81	1
30	20	3
101	20	3
23	21	3
24	21	3
22	23	2
22	24	2
22	25	1
22	51	3
25	23	2
23	26	3
23	55	3
25	24	3
24	26	3
27	24	2
25	27	1
28	25	2
139	25	2
25	136	2
25	166	1
28	26	1
199	26	3
26	195	1
187	26	2
27	28	3
29	27	3
27	57	3
27	78	3
136	27	3
27	175	3
28	29	3
31	28	1
95	28	1
29	30	3
29	32	3
29	102	2
37	29	3
29	63	3
29	68	2
153	29	2
29	194	2
32	30	1
33	30	3
32	31	1
34	31	1
31	130	2
65	31	1
32	34	1
35	32	2
156	32	1
32	117	2
33	35	3
36	33	2
33	190	3
33	178	2
34	35	2
34	37	1
34	99	2
35	37	3
80	35	3
65	35	1
36	38	2
36	39	1
74	36	3
111	36	2
37	38	2
37	40	3
37	156	3
39	38	3
41	38	3
118	38	1
40	39	1
39	42	3
63	39	2
160	39	2
40	42	3
40	43	3
129	40	1
40	64	1
177	40	2
43	41	2
44	41	3
62	41	1
42	43	1
42	44	1
42	45	2
43	44	1
46	43	2
43	99	2
44	45	3
46	44	2
47	44	1
44	81	2
133	44	3
171	44	2
47	45	3
179	45	3
173	45	3
45	185	3
47	46	1
46	48	1
67	46	3
99	46	3
165	46	1
47	48	3
47	49	3
47	50	2
124	47	3
49	48	3
50	48	1
49	50	3
52	49	2
130	49	3
160	49	2
50	51	1
53	50	3
50	67	1
51	52	2
51	54	2
51	197	2
52	54	3
90	52	3
52	96	2
54	53	2
53	56	3
53	191	2
86	53	1
53	87	2
54	55	3
54	57	1
87	54	3
54	84	2
54	181	1
55	56	2
55	58	1
56	58	1
56	59	2
96	56	1
57	58	1
59	57	1
57	60	1
57	97	2
58	59	2
61	58	2
81	58	1
71	58	2
59	60	3
61	59	3
59	62	2
62	60	3
60	63	1
60	128	2
62	61	3
61	64	3
120	61	1
61	71	3
61	145	3
62	63	3
62	65	1
65	63	2
63	172	3
149	63	2
64	65	2
66	64	1
64	95	3
64	156	3
65	67	2
65	68	3
65	176	2
68	66	3
69	66	3
66	183	2
66	111	2
115	66	2
66	181	1
68	67	3
70	67	3
68	70	2
71	68	3
149	68	3
70	69	3
71	69	2
69	72	3
69	122	1
179	69	1
70	72	3
70	73	3
74	70	1
71	73	1
90	71	3
143	71	2
72	74	3
75	72	2
73	74	1
73	75	1
73	76	2
82	73	1
73	121	2
75	74	3
74	76	3
77	74	1
88	74	3
76	75	2
78	75	1
75	122	2
173	75	2
77	76	2
76	78	1
76	79	3
91	76	2
78	77	2
80	77	2
108	77	1
78	80	1
78	186	3
81	79	2
79	82	3
79	103	2
79	106	1
81	80	3
82	80	3
80	83	1
83	81	3
81	84	3
94	81	3
82	84	2
82	85	2
84	83	2
85	83	1
86	83	1
84	86	2
87	84	2
84	182	3
193	84	1
86	85	2
85	88	1
87	86	1
89	86	1
86	110	2
86	129	1
162	86	2
87	88	1
90	87	1
88	90	2
91	88	3
89	90	3
89	91	2
89	92	1
90	92	2
90	93	2
92	91	3
91	94	1
92	93	1
92	94	1
95	92	2
93	94	3
96	93	3
175	93	3
94	95	3
97	94	3
94	123	3
97	95	3
98	96	3
96	99	2
96	153	2
97	99	2
100	97	3
97	113	1
98	100	2
98	147	1
98	121	3
98	104	2
99	100	1
101	99	1
101	100	2
102	100	3
100	129	3
124	100	2
187	100	1
100	190	1
101	103	3
103	102	3
104	102	2
105	102	1
102	141	3
150	102	2
161	102	3
103	104	1
103	106	2
179	103	2
104	105	3
107	104	3
105	106	2
108	105	3
179	105	3
105	178	1
106	108	3
108	107	3
107	109	3
110	107	3
107	157	2
110	108	2
108	111	1
108	167	2
109	111	3
136	109	3
109	162	2
110	111	2
110	112	1
143	110	1
147	110	3
113	111	1
113	112	1
112	114	3
115	112	3
113	115	3
125	113	2
114	115	3
114	116	2
126	114	2
115	117	1
115	160	1
118	116	1
116	119	2
119	117	3
118	119	1
118	121	2
127	118	2
159	118	3
119	120	3
121	119	2
119	167	3
120	121	1
122	120	3
120	123	1
121	123	2
121	124	3
121	184	1
124	122	3
124	123	3
123	125	1
124	126	1
126	125	1
125	127	3
125	128	3
125	161	1
126	127	1
126	129	1
127	128	3
127	130	1
127	178	1
131	127	2
133	127	1
191	127	3
130	128	1
131	128	1
133	128	3
129	131	3
168	129	2
131	130	1
130	132	3
130	163	3
131	132	2
134	131	1
132	133	1
132	134	2
132	135	2
148	132	1
133	135	1
136	134	2
137	134	2
135	137	1
138	135	1
178	135	2
138	136	1
137	138	1
139	137	2
140	137	1
139	138	2
138	140	2
141	138	3
139	140	3
139	141	2
140	142	3
180	140	3
149	140	2
143	141	3
164	141	2
141	167	3
143	142	3
142	145	3
142	198	1
145	143	3
143	170	1
145	144	2
144	146	2
172	144	2
145	146	1
145	147	2
146	147	1
146	148	1
146	149	3
147	149	3
150	147	1
148	150	1
151	148	1
151	149	1
150	152	2
150	153	1
151	152	3
153	151	3
154	151	2
152	153	3
152	155	1
163	152	1
183	152	1
153	154	1
155	153	3
155	154	3
154	157	3
176	154	1
155	156	2
155	157	2
158	155	3
158	156	2
158	157	1
160	157	3
159	158	2
158	161	1
158	191	3
159	161	2
188	159	3
160	162	3
163	161	2
164	162	1
165	162	3
165	163	2
166	164	2
164	167	1
166	165	1
168	165	3
166	167	2
168	166	1
169	167	3
169	168	1
168	170	1
169	170	2
171	169	1
169	172	2
170	171	1
172	170	1
170	174	2
172	171	1
174	171	1
173	172	1
172	174	3
172	175	2
173	174	3
173	175	3
174	175	3
177	174	1
175	176	3
175	178	1
176	178	3
179	176	1
177	179	2
180	177	2
180	178	1
181	179	3
179	192	1
180	181	3
182	180	3
183	180	3
181	183	1
189	181	1
183	182	2
185	182	2
184	183	1
185	183	2
184	186	3
184	187	2
195	184	1
184	196	1
185	187	1
188	185	2
187	186	3
186	189	2
187	189	1
188	189	3
190	188	2
199	188	1
189	190	2
189	192	2
192	190	1
193	190	2
192	191	2
191	194	1
192	193	1
194	192	3
195	193	1
196	194	2
197	194	1
197	195	3
198	195	3
196	198	3
196	199	2
198	197	1
