2	0	3
3	0	1
197	0	1
198	0	3
0	199	1
15	0	3
3	1	2
1	198	1
1	199	1
1	158	1
1	184	2
2	3	1
2	4	2
2	199	2
108	2	3
2	33	3
86	2	2
120	2	2
2	153	3
4	3	1
6	3	3
3	142	3
3	8	3
24	3	2
5	4	3
4	7	2
59	4	3
7	5	1
74	5	1
142	5	3
63	5	2
105	5	1
8	6	3
105	6	1
6	99	2
8	7	1
10	7	3
112	7	1
7	72	1
8	10	1
11	8	1
9	10	3
9	11	3
12	9	3
9	23	3
10	11	3
13	10	1
10	20	2
10	82	3
93	10	2
13	11	3
11	102	3
11	97	2
11	114	2
13	12	3
15	12	3
187	12	1
13	15	2
13	16	2
13	145	3
106	13	1
15	14	2
14	16	3
14	96	3
15	16	2
18	15	2
15	40	1
15	109	3
16	18	1
16	19	2
16	186	1
133	16	3
17	18	3
17	19	3
17	20	1
72	17	3
164	17	3
20	18	2
21	18	2
18	88	1
21	19	2
19	22	3
107	19	2
91	19	2
114	19	2
19	123	1
169	19	2
20	22	1
23	20	1
179	20	3
21	22	2
21	24	2
190	21	2
35	21	2
23	22	1
24	22	1
144	22	1
43	22	1
148	22	1
23	24	1
23	26	1
23	30	1
26	24	2
24	177	3
26	25	1
27	25	3
25	28	2
26	27	1
26	28	3
189	26	2
28	27	3
27	29	2
30	27	1
50	27	1
27	97	3
28	29	2
28	31	2
28	32	1
28	130	1
29	30	2
31	29	3
29	32	1
32	30	1
35	30	3
30	98	2
30	146	3
31	33	2
31	34	1
31	54	3
32	33	2
32	34	2
152	32	3
32	67	2
97	32	3
139	32	3
34	33	1
35	33	3
33	178	1
35	34	1
36	34	2
37	34	3
34	100	1
36	35	3
35	38	1
35	116	1
38	36	2
36	39	2
36	60	3
157	36	3
38	37	1
37	40	3
179	37	2
37	135	3
38	39	3
40	38	3
191	38	3
39	40	2
41	39	3
39	131	3
42	40	2
43	40	2
40	138	3
43	41	1
41	191	3
41	67	3
42	44	1
45	42	1
42	166	1
43	44	2
46	43	2
68	43	3
43	134	2
43	163	3
45	44	3
44	47	3
44	121	2
44	174	3
44	195	3
45	46	1
45	47	2
198	45	2
190	45	1
47	46	2
46	49	3
46	162	2
47	49	1
47	50	2
47	62	1
108	47	1
48	50	1
51	48	3
48	185	1
177	48	3
49	51	2
49	115	2
49	56	3
155	49	2
52	50	2
53	50	2
51	53	3
51	54	3
117	51	2
54	52	1
169	52	2
190	52	1
52	180	3
53	54	2
53	56	2
184	53	3
54	55	3
54	57	1
54	61	3
64	54	2
67	54	2
56	55	2
55	57	3
55	93	2
55	118	2
55	165	1
56	57	1
56	59	1
123	56	3
58	57	1
57	60	2
127	57	3
57	79	1
58	59	3
61	58	2
58	72	1
61	59	2
59	62	3
59	192	2
80	59	2
126	59	3
61	60	1
60	62	1
60	63	3
63	61	1
61	182	2
183	61	3
62	63	1
62	65	2
89	62	1
63	65	1
81	63	3
63	110	1
63	196	3
66	64	2
112	64	2
65	66	2
68	65	3
104	65	2
67	66	2
66	68	2
69	66	2
177	66	1
69	67	1
123	67	2
68	69	1
68	70	1
69	70	2
72	69	3
119	69	1
70	71	3
72	70	1
70	73	2
70	158	2
73	71	1
143	71	2
151	71	1
71	158	3
72	74	3
73	74	3
73	76	3
73	123	1
75	74	1
77	74	1
74	167	1
76	75	3
78	75	3
75	172	1
77	76	1
76	78	2
79	76	2
77	78	1
77	79	1
77	80	3
78	80	1
78	180	3
78	195	3
80	79	1
82	79	3
82	80	2
83	80	3
80	193	2
82	81	3
81	83	3
81	84	2
83	82	3
84	82	3
194	82	2
85	83	1
185	83	2
83	189	2
84	85	3
84	87	3
84	94	1
84	91	1
151	84	2
85	86	3
85	87	2
85	88	1
85	132	1
87	86	2
89	86	1
86	142	2
87	88	3
87	89	2
87	90	2
89	88	3
91	88	1
88	141	1
90	88	2
88	191	1
91	89	1
92	89	2
89	169	2
89	170	3
90	91	2
93	90	2
93	91	3
93	92	3
92	94	1
95	92	3
93	95	2
93	96	2
93	144	3
96	94	3
94	97	1
94	137	3
196	94	3
95	96	3
95	97	3
100	95	2
96	97	1
99	96	2
112	96	1
96	113	3
96	162	2
99	97	3
100	98	2
98	151	3
98	185	1
99	100	2
101	99	2
99	102	3
101	100	3
103	100	3
100	115	3
101	102	3
104	101	3
138	101	3
103	102	3
102	104	2
159	102	3
104	103	3
105	103	1
103	198	2
173	103	3
105	104	1
104	107	1
151	104	3
168	104	2
105	107	2
105	108	1
105	117	3
107	106	1
108	106	3
107	108	2
107	109	3
107	110	1
107	117	2
195	107	2
109	108	2
111	108	2
144	108	3
108	152	1
154	108	3
111	109	3
112	109	2
116	109	3
141	109	2
143	109	3
111	110	3
110	112	2
110	197	1
111	112	2
113	111	3
114	111	2
112	113	3
112	114	1
115	112	3
140	112	1
113	114	3
116	113	1
113	129	3
134	113	2
149	113	1
113	181	2
116	114	2
116	115	3
115	118	1
116	118	3
117	119	3
171	117	3
120	118	2
121	118	2
120	119	2
122	119	1
195	119	3
120	122	2
120	123	2
189	120	2
121	122	1
121	123	2
124	121	1
121	186	2
123	122	2
122	125	2
122	133	1
125	123	3
161	123	3
125	124	1
124	126	2
124	127	3
125	127	3
128	125	2
125	177	2
126	127	1
126	128	3
126	156	2
128	127	3
127	129	3
127	193	2
130	128	1
128	188	1
128	184	2
128	145	3
131	129	1
129	144	1
130	131	2
133	130	1
192	130	2
131	133	3
131	192	2
131	146	3
131	136	3
132	134	3
132	135	3
134	133	3
136	133	1
134	136	1
164	134	2
136	135	3
138	135	3
136	138	1
139	136	3
137	138	3
137	139	2
140	137	2
138	139	2
138	141	1
138	180	1
160	138	1
141	139	3
142	139	1
182	139	2
142	140	2
140	155	3
143	141	3
141	144	3
141	178	2
142	144	3
145	142	1
143	145	2
143	146	1
146	144	2
147	145	1
145	148	1
147	146	2
149	146	2
146	184	2
147	148	3
147	149	3
150	147	2
148	149	1
148	151	3
148	179	2
149	150	3
151	149	2
151	150	2
150	152	3
153	150	3
152	151	3
151	153	2
152	154	1
155	152	1
152	159	1
154	153	2
153	155	2
156	153	3
153	172	2
155	154	3
154	156	2
155	157	2
155	185	2
158	156	2
159	157	1
157	160	3
157	187	2
158	160	2
161	159	2
162	159	2
159	189	2
160	162	3
160	163	3
161	163	3
161	164	3
163	162	1
165	162	2
163	165	2
163	185	3
164	166	2
180	164	1
167	165	1
168	165	3
167	166	1
168	166	2
166	169	3
167	168	3
167	170	1
167	197	1
169	168	2
171	168	2
171	169	2
169	172	1
170	171	3
170	172	2
171	172	3
174	171	1
172	174	2
172	175	1
173	175	3
176	173	2
176	174	3
177	174	2
175	176	3
178	175	2
194	175	3
177	176	2
176	178	1
176	179	2
177	179	1
178	180	2
180	179	1
182	179	1
180	182	2
183	181	3
181	184	2
182	183	1
185	182	2
183	184	1
183	185	2
186	183	3
184	185	2
184	187	2
186	185	3
185	187	3
188	186	3
189	186	2
188	187	2
190	187	1
188	189	3
188	190	1
191	188	2
191	189	2
191	190	2
190	193	3
193	191	3
191	194	3
193	192	1
192	194	2
193	194	1
193	196	3
196	194	2
197	194	1
195	197	3
196	198	3
199	197	2
199	198	2
